,Unnamed: 0,index,icao24,callsign,latitude,longitude,groundspeed,altitude,cos_sza,flight_id,air_temperature,eastward_wind,northward_wind,true_airspeed,aircraft_mass,engine_efficiency,fuel_flow,fuel_burn,thrust,rocd,specific_humidity_emissions,air_pressure,rhi_emissions,fuel_flow_per_engine,thrust_setting,flight_phase,WAR,engine_model,SAF,LHV,ei_h2o,ei_co2_conservative,ei_co2_optimistic,W3_no_water_injection,water_injection_kg_s,mach,thrust_per_engine,ei_nox_py,ei_nvpm_mass_py,ei_nvpm_number_py,PT3,TT3,TT4,specific_humidity_gsp,FAR,fuel_flow_gsp,thrust_gsp,W3,W3_no_specific_humid,WAR_gsp,thrust_setting_meem,nvpm_ei_n,ei_mass_meem,ei_number_meem,ei_nox,nvpm_ei_m,ei_co2,wingspan,time,issr_specific_humidity,issr_rhi,issr_issr,cocip_waypoint,cocip_level,cocip_specific_humidity,cocip_u_wind,cocip_v_wind,cocip_rhi,cocip_tau_cirrus,cocip_specific_cloud_ice_water_content,cocip_rho_air,cocip_sdr,cocip_segment_length,cocip_sin_a,cocip_cos_a,cocip_G,cocip_T_sat_liquid,cocip_rh,cocip_rh_critical_sac,cocip_sac,cocip_T_critical_sac,cocip_width,cocip_depth,cocip_rhi_1,cocip_air_temperature_1,cocip_specific_humidity_1,cocip_altitude_1,cocip_persistent_1,cocip_dT_dz,cocip_ds_dz,cocip_dz_max,cocip_rho_air_1,cocip_iwc_1,cocip_n_ice_per_m_1,cocip_ef,cocip_contrail_age,cocip_global_yearly_mean_rf,cocip_atr20,cocip_sdr_mean,cocip_sdr_min,cocip_sdr_max,cocip_rsr_mean,cocip_rsr_min,cocip_rsr_max,cocip_olr_mean,cocip_olr_min,cocip_olr_max,cocip_rf_sw_mean,cocip_rf_sw_min,cocip_rf_sw_max,cocip_rf_lw_mean,cocip_rf_lw_min,cocip_rf_lw_max,cocip_rf_net_mean,cocip_rf_net_min,cocip_rf_net_max,cocip_cocip,cocip_mean_contrail_altitude,cocip_mean_rhi,cocip_std_rhi,cocip_mean_n_ice_per_m,cocip_std_n_ice_per_m,cocip_mean_r_ice_vol,cocip_mean_width,cocip_mean_depth,cocip_mean_tau_contrail,cocip_mean_tau_cirrus,cocip_max_age,cocip_mean_rf_sw,cocip_mean_rf_lw,cocip_mean_rf_net,cocip_mean_olr,cocip_mean_sdr,cocip_mean_rsr,cocip_contrail_length,cocip_persistent_contrail_length,accf_issr_specific_humidity,accf_issr_potential_vorticity,accf_issr_geopotential,accf_issr_relative_humidity,accf_issr_olr,accf_issr_pcfa,accf_issr_issr,accf_issr_sac,accf_issr_aCCF_CH4,accf_issr_aCCF_O3,accf_issr_aCCF_H2O,accf_issr_aCCF_nCont,accf_issr_aCCF_dCont,accf_issr_aCCF_Cont,accf_issr_aCCF_CO2,accf_issr_aCCF_merged,accf_issr_aCCF_NOx,accf_issr_Fin,accf_issr_nox_impact,accf_issr_co2_impact,accf_issr_contrails_atr20,accf_sac_specific_humidity,accf_sac_potential_vorticity,accf_sac_geopotential,accf_sac_relative_humidity,accf_sac_olr,accf_sac_pcfa,accf_sac_issr,accf_sac_sac,accf_sac_aCCF_CH4,accf_sac_aCCF_O3,accf_sac_aCCF_H2O,accf_sac_aCCF_nCont,accf_sac_aCCF_dCont,accf_sac_aCCF_Cont,accf_sac_aCCF_CO2,accf_sac_aCCF_merged,accf_sac_aCCF_NOx,accf_sac_Fin,accf_sac_nox_impact,accf_sac_co2_impact,accf_sac_contrails_atr20
0,0,1,407463.0,BAW680,51.464630126953125,-0.5077465160472912,76.652222156,586.74,0.645554423357526,34610D,281.95166,4.6667576,6.9932947,101.83154530688115,69094.28183586389,0.283395506088227,1.099529611096676,73.59037823625688,131.6736860810356,1884.485981460828,0.0069390169827408,94472.02900687772,0.8548572645415542,0.6132531519688074,0.7709483131754152,climb,15,GTF2035_wi,0,43031,1.237,3.16,3.16,25.33352867643644,3.624239515746922,0.3025187023540445,65.8372646782282,16.063333322600858,23.90206031771399,1486909275541936.5,34.5060154625498,839.837265011876,1351.9039183321,0.693901698274,0.024228630375807,0.549764805548338,65.8368430405178,22.6907091742707,22.534342985598727,16.777084234650246,0.806716057642527,1158078548115551.5,,,0.0012299695521717183,1.8688875574744237e-05,3.16,35.8,2023-05-05 09:01:00,0.006939016982740829,0.8548572701796661,0.0,0,944.7202900687771,0.006939016982740829,4.6667576,6.9932947,0.8548572701796661,0.26779065,0.0,1.1672692259751067,863.0167882836694,6244.71057557348,-0.3973546157043629,-0.9176651401129052,6.13992189364261,246.07067251451718,0.9302932303236675,inf,0.0,242.30854335773657,,,,,,,,,,,,,,0.0,0 days 00:00:00,,,,,,,,,,,,,,,,,,,,,0.0,,,,,,,,,,,,,,,,,,0.0,0.0,0.006792491,4.156538e-07,5842.6064,0.9056625,-233.81909,0.0,0.0,0.9999999999999999,-9.486949220042324e-13,8.572104e-12,2.429775e-16,0.0,0.0,0.0,7.479999999999999e-16,1.0009528944105619e-13,7.623408611698963e-12,1108.1108920337313,6.185883536261641e-13,1.5593616906941945e-13,0.0,0.006792491,4.156538e-07,5842.6064,0.9056625,-233.81909,0.0,0.0,0.0,-9.486949220042324e-13,8.572104e-12,2.429775e-16,0.0,0.0,0.0,7.479999999999999e-16,1.0009528944105619e-13,7.623408611698963e-12,1108.1108920337313,6.185883536261641e-13,1.5593616906941945e-13,0.0
1,1,2,407463.0,BAW680,51.4423828125,-0.5900697450380221,127.582222112,1165.86,0.6469211983622122,34610D,278.3438,5.4282923,6.635098,129.85429907894198,69020.69145762763,0.3221973524047701,1.363548649589984,92.35999986789663,145.5853622409054,3299.1465075255805,0.005722285324243,88080.9851588033,0.8715788776543707,0.7696666655658053,1.0,climb,15,GTF2035_wi,0,43031,1.237,3.16,3.16,25.210768300799064,3.637352035659304,0.3882601144048275,72.79341702502056,20.519218361768075,36.28235538999999,1450000000000000.0,39.7564617727922,875.093851724868,1458.18524497439,0.572228532424,0.026682716313286,0.681774324794992,72.7926811204527,25.5511589146386,25.40577979377374,14.88925428477188,0.9374001015336688,1169406782700641.8,32.69865402343733,1887296412284396.5,0.0018405451587129955,2.483746684054771e-05,3.16,35.8,2023-05-05 09:02:00,0.005722285324243061,0.8715800894061299,0.0,1,880.8098515880331,0.005722285324243061,5.4282923,6.635098,0.8715800894061299,0.35805008,0.0,1.102409787145542,864.8436804053758,7487.371314157589,-0.9834465679946758,-0.18119836616121401,6.045952352947904,245.88366673732648,0.91627065569262,inf,0.0,241.8141045741707,,,,,,,,,,,,,,0.0,0 days 00:00:00,,,,,,,,,,,,,,,,,,,,,0.0,,,,,,,,,,,,,,,,,,0.0,0.0,0.005598767,4.6753735e-07,11513.14,0.8890303,-235.1024,0.0,0.0,1.0,-9.19881772893125e-13,7.7014315e-12,2.4697683e-16,0.0,0.0,0.0,7.479999999999999e-16,8.915512134312655e-14,6.781549577729527e-12,1108.4163730783098,1.021168257746431e-12,1.933795603237712e-13,0.0,0.005598767,4.6753735e-07,11513.14,0.8890303,-235.1024,0.0,0.0,0.0,-9.19881772893125e-13,7.7014315e-12,2.4697683e-16,0.0,0.0,0.0,7.479999999999999e-16,8.915512134312655e-14,6.781549577729527e-12,1108.4163730783098,1.021168257746431e-12,1.933795603237712e-13,0.0
2,2,3,407463.0,BAW680,51.3767720885196,-0.60943603515625,148.674444316,2179.32,0.6490198585630795,34610D,271.9006,7.7701063,5.9193482,151.2121214403436,68928.33145775973,0.3456009197542781,1.42008135465935,88.06853389738848,139.6635083329508,3225.024504942712,0.0036978146634818,77740.93610102212,0.8386007226937477,0.7339044491449039,1.0,climb,15,GTF2035_wi,0,43031,1.237,3.16,3.16,19.76307678312459,2.8913813223445324,0.4574448214049998,69.83149577210756,20.796499116517587,36.28235539,1450000000000000.0,39.4624975563162,883.70356466857,1540.73490811508,0.369781466348,0.0279320155712259,0.710040677329675,69.8317541664754,25.4203165367387,25.32666323006948,11.786134643547197,0.9677964315803412,1158568778503603.5,30.36117296370129,1786009993010084.5,0.002991324191687625,2.6695867495925644e-05,3.16,35.8,2023-05-05 09:03:00,0.0036978146634818413,0.8386005314918799,0.0,2,777.4093610102212,0.0036978146634818413,7.7701063,5.9193482,0.8386005314918799,0.4367549,3.2006534e-07,0.9960520844141563,867.6489996708023,9260.126126310186,-0.8537826424343427,0.5206296183255725,5.517439803792916,244.78115358187299,0.8284273971313522,inf,0.0,239.3139386719826,,,,,,,,,,,,,,0.0,0 days 00:00:00,,,,,,,,,,,,,,,,,,,,,0.0,,,,,,,,,,,,,,,,,,0.0,0.0,0.0036190096,4.9569934e-07,21417.906,0.80763733,-236.27284,0.0,0.0,0.9999999999999999,-8.696310456585064e-13,6.2961897e-12,2.4914765e-16,0.0,0.0,0.0,7.480000000000001e-16,7.15424085278443e-14,5.42655852833208e-12,1109.317283277575,1.3830963982885255e-12,2.0139707378287278e-13,0.0,0.0036190096,4.9569934e-07,21417.906,0.80763733,-236.27284,0.0,0.0,0.0,-8.696310456585064e-13,6.2961897e-12,2.4914765e-16,0.0,0.0,0.0,7.480000000000001e-16,7.15424085278443e-14,5.42655852833208e-12,1109.317283277575,1.3830963982885255e-12,2.0139707378287278e-13,0.0
3,3,4,407463.0,BAW680,51.306060791015625,-0.5404828045819272,162.564444304,3169.92,0.6517876566470916,34610D,265.4678,8.028721,5.8849,178.61473701950462,68840.26292386235,0.396604800042858,0.916747569548162,70.80755496426966,87.593500749726,1314.6735763947386,0.0023647591106723,68606.54157738572,0.818449103693371,0.5900629580355805,0.8468928351296465,climb,15,GTF2035_wi,0,43031,1.237,3.16,3.16,23.577057273522986,3.48080453003804,0.5468504270183401,43.79745599742471,17.14361993681236,30.030234015278083,1543929119420542.0,30.0136546841474,835.704048343126,1304.00513134458,0.236475911067,0.0231311365552155,0.458373784774081,43.796750374863,19.8163105249893,19.769560277209784,17.843364892056293,0.7912134338709489,874175656830112.5,29.3191558104622,1675722035932389.0,0.0011483068624896105,1.4005185534317072e-05,3.16,35.8,2023-05-05 09:04:00,0.0023647591106723894,0.8184495491697165,0.0,3,686.0654157738572,0.0023647591106723894,8.028721,5.8849,0.8184495491697165,0.4925849,2.0799654e-07,0.9003183986903336,871.3488606989903,11144.044635122638,-0.8974772760506166,0.441060697606084,5.2746801920027035,244.24298950434232,0.7594212462317229,inf,0.0,237.99406689269026,,,,,,,,,,,,,,0.0,0 days 00:00:00,,,,,,,,,,,,,,,,,,,,,0.0,,,,,,,,,,,,,,,,,,0.0,0.0,0.0023149743,6.543092e-07,31087.982,0.7696851,-236.85744,0.0,0.0,1.0,-8.205332367920802e-13,5.0822853e-12,2.6137385e-16,0.0,0.0,0.0,7.480000000000001e-16,5.641215152647649e-14,4.261752129167715e-12,1110.2882301786276,2.691827122358975e-13,1.3001387371137598e-13,0.0,0.0023149743,6.543092e-07,31087.982,0.7696851,-236.85744,0.0,0.0,0.0,-8.205332367920802e-13,5.0822853e-12,2.6137385e-16,0.0,0.0,0.0,7.480000000000001e-16,5.641215152647649e-14,4.261752129167715e-12,1110.2882301786276,2.691827122358975e-13,1.3001387371137598e-13,0.0
4,4,5,407463.0,BAW680,51.216156005859375,-0.469962455130883,203.719999824,3573.78,0.6546833699845718,34610D,262.84833,8.672045,6.1959424,199.78514427380043,68769.45536889808,0.4036840690879945,1.28451738860189,81.14525294870174,111.6862851091318,2725.967335894494,0.0018678268750855,65141.597694892014,0.7731614806719522,0.6762104412391812,1.0,climb,15,GTF2035_wi,0,43031,1.237,3.16,3.16,19.42165265869348,2.8769716140095385,0.6147064931216591,55.843644214480406,20.806074053412978,36.28235539,1450000000000000.0,36.6650700954067,880.418455052089,1506.12174603569,0.186782687509,0.0270693569990432,0.642258694300945,55.8431425545659,23.7264111712608,23.682176964665665,12.33503923631335,0.9562863469643424,1010799917269141.4,30.537536511965943,1610813225356346.5,0.0027629018861257183,2.2592228305264024e-05,3.16,35.8,2023-05-05 09:05:00,0.0018678268750855038,0.7731618059714369,0.0,4,651.4159769489202,0.0018678268750855038,8.672045,6.1959424,0.7731618059714369,0.57023114,3.6160847e-07,0.8633673736444798,875.2197239213523,12591.815562360232,-0.88754484275893,0.4607213388720196,5.065573708302464,243.76151821191115,0.6992374127259415,inf,0.0,236.95845940744078,,,,,,,,,,,,,,0.0,0 days 00:00:00,,,,,,,,,,,,,,,,,,,,,0.0,,,,,,,,,,,,,,,,,,0.0,0.0,0.0018303148,6.0571335e-07,35009.355,0.7359955,-238.04,0.0,0.0,1.0000000000000002,-8.008077017591428e-13,4.6341355e-12,2.5762788e-16,0.0,0.0,0.0,7.480000000000002e-16,5.083888830085417e-14,3.833327723952565e-12,1111.5198619930366,8.162677741577404e-13,1.8217128366543095e-13,0.0,0.0018303148,6.0571335e-07,35009.355,0.7359955,-238.04,0.0,0.0,0.0,-8.008077017591428e-13,4.6341355e-12,2.5762788e-16,0.0,0.0,0.0,7.480000000000002e-16,5.083888830085417e-14,3.833327723952565e-12,1111.5198619930366,8.162677741577404e-13,1.8217128366543095e-13,0.0
5,5,6,407463.0,BAW680,51.11584679555085,-0.3870391845703125,211.436666484,4411.9800000000005,0.6577293261646363,34610D,256.96146,10.062511,6.499926,220.0488140404532,68688.31011594938,0.432782966530062,0.908898753290888,71.44543461143817,76.9215582998374,1460.0834327599457,0.0011948289353294,58401.6359568902,0.7578570621770111,0.5953786217619847,0.9176371836402354,climb,15,GTF2035_wi,0,43031,1.237,3.16,3.16,20.54438994988577,3.057111460912051,0.6847660901349644,38.460685668612335,18.70085575121456,34.69911685136016,1473785878880785.5,29.3154830525894,840.758450155244,1337.03532315397,0.119482893533,0.023326008738137,0.454449376645444,38.4607791499187,19.482517637166,19.45926714172476,15.82979427703289,0.8101676825154505,840836635492864.1,29.86041696521797,1519865148970327.2,0.0014471075565322743,1.3590541914533152e-05,3.16,35.8,2023-05-05 09:06:00,0.0011948289353294185,0.7578569239359828,0.0,5,584.016359568902,0.0011948289353294185,10.062511,6.499926,0.7578569239359828,0.6341614,8.195311e-07,0.7917707803640369,879.291438002765,13209.052642457104,-0.8883960114481767,0.4590779093388955,4.771672413089362,243.054115287208,0.6468671326118673,inf,0.0,235.85564921380475,,,,,,,,,,,,,,0.0,0 days 00:00:00,,,,,,,,,,,,,,,,,,,,,0.0,,,,,,,,,,,,,,,,,,0.0,0.0,0.0011703683,6.12544e-07,43226.15,0.7229481,-239.64519,0.0,0.0,1.0,-7.591047277332103e-13,3.768933e-12,2.5815444e-16,0.0,0.0,0.0,7.48e-16,4.0133922962427876e-14,3.0098283480687697e-12,1112.8887347119476,2.375249841122594e-13,1.2890074831071638e-13,0.0,0.0011703683,6.12544e-07,43226.15,0.7229481,-239.64519,0.0,0.0,0.0,-7.591047277332103e-13,3.768933e-12,2.5815444e-16,0.0,0.0,0.0,7.48e-16,4.0133922962427876e-14,3.0098283480687697e-12,1112.8887347119476,2.375249841122594e-13,1.2890074831071638e-13,0.0
6,6,7,407463.0,BAW680,51.010345458984375,-0.3004166886613006,233.557777576,4861.56,0.6608290388108642,34610D,253.84204,11.00037,6.371188,237.3290288080861,68616.86468133795,0.44455480254707974,1.013037373957986,76.18571752794958,81.6547307601352,1952.3224424842308,0.0009209860273574,55026.440867802725,0.7386412897275165,0.6348809793995798,1.0,climb,15,GTF2035_wi,0,43031,1.237,3.16,3.16,19.43289611676424,2.8970369917200065,0.7430641195873594,40.82770853164188,20.78380303730236,36.28235538999999,1450000000000000.0,31.2737048310864,856.216419620285,1399.99452522317,0.0920986027357,0.0245508739204911,0.506518686978993,40.8273653800676,20.6313913150046,20.61240757563724,14.14691961813303,0.868033420205292,896161598338344.1,30.72045751855377,1456422730198525.2,0.001917075430115561,1.557962154788941e-05,3.16,35.8,2023-05-05 09:07:00,0.0009209860273574877,0.73864110493929,0.0,6,550.2644086780273,0.0009209860273574877,11.00037,6.371188,0.73864110493929,0.66494715,1.100775e-06,0.7551797272919163,883.4350140900611,14441.476617147115,-0.8882530904374696,0.4593543809830104,4.590104691961382,242.59753912121255,0.611366745970076,inf,0.0,235.15795774677954,,,,,,,,,,,,,,0.0,0 days 00:00:00,,,,,,,,,,,,,,,,,,,,,0.0,,,,,,,,,,,,,,,,,,0.0,0.0,0.00090273423,6.040577e-07,47566.18,0.72059524,-242.07198,0.0,0.0,1.0,-7.371874323645394e-13,3.3532686e-12,2.575003e-16,0.0,0.0,0.0,7.48e-16,3.501455448865643e-14,2.6160810924470697e-12,1114.3284619412846,3.048366087919404e-13,1.4366977080462077e-13,0.0,0.00090273423,6.040577e-07,47566.18,0.72059524,-242.07198,0.0,0.0,0.0,-7.371874323645394e-13,3.3532686e-12,2.575003e-16,0.0,0.0,0.0,7.48e-16,3.501455448865643e-14,2.6160810924470697e-12,1114.3284619412846,3.048366087919404e-13,1.4366977080462077e-13,0.0
7,7,8,407463.0,BAW680,50.89504953158104,-0.2059173583984375,245.389999788,5463.54,0.6640423382204919,34610D,249.49815,12.035559,5.8081293,250.71700762997,68540.67896380999,0.4593626943503328,0.926207355905546,70.37520760629256,73.0233228787008,1528.684373059068,0.0006619864598187,50756.176244006965,0.7467758323764443,0.5864600633857714,0.9596993494819912,climb,15,GTF2035_wi,0,43031,1.237,3.16,3.16,19.76264693316761,2.9513144352952048,0.7917851009784541,36.51166721042165,19.46274354069348,36.28235539,1450000000000000.0,29.4288190160142,848.635268610183,1360.40054664886,0.0661986459819,0.0237631622425165,0.463103677952773,36.5116614393504,19.4883018188631,19.47540936156632,15.220254617300588,0.8394118815545953,838244022351682.4,30.315646735148523,1393138500441819.5,0.0016110555676292857,1.3720003605447882e-05,3.16,35.8,2023-05-05 09:08:00,0.0006619864598187839,0.7467758805614338,0.0,7,507.56176244006963,0.0006619864598187839,12.035559,5.8081293,0.7467758805614338,0.5122722,1.2450985e-06,0.7087025832916284,887.7304367320588,15212.014781554939,-0.8893115744758581,0.4573017860267661,4.348888923045609,241.96555284407614,0.5921300217845972,inf,0.0,234.4317944440757,,,,,,,,,,,,,,0.0,0 days 00:00:00,,,,,,,,,,,,,,,,,,,,,0.0,,,,,,,,,,,,,,,,,,0.0,0.0,0.0006476171,5.4625815e-07,53459.844,0.72470796,-243.79672,0.0,0.0,1.0,-7.072836495331855e-13,2.8592998e-12,2.530449e-16,0.0,0.0,0.0,7.479999999999999e-16,2.8977255831554993e-14,2.152016225369671e-12,1115.8929440429758,1.9267063900306736e-13,1.3135546818040925e-13,0.0,0.0006476171,5.4625815e-07,53459.844,0.72470796,-243.79672,0.0,0.0,0.0,-7.072836495331855e-13,2.8592998e-12,2.530449e-16,0.0,0.0,0.0,7.479999999999999e-16,2.8977255831554993e-14,2.152016225369671e-12,1115.8929440429758,1.9267063900306736e-13,1.3135546818040925e-13,0.0
8,8,9,407463.0,BAW680,50.77340853416313,-0.1070404052734375,261.852221996,5935.9800000000005,0.6673216620890841,34610D,245.79865,12.838692,5.345521,262.0571586264794,68470.3037562037,0.470137565886542,0.963449457603574,72.63113056243405,74.3771104444634,1622.3321923700485,0.0005238339486255,47596.28928252322,0.8031555214340124,0.6052594213536171,1.0,climb,15,GTF2035_wi,0,43031,1.237,3.16,3.16,19.897869132721915,2.97425719055126,0.8338030340010302,37.188663308242376,20.55496909831133,36.28235539,1450000000000000.0,30.1103178486331,855.348170699402,1379.91046918775,0.0523833948626,0.0243154230677681,0.481724728801787,37.1885552222317,19.8114886777499,19.80111618087368,15.07303760133682,0.8647345578906319,843779305146503.2,30.256635576007767,1341181231794020.2,0.0016986634793576816,1.4521380950958384e-05,3.16,35.8,2023-05-05 09:09:00,0.0005238339486255249,0.8031559783153362,0.0,8,475.96289282523225,0.0005238339486255249,12.838692,5.345521,0.8031559783153362,0.31492022,1.0651268e-06,0.6745840228450728,892.114121738261,16064.88552763422,-0.8897878447223443,0.4563743982569195,4.1605779993039365,241.45021151461543,0.6139416620280951,inf,0.0,234.11246926098212,,,,,,,,,,,,,,0.0,0 days 00:00:00,,,,,,,,,,,,,,,,,,,,,0.0,,,,,,,,,,,,,,,,,,0.0,0.0,0.0005116802,3.7615922e-07,58099.367,0.7791937,-245.68782,0.0,0.0,0.9999999999999998,-6.837644385288311e-13,2.505431e-12,2.399331e-16,0.0,0.0,0.0,7.48e-16,2.4669596879701372e-14,1.8216664441893848e-12,1117.5425977858729,1.7887777953064645e-13,1.3663717283690497e-13,0.0,0.0005116802,3.7615922e-07,58099.367,0.7791937,-245.68782,0.0,0.0,0.0,-6.837644385288311e-13,2.505431e-12,2.399331e-16,0.0,0.0,0.0,7.48e-16,2.4669596879701372e-14,1.8216664441893848e-12,1117.5425977858729,1.7887777953064645e-13,1.3663717283690497e-13,0.0
9,9,10,407463.0,BAW680,50.6448778055482,-0.0031177417652088,273.684444208,6438.900000000001,0.6706752214529463,34610D,241.74983,13.357553,4.9336004,271.7385514519996,68397.67262564127,0.47714697323710853,0.996005094383816,72.47738939819261,75.2564825599026,1688.8196727902714,0.0003966605367912,44409.53957525199,0.8629570843327741,0.6039782449849385,1.0,climb,15,GTF2035_wi,0,43031,1.237,3.16,3.16,19.150182624129737,2.8649312719001228,0.8718170628368631,37.62819789805397,20.441781208057417,36.28235539,1450000000000000.0,30.4448831226892,859.779167695057,1407.58433251308,0.0396660536791,0.0249524210248011,0.498002547191908,37.6282412799513,19.9580852974918,19.950171851616066,14.400100105118376,0.8812389902775303,855885864116758.2,29.8169017532564,1291872472188838.5,0.0018843089462461991,1.548500085199268e-05,3.16,35.8,2023-05-05 09:10:00,0.0003966605367912497,0.8629568990101506,0.0,9,444.0953957525199,0.0003966605367912497,13.357553,4.9336004,0.8629568990101506,0.24142168,1.2861042e-06,0.6399595760146765,896.5970460014751,16696.494033359326,-0.8904087613594637,0.4551617709060216,3.933622929277072,240.80092085550055,0.6337303402154368,inf,0.0,233.65791836000315,,,,,,,,,,,,,,0.0,0 days 00:00:00,,,,,,,,,,,,,,,,,,,,,0.0,,,,,,,,,,,,,,,,,,0.0,0.0,0.00038773887,2.4067756e-07,62943.25,0.8338167,-247.4032,0.0,0.0,1.0000000000000002,-6.591526592054169e-13,2.1565189e-12,2.2948973e-16,0.0,0.0,0.0,7.48e-16,2.0443250031104408e-14,1.4973661766790433e-12,1119.27673868583,1.686137312639455e-13,1.4125423928958832e-13,0.0,0.00038773887,2.4067756e-07,62943.25,0.8338167,-247.4032,0.0,0.0,0.0,-6.591526592054169e-13,2.1565189e-12,2.2948973e-16,0.0,0.0,0.0,7.48e-16,2.0443250031104408e-14,1.4973661766790433e-12,1119.27673868583,1.686137312639455e-13,1.4125423928958832e-13,0.0
10,10,11,407463.0,BAW680,50.51119995117188,0.1042978387129934,281.401110868,6964.68,0.6740803783546541,34610D,237.16687,13.460658,5.20451,279.470466106158,68325.19523624307,0.4861036765865383,0.939731224190936,70.82515069073877,70.3360674110418,1389.0945825280296,0.0002785159789882,41264.94385678997,0.9206665113453344,0.5902095890894897,1.0,climb,15,GTF2035_wi,0,43031,1.237,3.16,3.16,18.939761639103235,2.835689219610768,0.905244988250254,35.167949806064435,20.36771105233736,36.28235539,1450000000000000.0,29.1486460193363,851.795283237511,1384.99425946725,0.0278515978988,0.0244814547342515,0.469865612095468,35.1680337055209,19.1927161680507,19.18737217830425,14.806786374684815,0.8512975830838625,860625796363456.1,28.988751818196672,1246331791894648.0,0.0017264853531105077,1.4204586858941737e-05,3.16,35.8,2023-05-05 09:11:00,0.00027851597898821543,0.920667137625572,0.0,10,412.6494385678998,0.00027851597898821543,13.460658,5.20451,0.920667137625572,0.22905448,3.1647837e-06,0.6061354510252382,901.1489457120364,17155.16553419315,-0.8915961433016756,0.45283144463428987,3.718412673023183,240.15383116870277,0.6461213125469615,0.9521815046941463,0.0,233.1512126320673,,,,,,,,,,,,,,0.0,0 days 00:00:00,,,,,,,,,,,,,,,,,,,,,0.0,,,,,,,,,,,,,,,,,,0.0,0.0,0.0002726736,2.9831222e-07,68055.766,0.8728252,-247.91847,0.0,0.0,1.0,-6.331077616243927e-13,1.8443632e-12,2.3393242e-16,0.0,0.0,0.0,7.48e-16,1.6728254515632573e-14,1.2112555466250563e-12,1121.0782522139032,1.17910799671312e-13,1.332734339997379e-13,0.0,0.0002726736,2.9831222e-07,68055.766,0.8728252,-247.91847,0.0,0.0,0.0,-6.331077616243927e-13,1.8443632e-12,2.3393242e-16,0.0,0.0,0.0,7.48e-16,1.6728254515632573e-14,1.2112555466250563e-12,1121.0782522139032,1.17910799671312e-13,1.332734339997379e-13,0.0
11,11,12,407463.0,BAW680,50.37364196777344,0.2137997275904605,291.689999748,7399.02,0.6775186466182135,34610D,233.60066,13.523927,5.893905,287.1350849208982,68254.37008555233,0.49491692534802667,0.929251866811528,70.48966390155425,68.92248463636,1571.850251734334,0.0002032085602554,38805.46129804407,0.9386177229971038,0.5874138658462854,1.0,climb,15,GTF2035_wi,0,43031,1.237,3.16,3.16,19.48060310068209,2.918131839793316,0.937144290832943,34.46073881772497,20.26793456211088,36.28235539,1450000000000000.0,28.8885582606819,851.788796279137,1376.95799820771,0.0203208560255,0.0245144016697707,0.464625933405764,34.46124231818,18.9531826909202,18.949332024441716,15.419976295221902,0.8512731715559088,853237877625922.6,28.57274339543176,1206071039065034.2,0.0016050161095702365,1.4081566027482353e-05,3.16,35.8,2023-05-05 09:12:00,0.0002032085602554667,0.9386181883904784,0.0,11,388.0546129804407,0.0002032085602554667,13.523927,5.893905,0.9386181883904784,0.21072733,6.6337866e-06,0.5787103289072493,905.7451074371808,17650.080035636038,-0.891739264340711,0.4525495380984137,3.55757176102063,239.6481993029545,0.6358954921652927,0.7517484349360976,0.0,232.60192258673578,,,,,,,,,,,,,,0.0,0 days 00:00:00,,,,,,,,,,,,,,,,,,,,,0.0,,,,,,,,,,,,,,,,,,0.0,0.0,0.00019971361,6.8723733e-07,72253.14,0.85865223,-248.38634,0.0,0.0,1.0000000000000002,-6.117158168318863e-13,1.6516844e-12,2.6391204e-16,0.0,0.0,0.0,7.480000000000001e-16,1.4531503699944423e-14,1.0399685888494283e-12,1122.9212671634457,9.3064556167013e-14,1.3178724315270437e-13,0.0,0.00019971361,6.8723733e-07,72253.14,0.85865223,-248.38634,0.0,0.0,0.23890774039118579,-6.117158168318863e-13,1.6516844e-12,2.6391204e-16,0.0,0.0,0.0,7.480000000000001e-16,1.4531503699944423e-14,1.0399685888494283e-12,1122.9212671634457,9.3064556167013e-14,1.3178724315270437e-13,0.0
12,12,13,407463.0,BAW680,50.23210144042969,0.3260481984991776,294.776666412,7891.780000000001,0.6809951077256364,34610D,230.08847,13.780705,7.2668114,292.756013527877,68183.88042165079,0.49009416071047973,1.028320241472032,69.95991811673825,74.0770240353818,2127.1786717650284,0.0001302972001527,36160.30401787475,0.8382906365674766,0.5829993176394854,1.0,climb,15,GTF2035_wi,0,43031,1.237,3.16,3.16,17.032301204549928,2.552625919523378,0.962754572822631,37.03887813737024,20.07381040242253,36.28235539,1450000000000000.0,29.987187289569,864.284812026494,1463.25666652367,0.0130297200153,0.0263404448354491,0.514160120736016,37.0385120176909,19.5197964175631,19.517253374093784,13.09184706483493,0.8976283496081311,900297528589362.1,27.46864638868466,1169689643304067.0,0.0022746802851183936,1.7094147971203242e-05,3.16,35.8,2023-05-05 09:13:00,0.000130297200152768,0.8382919531128109,0.0,12,361.60304017874756,0.000130297200152768,13.780705,7.2668114,0.8382919531128109,0.17432977,7.855186e-06,0.5474943802617104,910.3923243405884,17525.0451664133,-0.8897048010759584,0.4565362712232065,3.283510529096709,238.73805812802382,0.5485763610911983,0.3619342162220268,1.0,231.14669708278268,28.117254249628648,47.88576139531077,0.8490345807613445,230.2415,0.00013387001602215134,7867.837119302345,0.0,0.003845777348588797,0.0030319886,95.77152279062155,,,,0.0,0 days 00:00:00,,,,,,,,,,,,,,,,,,,,,0.0,,,,,,,,,,,,,,,,,,17525.0451664133,0.0,0.00012777564,1.649524e-06,76986.93,0.7427101,-249.32472,0.0,0.0,1.0,-5.875070261186104e-13,1.5036774e-12,3.380883e-16,0.0,0.0,0.0,7.480000000000001e-16,1.2996303701296997e-14,9.161704148510482e-13,1124.8151237496365,1.2858084095278776e-13,1.4583719930175678e-13,0.0,0.00012777564,1.649524e-06,76986.93,0.7427101,-249.32472,0.0,0.0,0.7679391964250487,-5.875070261186104e-13,1.5036774e-12,3.380883e-16,0.0,0.0,0.0,7.480000000000001e-16,1.2996303701296997e-14,9.161704148510482e-13,1124.8151237496365,1.2858084095278776e-13,1.4583719930175678e-13,0.0
13,13,14,407463.0,BAW680,50.09193032474841,0.4381169499577703,291.689999748,8557.26,0.6844532946121108,34610D,227.22043,16.038475,10.232369,293.49401617387883,68113.92050353404,0.5020941283471201,0.829697513200458,62.57057941047172,61.0783250158418,1176.2883578018932,4.039879298231515e-05,32821.58172593669,0.3305983978507886,0.5214214950872643,0.9852405578937844,climb,15,GTF2035_wi,0,43031,1.237,3.16,3.16,17.450279188536324,2.6168369080640272,0.9712539526181178,30.539304248996423,18.97666945662002,36.28235538999999,1450000000000000.0,25.8503299514986,842.931875171188,1367.93241423096,0.00403987929823,0.0243589111556689,0.414848756600229,30.5391625079209,17.0306773545452,17.029989363530415,15.370091214996432,0.8182111455203628,774141074889255.0,24.52061159413078,1141288433118890.0,0.0015151898033360092,1.255739533168618e-05,3.16,35.8,2023-05-05 09:14:00,4.039879298231515e-05,0.3305982904613036,0.0,13,328.215817259367,4.039879298231515e-05,16.038475,10.232369,0.3305982904613036,0.10830405,7.4500326e-06,0.5032161584397536,915.0151080671778,17582.349396929098,-0.7676272248473857,0.6408965935883115,3.0519324067683966,237.9149977482034,0.21031830625116127,0.0,1.0,228.63770245189184,28.117254249628648,40.236491315730866,0.33928102920930786,227.29114,4.1687074230932615e-05,8537.141754342134,0.0,0.008091445110021028,0.0044392957,80.47298263146173,,,,0.0,0 days 00:00:00,,,,,,,,,,,,,,,,,,,,,0.0,,,,,,,,,,,,,,,,,,17582.349396929098,0.0,5.8991165e-05,4.550987e-06,83462.13,0.43823016,-250.43242,0.0,0.0,1.0,-5.542378373661843e-13,1.4505963e-12,5.617427e-16,0.0,0.0,0.0,7.48e-16,1.2962402625975713e-14,8.963584524397368e-13,1126.6801707679886,6.761137932142827e-14,1.1766836508009953e-13,0.0,5.8991165e-05,4.550987e-06,83462.13,0.43823016,-250.43242,0.0,0.0,1.0,-5.542378373661843e-13,1.4505963e-12,5.617427e-16,0.0,0.0,0.0,7.48e-16,1.2962402625975713e-14,8.963584524397368e-13,1126.6801707679886,6.761137932142827e-14,1.1766836508009953e-13,0.0
14,14,15,407463.0,BAW680,49.970475536281775,0.5956371410472973,301.464444184,8923.02,0.6880909787789102,34610D,226.31537,18.58059,12.63941,293.1090322957002,68051.34992412357,0.49401623184412824,0.920003376028408,64.06272885308972,66.7241234060968,1655.3934052819632,2.407423082100265e-05,31095.75483227311,0.2079879465018011,0.5338560737757477,1.0,climb,15,GTF2035_wi,0,43031,1.237,3.16,3.16,16.25739484526486,2.438217842513676,0.97191741707294,33.362386319027465,19.139644748327715,36.28235538999999,1450000000000000.0,26.9310955888002,862.152126115432,1448.33692584493,0.0024074230821,0.0263516018494169,0.460001688014204,33.3620617030484,17.4563083733137,17.455888136233522,13.97028934054593,0.8898581659383005,806968596012927.1,22.765975315510204,1128141802160098.5,0.0019443639286921951,1.497784332515666e-05,3.16,35.8,2023-05-05 09:15:00,2.4074230821002652e-05,0.2079881461052666,0.0,14,310.95754832273116,2.4074230821002652e-05,18.58059,12.63941,0.2079881461052666,0.09601137,7.113391e-06,0.478662607917751,919.8778504581537,18179.193061850794,-0.7007589969467473,0.7133980853620149,2.845254084829451,237.1323696775068,0.13114477761380777,0.0,1.0,227.60266555285156,28.117254249628648,42.39196556056815,0.2102141722492938,226.38684,2.4464484869302198e-05,8901.824017219717,0.0,0.008676324987686996,0.0034750316,84.7839311211363,,,,0.0,0 days 00:00:00,,,,,,,,,,,,,,,,,,,,,0.0,,,,,,,,,,,,,,,,,,18179.193061850794,0.0,3.4455927e-05,6.149588e-06,86978.875,0.2704834,-252.09879,0.0,0.0,0.9999999999999998,-5.361679656799861e-13,1.4635754e-12,6.849683e-16,0.0,0.0,0.0,7.480000000000001e-16,1.3489264997021404e-14,9.274074393854913e-13,1128.2936516702532,9.953797525610024e-14,1.3047561479104968e-13,0.0,3.4455927e-05,6.149588e-06,86978.875,0.2704834,-252.09879,0.0,0.0,0.8343248543179989,-5.361679656799861e-13,1.4635754e-12,6.849683e-16,0.0,0.0,0.0,7.480000000000001e-16,1.3489264997021404e-14,9.274074393854913e-13,1128.2936516702532,9.953797525610024e-14,1.3047561479104968e-13,0.0
15,15,16,407463.0,BAW680,49.85581737453654,0.7764661634290541,299.921110852,9433.56,0.6918294404355534,34610D,225.31769,21.102287,14.190808,292.9009585133508,67987.28719527047,0.49602782685861285,0.851788210452128,60.35931608046979,62.0723676920736,1346.8232518284224,2.247748401378183e-05,28810.358425543698,0.2029271386133873,0.5029943006705816,1.0,climb,15,GTF2035_wi,0,43031,1.237,3.16,3.16,15.62992070189661,2.344136783991778,0.973375330194162,31.03647266026633,18.54407895002642,36.28235538999999,1450000000000000.0,25.0889212712425,860.104348736252,1436.50154781924,0.00224774840138,0.0262035488079328,0.425894105226064,31.0361838460368,16.2532986790373,16.252933353987657,14.425101352342626,0.8824198363319257,741857480700331.1,20.46668448553277,1108639777910621.2,0.0017868730294108106,1.3469323890954019e-05,3.16,35.8,2023-05-05 09:16:00,2.247748401378183e-05,0.20292725973818915,0.0,15,288.103584255437,2.247748401378183e-05,21.102287,14.190808,0.20292725973818915,0.054925915,8.204855e-06,0.4454467759900371,924.8753143589762,17970.930120859033,-0.7018968828484641,0.7122785732054626,2.6466593228231425,236.33145388602125,0.12670605179456992,0.0,1.0,226.85729433042408,28.117254249628648,45.07768354712153,0.20567971777807595,225.35045,2.2795478852183086e-05,9411.021158226438,0.0,0.01064081198125109,0.001794982,90.15536709424306,,,,0.0,0 days 00:00:00,,,,,,,,,,,,,,,,,,,,,0.0,,,,,,,,,,,,,,,,,,17970.930120859033,0.0,2.2159242e-05,6.9179964e-06,92048.77,0.1895337,-253.70807,0.0,0.0,1.0000000000000004,-5.100139872220696e-13,1.512362e-12,7.4419976e-16,0.0,0.0,0.0,7.479999999999999e-16,1.4522723375207067e-14,1.002347970085607e-12,1129.8093875178224,9.153666469586918e-14,1.2080128543688916e-13,0.0,2.2159242e-05,6.9179964e-06,92048.77,0.1895337,-253.70807,0.0,0.0,0.7233003580425653,-5.100139872220696e-13,1.512362e-12,7.4419976e-16,0.0,0.0,0.0,7.479999999999999e-16,1.4522723375207067e-14,1.002347970085607e-12,1129.8093875178224,9.153666469586918e-14,1.2080128543688916e-13,0.0
16,16,17,407463.0,BAW680,49.742276466498936,0.9545486037795607,301.464444184,9845.04,0.6955257476560819,34610D,224.61017,22.897398,14.461679,292.6689063740176,67926.92787919001,0.4937693147845066,0.835447556950098,57.39311217876722,60.6524215430702,1281.8373478593844,2.022015890011798e-05,27069.102982528122,0.1869142970566974,0.4782759348230601,1.0,climb,15,GTF2035_wi,0,43031,1.237,3.16,3.16,14.820267317674132,2.222740429491014,0.9741348767314,30.325474061446545,18.05799040998244,36.28235538999999,1450000000000000.0,24.2381523398617,865.129418358843,1455.31209376493,0.00202201589001,0.0267351895848187,0.417723778475049,30.3262107715351,15.6244928486406,15.624176925300484,14.228310159694209,0.9007224222599278,693470742098160.8,18.694454289763552,1092542850813275.2,0.0018465079415360035,1.3285707179458609e-05,3.16,35.8,2023-05-05 09:17:00,2.022015890011798e-05,0.18691436508496823,0.0,16,270.6910298252812,2.022015890011798e-05,22.897398,14.461679,0.18691436508496823,0.0033087134,4.6878998e-07,0.41984298061241365,929.8164205053688,18012.82382765709,-0.7034087205524026,0.7107856018876804,2.475600097821678,235.59777412878316,0.11590029716675485,0.0,1.0,226.14837604579327,28.117254249628648,42.006753140258716,0.18976548427761183,224.62779,2.050700268468839e-05,9824.03662342987,0.0,0.01276382168550299,0.004006996,84.01350628051743,,,,0.0,0 days 00:00:00,,,,,,,,,,,,,,,,,,,,,0.0,,,,,,,,,,,,,,,,,,18012.82382765709,0.0,2.0320691e-05,7.5184957e-06,96211.766,0.17620085,-253.09755,0.0,0.0,0.9999999999999999,-4.885043168264257e-13,1.571132e-12,7.9048826e-16,0.0,0.0,0.0,7.480000000000001e-16,1.5612647783334867e-14,1.0826276554552423e-12,1131.3096883565418,1.0020761837658358e-13,1.1848384088470847e-13,0.0,2.0320691e-05,7.5184957e-06,96211.766,0.17620085,-253.09755,0.0,0.0,0.9259838992316826,-4.885043168264257e-13,1.571132e-12,7.9048826e-16,0.0,0.0,0.0,7.480000000000001e-16,1.5612647783334867e-14,1.0826276554552423e-12,1131.3096883565418,1.0020761837658358e-13,1.1848384088470847e-13,0.0
17,17,18,407463.0,BAW680,49.62822348384534,1.132259884396115,300.94999974,10233.66,0.699206979831276,34610D,223.56888,23.625698,14.579514,292.4422437208343,67869.53476701124,0.4861137895677216,0.803350756379256,55.03760094693303,57.4624950401134,1036.9920821437338,1.6817019270025007e-05,25503.80254566048,0.1663875311166897,0.4586466745577752,1.0,climb,15,GTF2035_wi,0,43031,1.237,3.16,3.16,12.00394751847903,1.8003902571551198,0.9756446334561668,28.731213214055632,17.653635033977388,36.28235538999999,1449999999999999.8,22.8065366338292,861.409052134154,1493.94936964391,0.001681701927,0.0270689611152815,0.401675378189628,28.7312475200567,14.8389654290377,14.8387158860667,12.134741401827686,0.887158640373562,695963707774315.5,17.27093499579527,1054936476310020.8,0.002376508552773272,1.2815066865093816e-05,3.16,35.8,2023-05-05 09:18:00,1.681701927002501e-05,0.16638769575962412,0.0,17,255.03802545660488,1.681701927002501e-05,23.625698,14.579514,0.16638769575962412,8.3483756e-05,3.3159926e-09,0.3974074780354993,934.737370136479,17726.31855859731,-0.7045325334775714,0.709671691186618,2.2976918923476815,234.78552229275363,0.10212450617851342,0.0,1.0,225.3571340455779,28.117254249628648,44.15801154787115,0.16992200471618527,223.58316,1.7146005424906016e-05,10211.580994226064,0.0,0.012515822946889158,0.004683362,88.3160230957423,,,,0.0,0 days 00:00:00,,,,,,,,,,,,,,,,,,,,,0.0,,,,,,,,,,,,,,,,,,17726.31855859731,0.0,1.6676919e-05,8.313928e-06,99960.61,0.16048391,-248.61687,0.0,0.0,0.9999999999999999,-4.690977710090348e-13,1.6143115e-12,8.518029e-16,0.0,0.0,0.0,7.479999999999999e-16,1.648758257829636e-14,1.1452138211578544e-12,1132.807598732067,1.3118446836808717e-13,1.139318469503112e-13,0.0,1.6676919e-05,8.313928e-06,99960.61,0.16048391,-248.61687,0.0,0.0,0.9999999999999999,-4.690977710090348e-13,1.6143115e-12,8.518029e-16,0.0,0.0,0.0,7.479999999999999e-16,1.648758257829636e-14,1.1452138211578544e-12,1132.807598732067,1.3118446836808717e-13,1.139318469503112e-13,0.0
18,18,19,407463.0,BAW680,49.51579982951536,1.3064822635135136,295.291110856,10546.08,0.7028372023840516,34610D,222.82506,23.429205,14.126105,291.5187569884798,67814.4971660643,0.46803569644682447,0.630428433958078,43.82882328827782,43.554166338558,0.0,1.3136559554866844e-05,24299.29377393277,0.1357436286513961,0.3652401940689818,0.8664759697809052,cruise,15,GTF2035_wi,0,43031,1.237,3.16,3.16,12.017275496061345,1.8024334587539603,0.9741855638192642,21.77698009104343,14.461547112093376,36.28235539,1450000000000000.0,18.4790108822286,842.149319718495,1417.066943497,0.00131365595549,0.0262506490531027,0.315214216979039,21.777083169279,12.0078637423931,12.007706002448083,15.01195314351862,0.8153201912268175,597911024184966.2,11.86023834783622,793240115394527.6,0.0014234834344641844,9.686395219309553e-06,3.16,35.8,2023-05-05 09:19:00,1.3136559554866845e-05,0.13574357166908557,0.0,18,242.99293773932774,1.3136559554866845e-05,23.429205,14.126105,0.13574357166908557,0.0,0.0,0.3799024271864786,939.5901240207128,17740.47950007163,-0.7079506133106631,0.7062619408640506,2.114772238524819,233.89018095729995,0.0827112704402869,0.0,1.0,224.47016847163383,28.117254249628648,41.82387488937243,0.13958655003681306,222.82173,1.3459066059898941e-05,10525.168062555314,0.0,0.014549797272999853,0.008153662,83.64774977874487,,,,0.0,0 days 00:00:00,,,,,,,,,,,,,,,,,,,,,0.0,,,,,,,,,,,,,,,,,,17740.47950007163,0.0,1.34291695e-05,8.070535e-06,103098.336,0.14222942,-243.07092,0.0,0.0,1.0,-4.5282461040239696e-13,1.6600688e-12,8.330413e-16,0.0,0.0,0.0,7.48e-16,1.7275216112473118e-14,1.2072442183220308e-12,1134.2841103879416,6.500317874739365e-14,8.94078648466818e-14,0.0,1.34291695e-05,8.070535e-06,103098.336,0.14222942,-243.07092,0.0,0.0,0.9850210588951824,-4.5282461040239696e-13,1.6600688e-12,8.330413e-16,0.0,0.0,0.0,7.48e-16,1.7275216112473118e-14,1.2072442183220308e-12,1134.2841103879416,6.500317874739365e-14,8.94078648466818e-14,0.0
19,19,20,407463.0,BAW680,49.40272521972656,1.4796330378605769,297.348888632,10546.08,0.7064482366116659,34610D,221.98691,24.873718,15.075476,291.0779394318799,67770.66834277603,0.4683137504490039,0.627831263268378,43.64007371416372,43.466232067532,0.0,1.4169003915183874e-05,24299.29377393277,0.1624910829949075,0.3636672809513643,0.8505972416303285,cruise,15,GTF2035_wi,0,43031,1.237,3.16,3.16,12.02972658812696,1.8042885389759185,0.9745470357678891,21.73236373243687,14.238211936031584,36.28235539,1450000000000000.0,18.4608607013557,839.098574710046,1411.85783346804,0.00141690039152,0.0261129293559266,0.313915631634189,21.733116033766,12.0214636724754,12.02129334272296,15.010521890480932,0.8039450407269801,602731853918780.0,11.869076720322532,793664434679724.0,0.001407630898571805,9.714436210122243e-06,3.16,35.8,2023-05-05 09:20:00,1.4169003915183874e-05,0.16249096955049147,0.0,19,242.99293773932774,1.4169003915183874e-05,24.873718,15.075476,0.16249096955049147,0.0,0.0,0.38133681455349205,944.4172226149756,17794.041644750407,-0.7080631093729188,0.7061491578591267,2.1158800774250017,233.89580647176402,0.09820048847159427,0.0,1.0,224.53226502988386,28.117254249628648,41.210784057014,0.16717766206813653,221.98299,1.4523930060582468e-05,10525.474607971493,0.0,0.014551479044535824,0.009104246,82.421568114028,,,,0.0,0 days 00:00:00,,,,,,,,,,,,,,,,,,,,,0.0,,,,,,,,,,,,,,,,,,17794.041644750407,0.0,1.4464328e-05,7.703878e-06,103163.53,0.17031991,-236.05556,0.0,0.0,1.0,-4.5248648303652197e-13,1.6504244e-12,8.047781e-16,0.0,0.0,0.0,7.48e-16,1.712597130990201e-14,1.1979379379524465e-12,1135.7607671568005,6.35209959193975e-14,8.9039532021732e-14,0.0,1.4464328e-05,7.703878e-06,103163.53,0.17031991,-236.05556,0.0,0.0,1.0,-4.5248648303652197e-13,1.6504244e-12,8.047781e-16,0.0,0.0,0.0,7.48e-16,1.712597130990201e-14,1.1979379379524465e-12,1135.7607671568005,6.35209959193975e-14,8.9039532021732e-14,0.0
20,20,21,407463.0,BAW680,49.28929138183594,1.652878981370192,296.31999974400003,10546.08,0.7100456150943448,34610D,221.08588,26.329697,15.923675,290.36238647871096,67727.02826906186,0.46874386047469285,0.624728500931534,43.47115195751413,43.3978279307388,0.0,1.5446953251906465e-05,24299.29377393277,0.1983170948064755,0.362259599645951,0.8341746305720552,cruise,15,GTF2035_wi,0,43031,1.237,3.16,3.16,12.057976880191438,1.808510273023535,0.9741303051931702,21.698502734054827,14.182581807198163,36.28235539,1450000000000000.0,18.4399279516723,835.776040261835,1405.72881161528,0.00154469532519,0.0259569781548382,0.312364250465767,21.6989139653694,12.0339219997974,12.033736115238185,15.030212896993987,0.7914822397443791,603896778222979.0,11.858887751406549,793175274640978.8,0.0013910271394965204,9.67629339761128e-06,3.16,35.8,2023-05-05 09:21:00,1.5446953251906465e-05,0.19831722814855476,0.0,20,242.99293773932774,1.5446953251906465e-05,26.329697,15.923675,0.19831722814855476,0.0,0.0,0.38289094324781264,949.2260621878967,17624.290667388464,-0.7097998041033355,0.704403462580123,2.1175954482528474,233.90451184438157,0.11880126223950511,0.0,1.0,224.61714692206115,28.117254249628648,40.74738353315704,0.20406911164275063,221.0821,1.5837170098254825e-05,10525.70630823342,0.0,0.014492106303136439,0.009997952,81.49476706631408,,,,0.0,0 days 00:00:00,,,,,,,,,,,,,,,,,,,,,0.0,,,,,,,,,,,,,,,,,,17624.290667388464,0.0,1.5728927e-05,7.121134e-06,103231.4,0.20594397,-227.95651,0.0,0.0,1.0,-4.5213408370500354e-13,1.640188e-12,7.598583e-16,0.0,0.0,0.0,7.479999999999999e-16,1.6952559267384176e-14,1.1880539221885535e-12,1137.2407457504094,6.194615082557134e-14,8.85994957849109e-14,0.0,1.5728927e-05,7.121134e-06,103231.4,0.20594397,-227.95651,0.0,0.0,1.0,-4.5213408370500354e-13,1.640188e-12,7.598583e-16,0.0,0.0,0.0,7.479999999999999e-16,1.6952559267384176e-14,1.1880539221885535e-12,1137.2407457504094,6.194615082557134e-14,8.85994957849109e-14,0.0
21,21,22,407463.0,BAW680,49.17666677701271,1.8236581902754927,296.31999974400003,10546.08,0.7136040136802146,34610D,220.1579,27.66784,16.52844,290.0804059254067,67683.55711710436,0.46958239482508435,0.622371021595392,43.32737531793026,43.353504917336,0.0,1.7134411436816947e-05,24299.29377393277,0.2473421207954798,0.3610614609827521,0.8185841486568131,cruise,15,GTF2035_wi,0,43031,1.237,3.16,3.16,12.177378013947122,1.826398049886956,0.9752331562962598,21.67629030881513,14.161148396174644,36.28235539,1450000000000000.0,18.4496430980818,832.792038778294,1398.54813612512,0.00171344114368,0.0258035099888096,0.311185510797696,21.676752458668,12.0598132165992,12.059606582338253,15.146469925669344,0.7803567969909845,611003715522815.0,11.885869822074277,794470641371750.6,0.0013555453934697848,9.736907654920255e-06,3.16,35.8,2023-05-05 09:22:00,1.7134411436816947e-05,0.24734203885311717,0.0,21,242.99293773932774,1.7134411436816947e-05,27.66784,16.52844,0.24734203885311717,0.0,0.0,0.3845048537071471,953.982788121064,17820.849367992203,-0.7117452165763659,0.7024377172964605,2.1209462305793836,233.92149882229498,0.1468335559400973,0.0,1.0,224.73959261783605,28.117254249628648,40.528852526464064,0.2545033947922653,220.1565,1.7571908242935557e-05,10525.815573736769,0.0,0.014268629180391202,0.010554738,81.05770505292813,,,,0.0,0 days 00:00:00,,,,,,,,,,,,,,,,,,,,,0.0,,,,,,,,,,,,,,,,,,17820.849367992203,0.0,1.7393533e-05,6.4195565e-06,103301.99,0.2562531,-220.11201,0.0,0.0,1.0,-4.5176652078836853e-13,1.6300174e-12,7.0577834e-16,0.0,0.0,0.0,7.479999999999999e-16,1.6771039550443032e-14,1.1782508613211132e-12,1138.7038122901786,5.964203385310602e-14,8.826515617947578e-14,0.0,1.7393533e-05,6.4195565e-06,103301.99,0.2562531,-220.11201,0.0,0.0,1.0,-4.5176652078836853e-13,1.6300174e-12,7.0577834e-16,0.0,0.0,0.0,7.479999999999999e-16,1.6771039550443032e-14,1.1782508613211132e-12,1138.7038122901786,5.964203385310602e-14,8.826515617947578e-14,0.0
22,22,23,407463.0,BAW680,49.06247413764565,1.995464124177632,298.37777752,10546.08,0.7171627675201442,34610D,219.24025,28.873652,16.915909,288.7792597872648,67640.22974178642,0.468895259956499,0.630334382063302,44.05514085114052,44.0415179524532,49.83609449036061,1.9339350622909408e-05,24299.29377393277,0.3137879173802392,0.3671261737595043,0.8184792520559815,cruise,15,GTF2035_wi,0,43031,1.237,3.16,3.16,12.035506396854096,1.8050932006499807,0.9728884526243418,22.019930212025848,14.257667822833453,36.28235538999999,1450000000000000.0,18.6083574055823,830.736409742919,1403.45130248105,0.00193393506229,0.0258663626661882,0.315167191031651,22.0207589762266,12.1844418211777,12.184206186542196,14.816959001231623,0.7727574496772721,629060284353478.2,11.828572605773353,791719854784239.8,0.0014049703026585314,9.986116304209055e-06,3.16,35.8,2023-05-05 09:23:00,1.9339350622909408e-05,0.31378794398047205,0.0,22,242.99293773932774,1.9339350622909408e-05,28.873652,16.915909,0.31378794398047205,0.0,0.0,0.3861142337320484,958.7399857161215,17857.308950634284,-0.712724695517647,0.7014438740193526,2.1182062125527223,233.90760991936696,0.18462026384559643,0.0,1.0,224.8753745741386,28.117254249628648,40.705445668107494,0.3228561345656638,219.24316,1.9842776726930957e-05,10525.727277165946,0.0,0.013899675445967716,0.010791861,81.41089133621499,,,,0.0,0 days 00:00:00,,,,,,,,,,,,,,,,,,,,,0.0,,,,,,,,,,,,,,,,,,17857.308950634284,0.0,1.956763e-05,5.621351e-06,103374.73,0.3214657,-212.13441,0.0,0.0,0.9999999999999999,-4.513871955024023e-13,1.6203339e-12,6.4425003e-16,0.0,0.0,0.0,7.480000000000002e-16,1.6588556199198624e-14,1.1689466292354318e-12,1140.1837968242926,6.211322436787632e-14,8.939452633172317e-14,0.0,1.956763e-05,5.621351e-06,103374.73,0.3214657,-212.13441,0.0,0.0,0.9999999999999999,-4.513871955024023e-13,1.6203339e-12,6.4425003e-16,0.0,0.0,0.0,7.480000000000002e-16,1.6588556199198624e-14,1.1689466292354318e-12,1140.1837968242926,6.211322436787632e-14,8.939452633172317e-14,0.0
23,23,24,407463.0,BAW680,48.94789123535156,2.166982797475961,297.863333076,10561.32,0.7207047106220383,34610D,218.42223,29.670935,16.854532,286.1415354706821,67596.17460093528,0.46852667025184647,0.61603228137318,43.23655338030448,43.4048564001228,0.0,2.1757176114602057e-05,24241.73764469953,0.3911812910615366,0.3603046115025373,0.7916446324554667,cruise,15,GTF2035_wi,0,43031,1.237,3.16,3.16,12.024247436316376,1.8033755017783388,0.9658055747514754,21.70241977710804,14.116282188572743,36.28235538999999,1450000000000000.0,18.3302359291085,825.462318754694,1390.85897218964,0.00217571761146,0.0255790076935851,0.30801614068659,21.7024282000614,12.0417548787022,12.041492889820717,14.978520580156069,0.7533952007379631,621074786488166.8,11.611300801039668,781048393462730.5,0.0013487066283990072,9.75823746661876e-06,3.16,35.8,2023-05-05 09:24:00,2.1757176114602053e-05,0.3911814730510485,0.0,23,242.41737644699538,2.1757176114602053e-05,29.670935,16.854532,0.3911814730510485,2.445439e-05,9.395363e-10,0.38664229396234007,963.4747066014545,17785.657856213566,-0.7148047574264398,0.6993240727735092,2.1117278135431308,233.8747081813694,0.2283302166248349,0.0,1.0,225.02360983821293,28.117254249628648,41.039189919953344,0.40274898215964045,218.43149,2.235580945211485e-05,10540.800405040023,0.0,0.013737234917145713,0.010907426,82.07837983990669,,,,0.0,0 days 00:00:00,,,,,,,,,,,,,,,,,,,,,0.0,,,,,,,,,,,,,,,,,,17785.657856213566,0.0,2.2069615e-05,4.9312953e-06,103599.93,0.3983115,-204.39873,0.0,0.0,1.0,-4.5021152633741487e-13,1.6165512e-12,5.910582e-16,0.0,0.0,0.0,7.479999999999998e-16,1.6501473930489217e-14,1.1663396694911418e-12,1141.6643115217853,5.814297640987442e-14,8.736619097016948e-14,0.0,2.2069615e-05,4.9312953e-06,103599.93,0.3983115,-204.39873,0.0,0.0,1.0,-4.5021152633741487e-13,1.6165512e-12,5.910582e-16,0.0,0.0,0.0,7.479999999999998e-16,1.6501473930489217e-14,1.1663396694911418e-12,1141.6643115217853,5.814297640987442e-14,8.736619097016948e-14,0.0
24,24,25,407463.0,BAW680,48.833437127582094,2.33690763774671,296.31999974400003,10561.32,0.7242175005268979,34610D,217.7245,30.186594,16.701616,284.26793807197646,67552.93804755498,0.46739030750868615,0.613764460602332,43.19008784506468,43.4245172254472,0.0,2.489250075815946e-05,24241.73764469953,0.4897983910207651,0.3599173987088723,0.7797972172801827,cruise,15,GTF2035_wi,0,43031,1.237,3.16,3.16,11.82191267379392,1.772992624098893,0.9610177967028634,21.712019762304976,14.094978185413993,36.28235539,1450000000000000.0,18.2668412760517,822.039289735028,1390.17963867181,0.00248925007582,0.0254966794318533,0.306882230301166,21.7122586127236,12.0361645963111,12.035864993532622,14.733400780336387,0.7408268114192176,628505239008863.0,11.496964895911288,775557775391993.9,0.0013711559317556193,9.805117075043489e-06,3.16,35.8,2023-05-05 09:25:00,2.4892500758159465e-05,0.48979855993336513,0.0,24,242.41737644699538,2.4892500758159465e-05,30.186594,16.701616,0.48979855993336513,0.00012453672,4.94034e-09,0.3878813457354127,968.1704507790517,17721.493621053112,-0.7160900646609712,0.6980078934323349,2.1072279824094555,233.8518023707678,0.283959653296597,0.0,1.0,225.2408592337669,28.117254249628648,41.86756598339045,0.5043988475207948,217.74216,2.5609713455000047e-05,10540.386217008305,0.0,0.013130513633813906,0.01041046,83.7351319667809,,,,0.0,0 days 00:00:00,,,,,,,,,,,,,,,,,,,,,0.0,,,,,,,,,,,,,,,,,,17721.493621053112,0.0,2.5250789e-05,4.27035e-06,103672.38,0.49487954,-197.3417,0.0,0.0,0.9999999999999999,-4.498312601706526e-13,1.6103862e-12,5.4011035e-16,0.0,0.0,0.0,7.48e-16,1.6375324607892015e-14,1.1605549446810602e-12,1143.1377397087233,5.86010693280826e-14,8.70445668141912e-14,0.0,2.5250789e-05,4.27035e-06,103672.38,0.49487954,-197.3417,0.0,0.0,0.9999999999999999,-4.498312601706526e-13,1.6103862e-12,5.4011035e-16,0.0,0.0,0.0,7.48e-16,1.6375324607892015e-14,1.1605549446810602e-12,1143.1377397087233,5.86010693280826e-14,8.70445668141912e-14,0.0
25,25,26,407463.0,BAW680,48.71919250488281,2.505516639122596,295.8055553,10561.32,0.7277021951028162,34610D,217.12708,30.399323,16.458803,274.4745516083702,67509.74795970992,0.46277765277041805,0.599544098361484,43.21933043049068,43.4983582578636,0.0,2.8199997891932235e-05,24241.73764469953,0.599706321796484,0.3601610869207556,0.7629828493221918,cruise,15,GTF2035_wi,0,43031,1.237,3.16,3.16,11.549027592795843,1.7320284563656057,0.9291851933727778,21.74954804528782,14.0210564376097,36.28235539,1450000000000000.0,17.8925919367211,814.768123718947,1382.63331641163,0.00281999978919,0.0253204393322127,0.299772049180742,21.7491791289318,11.8391330121737,11.8387991580624,14.632922540096825,0.7143314239791222,633284822911807.8,10.762852141737854,740290047326021.9,0.0013455923494290597,9.721427177254896e-06,3.16,35.8,2023-05-05 09:26:00,2.8199997891932235e-05,0.5997057797514119,0.0,25,242.41737644699538,2.8199997891932235e-05,30.399323,16.458803,0.5997057797514119,0.00045537727,1.9541288e-08,0.3889485920391407,972.8286324999366,17358.419694452503,-0.5455224915448507,0.8380961825582423,2.089141033155642,233.7592943635589,0.3456667375964127,0.0,1.0,225.4367107201065,28.117254249628648,44.03220941631903,0.6179163135620912,217.15524,2.9063479360373013e-05,10539.30389529184,0.0,0.012457916651098628,0.009726159,88.06441883263805,,,,0.0,0 days 00:00:00,,,,,,,,,,,,,,,,,,,,,0.0,,,,,,,,,,,,,,,,,,17358.419694452503,0.0,2.856825e-05,3.731867e-06,103744.29,0.596592,-190.95827,0.04865044041261575,0.04865044041261575,0.9999999999999999,-4.494533207161485e-13,1.6056226e-12,4.986023e-16,1.527685051942639e-14,-5.076220117261873e-15,-5.076220117261873e-15,7.48e-16,1.5464608494351694e-14,1.1561693417848212e-12,1144.605786623976,5.596381869114411e-14,8.502782366490436e-14,-8.811515925685449e-14,2.856825e-05,3.731867e-06,103744.29,0.596592,-190.95827,0.04865044041261575,0.04865044041261575,0.9999999999999999,-4.494533207161485e-13,1.6056226e-12,4.986023e-16,1.527685051942639e-14,-5.076220117261873e-15,-5.076220117261873e-15,7.48e-16,1.5464608494351694e-14,1.1561693417848212e-12,1144.605786623976,5.596381869114411e-14,8.502782366490436e-14,-8.811515925685449e-14
26,26,27,407463.0,BAW680,48.63386535644531,2.703481820913461,289.117777528,10561.32,0.7311473857764804,34610D,216.71281,30.09077,16.28886,262.239100148979,67466.52862927942,0.45708743294192344,0.580724219858442,43.246283972080434,43.5565239216414,0.0,3.124854898433368e-05,24241.73764469953,0.701493548773115,0.3603856997673369,0.7468402483437107,cruise,15,GTF2035_wi,0,43031,1.237,3.16,3.16,11.477637633610788,1.7212869855198,0.8886124092372274,21.77842422649529,13.930895133778144,36.28235538999999,1450000000000000.0,17.4284953078378,807.190241838592,1368.94149981063,0.00312485489843,0.0251073017096354,0.290362109929221,21.7782619608207,11.5648472817686,11.564485908364214,14.887374783162429,0.6868478190339362,631025171231874.2,9.890201845580814,698332402075371.6,0.0012634154531011947,9.50743305454894e-06,3.16,35.8,2023-05-05 09:27:00,3.124854898433368e-05,0.7014940884530937,0.0,26,242.41737644699538,3.124854898433368e-05,30.09077,16.28886,0.7014940884530937,0.0012576042,5.9846194e-08,0.3896921093846269,977.4340002575212,16864.543065232356,-0.2140761111234524,0.9768169831888976,2.0672503617684783,233.64637924536666,0.402714775054509,0.0,1.0,225.61008274555414,28.117254249628648,46.804673951490535,0.7224698954720828,216.75264,3.2233545046051317e-05,10537.917663024255,0.0,0.011808096516018622,0.008976025,93.60934790298107,,,,0.0,0 days 00:00:00,,,,,,,,,,,,,,,,,,,,,0.0,,,,,,,,,,,,,,,,,,16864.543065232356,0.0,3.1380005e-05,3.3871272e-06,103810.4,0.685345,-184.52573,0.17800295086900636,0.17800295086900636,1.0,-4.491053959071747e-13,1.6030367e-12,4.720286e-16,5.5394132953856236e-14,-2.113221288046936e-14,-2.113221288046936e-14,7.480000000000001e-16,1.2839981803948814e-14,1.1539313304570594e-12,1145.6968129620407,5.079808485665086e-14,8.235877343970014e-14,-3.5638511418633336e-13,3.1380005e-05,3.3871272e-06,103810.4,0.685345,-184.52573,0.17800295086900636,0.17800295086900636,1.0,-4.491053959071747e-13,1.6030367e-12,4.720286e-16,5.5394132953856236e-14,-2.113221288046936e-14,-2.113221288046936e-14,7.480000000000001e-16,1.2839981803948814e-14,1.1539313304570594e-12,1145.6968129620407,5.079808485665086e-14,8.235877343970014e-14,-3.5638511418633336e-13
27,27,28,407463.0,BAW680,48.60118103027344,2.927504319411057,283.973333088,10561.32,0.7343532343695444,34610D,216.4479,29.52091,16.367994,261.0534560992519,67423.28234530734,0.4566831222779912,0.573867506590474,42.79815878714769,43.1994868547282,-24.63525581231044,3.3099070761710106e-05,24241.73764469953,0.7692842118021701,0.3566513232262308,0.7347673166524907,cruise,15,GTF2035_wi,0,43031,1.237,3.16,3.16,11.464931873507467,1.7193603024347606,0.8851359252559049,21.59892090589533,13.857382237859277,36.28235538999999,1450000000000000.0,17.292908244584,804.842476428787,1362.93578706881,0.00330990707617,0.0249648794509003,0.286933753295237,21.5997434273641,11.4934964480628,11.493116036601831,14.963224145818373,0.6785429055375686,622993000197750.4,9.81858137237094,694887067975902.9,0.0012420550712511625,9.32945949967913e-06,3.16,35.8,2023-05-05 09:28:00,3.3099070761710106e-05,0.7692851731808515,0.0,27,242.41737644699538,3.3099070761710106e-05,29.52091,16.367994,0.7692851731808515,0.0017912309,9.127683e-08,0.39016905250441264,981.7194006335799,16989.997674015813,-0.20630100763647743,0.9784885764525686,2.065715309182147,233.63842159955328,0.44049925887376123,0.0,1.0,225.79733919708215,28.117254249628648,47.769797561490044,0.7905202146606658,216.49637,3.4102738482731136e-05,10537.435101219255,0.0,0.011305695695501185,0.008433116,95.53959512298009,,,,0.0,0 days 00:00:00,,,,,,,,,,,,,,,,,,,,,0.0,,,,,,,,,,,,,,,,,,16989.997674015813,0.0,3.288935e-05,3.1537788e-06,103862.914,0.7388491,-179.47304,0.4653778581916592,0.4653778581916592,1.0,-4.488297645160394e-13,1.6017441e-12,4.540413e-16,1.4506912122820603e-13,-4.5230527272095866e-14,-4.5230527272095866e-14,7.480000000000001e-16,8.95304328973241e-15,1.1529143348995821e-12,1146.1147275572005,4.9306114139964264e-14,8.138634887866632e-14,-7.684665531474175e-13,3.288935e-05,3.1537788e-06,103862.914,0.7388491,-179.47304,0.4653778581916592,0.4653778581916592,1.0,-4.488297645160394e-13,1.6017441e-12,4.540413e-16,1.4506912122820603e-13,-4.5230527272095866e-14,-4.5230527272095866e-14,7.480000000000001e-16,8.95304328973241e-15,1.1529143348995821e-12,1146.1147275572005,4.9306114139964264e-14,8.138634887866632e-14,-7.684665531474175e-13
28,28,29,407463.0,BAW680,48.569439386917374,3.1534375642475325,283.458888644,10553.7,0.7375316411505591,34610D,216.19879,28.759384,16.52044,260.1117084733657,67380.48418652019,0.4568014197473529,0.57105352448532,42.713919219383165,43.1544711210378,-24.60091689108528,3.50676752523659e-05,24270.50189404938,0.8431496613493513,0.355949326828193,0.7285616907245513,cruise,15,GTF2035_wi,0,43031,1.237,3.16,3.16,11.570262797875728,1.7351336774629789,0.8824507673386417,21.577202727306982,13.839130520931027,36.28235539,1450000000000000.0,17.2639866441247,803.457071548082,1357.65521151201,0.00350676752524,0.0248728468997576,0.28552676224266,21.5772355605189,11.4794564286665,11.47905388493266,15.11915736779383,0.673672199912508,620172671635714.6,9.78392109311693,693338660967023.9,0.0012148171531299928,9.253172469622156e-06,3.16,35.8,2023-05-05 09:29:00,3.50676752523659e-05,0.8431506233560302,0.0,28,242.70501894049386,3.50676752523659e-05,28.759384,16.52044,0.8431506233560302,0.0023225772,1.2604941e-07,0.391082107662758,985.9681125262075,16923.23667123463,-0.20870466728968107,0.9779787123713397,2.0686203185713574,233.65347662832764,0.4816308221305311,0.0,1.0,226.03438860031707,28.117254249628648,49.204580357640985,0.8637379489887147,216.25885,3.607044268616808e-05,10529.09770982118,0.0,0.010511847820489494,0.0076613147,98.40916071528197,,,,0.0,0 days 00:00:00,,,,,,,,,,,,,,,,,,,,,0.0,,,,,,,,,,,,,,,,,,16923.23667123463,0.0,3.4426906e-05,2.8894642e-06,103844.22,0.7915902,-175.65324,0.6131251732009193,0.6131251732009193,1.0,-4.48926824088759e-13,1.5984042e-12,4.3366705e-16,1.8943711295869853e-13,-6.146627334461776e-14,-6.146627334461776e-14,7.48e-16,6.2902700270308115e-15,1.149477439710257e-12,1146.5205886406782,4.7845316758545085e-14,8.098726768532767e-14,-1.0402082911097668e-12,3.4426906e-05,2.8894642e-06,103844.22,0.7915902,-175.65324,0.6131251732009193,0.6131251732009193,1.0,-4.48926824088759e-13,1.5984042e-12,4.3366705e-16,1.8943711295869853e-13,-6.146627334461776e-14,-6.146627334461776e-14,7.48e-16,6.2902700270308115e-15,1.149477439710257e-12,1146.5205886406782,4.7845316758545085e-14,8.098726768532767e-14,-1.0402082911097668e-12
29,29,30,407463.0,BAW680,48.53745799953654,3.378223619962993,284.487777532,10546.08,0.7406717827544812,34610D,215.9423,27.863743,16.661592,260.01200166163096,67337.77026730082,0.45701496101196193,0.578430714064338,43.37639818573369,43.749168898591,24.56873507528272,3.683226796287843e-05,24299.29377393277,0.91708090780568,0.3614699848811141,0.735707198928389,cruise,15,GTF2035_wi,0,43031,1.237,3.16,3.16,11.620604073497828,1.7426625978215484,0.8826362159564672,21.874375798154112,13.934752418403038,36.28235539,1450000000000000.0,17.433245121016,803.997434320077,1361.24262404728,0.00368322679629,0.024966706554118,0.289215357032169,21.8745844492955,11.5840411872212,11.583614536426614,15.047887195613225,0.6755719680090301,632621256396946.5,9.808072394933156,694619636975979.9,0.0012301341450372298,9.45253071533596e-06,3.16,35.8,2023-05-05 09:30:00,3.6832267962878424e-05,0.9170820896136562,0.0,29,242.99293773932774,3.6832267962878424e-05,27.863743,16.661592,0.9170820896136562,0.0027943852,1.5643458e-07,0.39201111191263927,990.1656667781652,16976.798377462343,-0.21139457445881465,0.9774008051405403,2.0718919550817443,233.67040930055026,0.522562231298023,0.0,1.0,226.28531027711813,28.117254249628648,50.77708590260119,0.9353586318586479,216.0168,3.7787431779934976e-05,10520.691457048699,1.0,0.009616785001036306,0.0068838047,101.55417180520239,0.39342620538609585,1.7837116727518673e-06,856711061573.9193,0.0,0 days 00:00:00,,,,,,,,,,,,,,,,,,,,,0.0,,,,,,,,,,,,,,,,,,16976.798377462343,0.0,3.5655343e-05,2.6298935e-06,103827.8,0.8420828,-173.72644,0.665799153293048,0.665799153293048,1.0000000000000002,-4.4901205322563805e-13,1.5950886e-12,4.1365847e-16,2.0324690821816658e-13,-7.214764096060123e-14,-7.214764096060123e-14,7.480000000000001e-16,4.51703163297451e-15,1.1460765937540056e-12,1146.9295151851518,4.892926729751173e-14,8.203350661317568e-14,-1.2248359539976705e-12,3.5655343e-05,2.6298935e-06,103827.8,0.8420828,-173.72644,0.665799153293048,0.665799153293048,1.0000000000000002,-4.4901205322563805e-13,1.5950886e-12,4.1365847e-16,2.0324690821816658e-13,-7.214764096060123e-14,-7.214764096060123e-14,7.480000000000001e-16,4.51703163297451e-15,1.1460765937540056e-12,1146.9295151851518,4.892926729751173e-14,8.203350661317568e-14,-1.2248359539976705e-12
30,30,31,407463.0,BAW680,48.50496453753972,3.603443346525493,285.002221976,10553.7,0.7437851741804926,34610D,215.63351,26.900837,16.66167,261.9065358438557,67294.39386911508,0.45811167800897795,0.580968476426726,43.33067497789258,43.7279414960642,24.54005267329001,3.782792610380776e-05,24270.50189404938,0.9798961765021342,0.3610889581491048,0.7336489500660953,cruise,15,GTF2035_wi,0,43031,1.237,3.16,3.16,11.604524499296284,1.7402396997992136,0.889703731104393,21.863949680712764,13.941542606403472,36.28235539,1450000000000000.0,17.5023170775933,804.077054285342,1362.49930246154,0.00378279261038,0.0249662640001104,0.290484238213363,21.8639707480321,11.6350703578268,11.634630243893689,14.961195820089786,0.6758518900867451,635725001567206.4,9.933314999310316,700525329161612.5,0.0012444638422740707,9.500915313803418e-06,3.16,35.8,2023-05-05 09:31:00,3.782792610380776e-05,0.9798974990732353,0.0,30,242.70501894049386,3.782792610380776e-05,26.900837,16.66167,0.9798974990732353,0.0033223906,1.7851539e-07,0.39210732352006894,994.327457241633,17127.991094039247,-0.21464468720208854,0.9766922024137992,2.073627073597112,233.67937997735186,0.5566878374214036,0.0,1.0,226.5011584527794,28.117254249628648,51.73856413511569,0.9938910484346611,215.72346,3.8671063685239045e-05,10527.830717932442,1.0,0.008954676370419462,0.0063794088,103.47712827023138,0.3935241502727048,4.2235890924217906e-06,1113529125887.7954,1017129655.135398,0 days 00:29:00,6.318891025224571e-14,9.541525448089103e-16,1047.909809155969,1047.909809155969,1047.909809155969,617.4983101325315,617.4983101325315,617.4983101325315,175.34932,175.34932,175.34932,-0.06876351684331894,-0.06876351684331894,-0.06876351684331894,0.09123266,0.09123266,0.09123266,0.022469140589237213,0.022469140589237213,0.022469140589237213,1.0,10543.54030611881,0.9909928495689376,,849623836131.3579,,2.1311817340482153e-06,4205.796397674508,142.6506878447106,0.004875728880523857,0.00444543,0.48333333333333334,-0.06876351684331894,0.09123266,0.022469140589237213,175.34932,1047.909809155969,617.4983101325315,17127.991094039247,17127.991094039247,3.5995465e-05,2.4724611e-06,103961.766,0.87845886,-174.02559,0.7039411347338292,0.7039411347338292,1.0,-4.4830956711049873e-13,1.5962531e-12,4.0152305e-16,2.1240553365343913e-13,-7.519940670937594e-14,-7.519940670937594e-14,7.479999999999999e-16,4.040883302602251e-15,1.1479434863301845e-12,1147.344989316218,4.979739325154286e-14,8.239341410161942e-14,-1.2880147683952264e-12,3.5995465e-05,2.4724611e-06,103961.766,0.87845886,-174.02559,0.7039411347338292,0.7039411347338292,1.0,-4.4830956711049873e-13,1.5962531e-12,4.0152305e-16,2.1240553365343913e-13,-7.519940670937594e-14,-7.519940670937594e-14,7.479999999999999e-16,4.040883302602251e-15,1.1479434863301845e-12,1147.344989316218,4.979739325154286e-14,8.239341410161942e-14,-1.2880147683952264e-12
31,31,32,407463.0,BAW680,48.4716796875,3.830355130709134,285.002221976,10561.32,0.7468810575479807,34610D,215.34123,25.952147,16.589746,262.9251344350069,67251.06319413718,0.4588459054906963,0.578067239509128,42.935617376895166,43.4104764370098,0.0,3.959290185859431e-05,24241.73764469953,1.06481315605766,0.3577968114741264,0.7251318249115858,cruise,15,GTF2035_wi,0,43031,1.237,3.16,3.16,11.595128791568683,1.73881023393902,0.8937699107183855,21.704589055603424,13.891275424102949,36.28235538999999,1450000000000000.0,17.4586193368903,803.020347153608,1359.52445631101,0.00395929018586,0.0248756481298049,0.289033619754564,21.7052382185049,11.6191392580544,11.618679240827491,14.969603817396168,0.6721367960790211,631190296154042.9,9.997352921082292,703486434250119.6,0.0012391326623054264,9.406505846858984e-06,3.16,35.8,2023-05-05 09:32:00,3.959291341685786e-05,1.064813956431342,1.0,31,242.41737644699538,3.959291341685786e-05,25.952147,16.589746,1.064813956431342,0.004649052,2.4143893e-07,0.3921741881922466,998.4658392547145,16973.62988540473,-0.2181517575069618,0.975914858323524,2.0739827893116853,233.68121823065982,0.6032206541168207,0.0,1.0,226.80510830709235,28.117254249628648,53.01087197065132,1.0788413750188515,215.44807,4.0518948968818633e-05,10534.814564014674,1.0,0.008247535991434346,0.0058785486,106.02174394130265,0.39359947502537357,7.221119842308671e-06,1202439289240.5596,48556423065.391464,0 days 00:58:00,3.016554913877385e-12,4.5549979199548516e-14,1068.975776205553,1049.5201472725478,1088.4314051385584,601.0142893891468,588.462591120204,613.5659876580896,175.28156,173.63231,176.9308,-0.3071424663066864,-0.39814937114715576,-0.21613556146621704,0.58574235,0.42562455,0.7458601,0.2785998582839966,0.20948898792266846,0.3477107286453247,1.0,10555.413743245368,1.025295944973476,0.036953872599368144,950332929701.4126,9174770802.772886,4.137143491033979e-06,5528.813740680114,176.11080323341974,0.019102221821202088,0.004183466,0.9666666666666667,-0.3071424663066864,0.58574235,0.2785998582839966,175.28156,1068.975776205553,601.0142893891468,16973.62988540473,16973.62988540473,3.6117075e-05,2.3430919e-06,104093.56,0.90891093,-176.50058,0.6966950578798151,0.6966950578798151,1.0,-4.4761784455840873e-13,1.597684e-12,3.9155083e-16,2.0772711572148944e-13,-6.486046850055698e-14,-6.486046850055698e-14,7.48e-16,5.712735675892537e-15,1.1500661389860901e-12,1147.768107815469,4.9427680355700984e-14,8.198195836097614e-14,-1.100917586522406e-12,3.6117075e-05,2.3430919e-06,104093.56,0.90891093,-176.50058,0.6966950578798151,0.6966950578798151,1.0,-4.4761784455840873e-13,1.597684e-12,3.9155083e-16,2.0772711572148944e-13,-6.486046850055698e-14,-6.486046850055698e-14,7.48e-16,5.712735675892537e-15,1.1500661389860901e-12,1147.768107815469,4.9427680355700984e-14,8.198195836097614e-14,-1.100917586522406e-12
32,32,33,407463.0,BAW680,48.43816207627118,4.054894698293586,285.002221976,10561.32,0.7499309224696304,34610D,215.1186,25.063942,16.520473,264.04667806283453,67208.1275767603,0.4599291273311403,0.575068850735048,42.55513407419933,43.1033960844752,-24.49056657270001,4.143456032706687e-05,24241.73764469953,1.1477525647664537,0.3546261172849944,0.7169846199550035,cruise,15,GTF2035_wi,0,43031,1.237,3.16,3.16,11.681394495004389,1.7517251608057507,0.8980467337325105,21.551005651341622,13.844521454341638,36.28235539,1450000000000000.0,17.4318431051114,802.241890502247,1354.74968533479,0.00414345603271,0.0247704544221657,0.287534425367524,21.5516980422376,11.607959243179,11.607478292419447,15.095493331308877,0.6694036048378718,625660561030970.8,10.08702775399834,707799377204535.9,0.0012180732303804088,9.304440833343175e-06,3.16,35.8,2023-05-05 09:33:00,4.143456925235003e-05,1.1477532013444827,1.0,32,242.41737644699538,4.143456925235003e-05,25.063942,16.520473,1.1477532013444827,0.0065872455,3.4403593e-07,0.3925800561158815,1002.5426988235682,16909.955512425222,-0.21765879780445696,0.976024921678908,2.0781458841445613,233.70271139411508,0.6488070871748036,0.0,1.0,227.1467794199294,28.117254249628648,54.639131827102965,1.1514726936402344,215.24298,4.208171297767866e-05,10534.000434086449,1.0,0.0074523810512368985,0.005249212,109.27826365420593,0.3940243934429633,9.906028488910453e-06,1224733125598.4478,1285971511570.146,0 days 04:27:00,7.989063933125976e-11,1.2063486539020226e-12,1053.7776701554967,911.7648568873095,1116.9144803750446,469.90768181999334,356.2266676676959,584.3591213778038,180.4067,178.63474,185.28984,-2.0583865377638073,-4.928689002990723,-0.324340283870697,2.4394696,0.57640946,5.125297,0.3810831705729167,0.1557149887084961,1.1153559684753418,1.0,10473.719616216527,1.1785083416464692,0.143624454374292,994186493534.4966,141209462621.2215,1.4181558007179904e-05,19524.534644230287,547.0384719226757,0.0573097768803525,0.027736908,4.45,-2.0583865377638073,2.4394696,0.3810831705729167,180.4067,1053.7776701554967,469.90768181999334,16909.955512425222,16909.955512425222,3.6256755e-05,2.207146e-06,104146.766,0.9348656,-181.56517,0.696695057879815,0.696695057879815,1.0,-4.4733766607087964e-13,1.5972653e-12,3.8107168e-16,2.0581208996425354e-13,-4.516819726333891e-14,-4.516819726333891e-14,7.480000000000001e-16,8.851219480924892e-15,1.149927644162955e-12,1148.1937483504125,4.8329801105193136e-14,8.155672446632511e-14,-7.637922062995076e-13,3.6256755e-05,2.207146e-06,104146.766,0.9348656,-181.56517,0.696695057879815,0.696695057879815,1.0,-4.4733766607087964e-13,1.5972653e-12,3.8107168e-16,2.0581208996425354e-13,-4.516819726333891e-14,-4.516819726333891e-14,7.480000000000001e-16,8.851219480924892e-15,1.149927644162955e-12,1148.1937483504125,4.8329801105193136e-14,8.155672446632511e-14,-7.637922062995076e-13
33,33,34,407463.0,BAW680,48.40484619140625,4.278470552884615,285.002221976,10553.7,0.7529399651371821,34610D,214.98706,24.201492,16.479399,265.2360931447522,67165.5724426861,0.46048140295728623,0.580974958551512,42.88325220006963,43.4028577651604,0.0,4.164613457933267e-05,24270.50189404938,1.1753521050729283,0.3573604350005802,0.7211022522116411,cruise,15,GTF2035_wi,0,43031,1.237,3.16,3.16,11.695673890013218,1.7538640038931632,0.9023679634211976,21.701323011466418,13.9023169922293,36.28235539,1450000000000000.0,17.5695111504821,803.071711732941,1358.23467766346,0.00416461345793,0.0248388357058298,0.290487479275756,21.7014288825802,11.6948911259789,11.694404099251958,15.001628263660944,0.6723173799278085,634092413166822.9,10.199288353083215,713317152452993.2,0.0012369036935348295,9.451064731851249e-06,3.16,35.8,2023-05-05 09:34:00,4.1646134888216184e-05,1.1753521275185705,1.0,33,242.70501894049386,4.1646134888216184e-05,24.201492,16.479399,1.1753521275185705,0.00956509,4.957259e-07,0.3932863608969675,1006.5649825210489,17241.64780804146,-0.2226334563788726,0.974902222841243,2.082741914901122,233.72639551665716,0.6635636333905058,0.0,1.0,227.27936616955682,28.117254249628648,56.6909354637113,1.1691694879956587,215.1295,4.2033063367835504e-05,10525.354532268146,1.0,0.0066567454236442815,0.0044190893,113.3818709274226,0.3947626017298197,1.0579385597809435e-05,1254137615354.2305,689909307364.0033,0 days 04:56:00,4.2860432871175886e-11,6.47192536354756e-13,1031.90183904336,830.7056407516586,1117.5498669808153,429.18197820351634,340.97547717743987,539.1558101221594,183.88437,180.9186,188.82372,-2.5682015299797056,-5.414859771728516,-0.5870402455329895,2.8101232,0.93850726,5.452345,0.24192166924476624,-0.09707903861999512,0.8619227409362793,1.0,10433.379690307918,1.1865584587011895,0.12393405442969818,992546614662.4528,199220779320.17307,1.3897943173420628e-05,15845.524042261688,620.8765421438418,0.06414920693187653,0.06341599,4.933333333333334,-2.5682015299797056,2.8101232,0.24192166924476624,183.88437,1031.90183904336,429.18197820351634,17241.64780804146,17241.64780804146,3.609586e-05,2.0845462e-06,104121.734,0.95191944,-190.92372,0.7082007576197544,0.7082007576197544,1.0000000000000002,-4.474675269248714e-13,1.5950921e-12,3.7162125e-16,2.0797994022886203e-13,-8.925026991348757e-15,-8.925026991348757e-15,7.48e-16,1.4610736569613223e-14,1.1476245863707661e-12,1148.6168271599142,4.948167520420915e-14,8.23943334017423e-14,-1.5388217206209917e-13,3.609586e-05,2.0845462e-06,104121.734,0.95191944,-190.92372,0.7082007576197544,0.7082007576197544,1.0000000000000002,-4.474675269248714e-13,1.5950921e-12,3.7162125e-16,2.0797994022886203e-13,-8.925026991348757e-15,-8.925026991348757e-15,7.48e-16,1.4610736569613223e-14,1.1476245863707661e-12,1148.6168271599142,4.948167520420915e-14,8.23943334017423e-14,-1.5388217206209917e-13
34,34,35,407463.0,BAW680,48.37010192871094,4.506014310396634,285.51666642,10553.7,0.7559485450285698,34610D,214.8621,23.337107,16.410997,265.701278267802,67122.68919048602,0.46088938632687454,0.581231793634924,42.84943490933972,43.3844268532862,0.0,4.1023130175839234e-05,24270.50189404938,1.177179815931862,0.3570786242444976,0.7194229652258017,cruise,15,GTF2035_wi,0,43031,1.237,3.16,3.16,11.728075256248571,1.7587301660793364,0.9042134475889894,21.692190510089205,13.901352578683577,36.28235539,1450000000000000.0,17.5884034807836,802.917022170017,1357.36588612298,0.00410231301758,0.0248207118439555,0.290615896817462,21.6922134266431,11.7086044366707,11.708124132770289,15.02555362439174,0.6717735336235507,634347991414440.9,10.238597054679976,715207364645055.0,0.0012333795136834716,9.450927088542712e-06,3.16,35.8,2023-05-05 09:35:00,4.102316805366281e-05,1.1771826145482716,1.0,34,242.70501894049386,4.102316805366281e-05,23.337107,16.410997,1.1771826145482716,0.011771371,6.2303724e-07,0.39351508929372847,1010.5866448022874,17010.625084342053,-0.22599936483510616,0.9741274491020816,2.084316953988712,233.73450132169813,0.6637945575520584,0.0,1.0,227.28872459603798,28.117254249628648,58.870506894482396,1.1620635124090346,215.02242,4.1180357250701476e-05,10524.264746552759,1.0,0.006034680720185292,0.0036190774,117.74101378896479,0.3950261222903833,1.0301286665983396e-05,1246927541267.8909,240994964888.02905,0 days 07:25:00,1.4971748322022555e-11,2.2607339966254056e-13,865.8042433974155,317.58485085252823,1118.2347919994183,350.1639347629753,151.97828346971573,492.77942573457153,183.68361,165.9417,192.74425,-2.9108096599578857,-6.005436897277832,-0.8716137409210205,3.002919,1.1466142,6.355145,0.09210922718048095,-0.5931384563446045,0.5555205345153809,1.0,10331.227647484051,1.1525409550682073,0.09629096468701705,861970502237.4252,319383812098.5671,1.4636197142170529e-05,13725.398109477585,882.1854504135233,0.0673016659366369,0.1217794,7.416666666666667,-2.9108096599578857,3.002919,0.09210922718048095,183.68361,865.8042433974155,350.1639347629753,17010.625084342053,17010.625084342053,3.5602483e-05,2.0039379e-06,104169.805,0.9550216,-200.14485,0.7103284531316932,0.7103284531316932,0.9999999999999999,-4.4721408647893945e-13,1.5954664e-12,3.654077e-16,2.0772404600270377e-13,2.762515142460649e-14,2.762515142460649e-14,7.48e-16,2.0460711730344936e-14,1.1482522913751497e-12,1149.0580449561016,4.9389503923731034e-14,8.243075795873985e-14,4.699210937821588e-13,3.5602483e-05,2.0039379e-06,104169.805,0.9550216,-200.14485,0.7103284531316932,0.7103284531316932,0.9999999999999999,-4.4721408647893945e-13,1.5954664e-12,3.654077e-16,2.0772404600270377e-13,2.762515142460649e-14,2.762515142460649e-14,7.48e-16,2.0460711730344936e-14,1.1482522913751497e-12,1149.0580449561016,4.9389503923731034e-14,8.243075795873985e-14,4.699210937821588e-13
35,35,36,407463.0,BAW680,48.33531188964844,4.730177659254808,285.51666642,10553.7,0.7589038067026022,34610D,214.75708,22.518724,16.365095,266.99892819666894,67079.83975557669,0.4618441025234673,0.582487426767766,42.806302682913646,43.3564662991912,0.0,3.935628554065909e-05,24270.50189404938,1.145259446302174,0.3567191890242804,0.7185722547405607,cruise,15,GTF2035_wi,0,43031,1.237,3.16,3.16,11.802405191517144,1.7698962798987876,0.908851603362322,21.67820638644005,13.905666823019178,36.28235538999999,1450000000000000.0,17.6399437974223,803.288773758929,1356.55207362661,0.00393562855407,0.0248086815263904,0.291243713383883,21.6782331495956,11.73958854178,11.739126533364152,15.08083487543166,0.6730805107971242,634900825607375.4,10.338013542536004,719987584530025.8,0.0012275965790069375,9.468644081742118e-06,3.16,35.8,2023-05-05 09:36:00,3.9356305400210865e-05,1.1452609343038715,1.0,35,242.70501894049386,3.9356305400210865e-05,22.518724,16.365095,1.1452609343038715,0.014856221,7.943412e-07,0.3937075251132024,1014.5370261171023,17052.200642992975,-0.22948810630288566,0.9733114655985078,2.088011637354293,233.75349445146279,0.645139139624482,0.0,1.0,227.1674266836011,28.117254249628648,60.9610843415856,1.126818553742985,214.93428,3.945957365179232e-05,10523.219457829207,1.0,0.005488277494142438,0.0029131062,121.9221686831712,0.39525234247919644,8.894940629199605e-06,1221846298444.0479,-218850170438.09503,0 days 07:24:00,-1.359600883592426e-11,-2.0529973342245628e-13,865.5337181360276,314.9213379327209,1118.9333300028613,329.2358747115483,145.78098759092404,448.6411915078045,186.98018,168.0193,199.25134,-3.1714346647262572,-6.591102123260498,-0.8250559568405151,3.1122727,0.9634316,7.034992,-0.05916215578715007,-1.2635045051574707,1.1910815238952637,-1.0,10368.345404136284,1.1447559563346679,0.08775049691967511,908025648999.8892,308288622913.30225,1.3054314094927309e-05,11517.711885696592,834.7639230651068,0.06760638816141447,0.09000308,7.4,-3.1714346647262572,3.1122727,-0.05916215578715007,186.98018,865.5337181360276,329.2358747115483,17052.200642992975,17052.200642992975,3.506517e-05,1.920549e-06,104215.81,0.9585261,-208.65242,0.8143900700369555,0.8143900700369555,1.0,-4.469713489752842e-13,1.5959535e-12,3.5897982e-16,2.306641759626427e-13,6.63474085755977e-14,6.63474085755977e-14,7.479999999999999e-16,2.6659333216838432e-14,1.148982155079831e-12,1149.499844066909,4.9295441311407755e-14,8.260883285414598e-14,1.1313693231737248e-12,3.506517e-05,1.920549e-06,104215.81,0.9585261,-208.65242,0.8143900700369555,0.8143900700369555,1.0,-4.469713489752842e-13,1.5959535e-12,3.5897982e-16,2.306641759626427e-13,6.63474085755977e-14,6.63474085755977e-14,7.479999999999999e-16,2.6659333216838432e-14,1.148982155079831e-12,1149.499844066909,4.9295441311407755e-14,8.260883285414598e-14,1.1313693231737248e-12
36,36,37,407463.0,BAW680,48.29990192995233,4.9545448704769735,285.51666642,10553.7,0.7618305604584276,34610D,214.65617,21.770647,16.301754,268.10224658108183,67037.03345289377,0.4621475694770292,0.588259544295274,43.122630993499584,43.6345640292924,24.43768675224022,3.764960308054639e-05,24270.50189404938,1.1104353833100165,0.3593552582791632,0.7236366938337994,cruise,15,GTF2035_wi,0,43031,1.237,3.16,3.16,11.758246395502438,1.7632942660156514,0.9128217389577924,21.817422910763053,13.96059843957534,36.28235539,1450000000000000.0,17.7586581377811,804.182523718638,1361.29956896327,0.00376496030805,0.024893623856868,0.294129772147637,21.8172820146462,11.8154662350009,11.815021404134646,14.927938228403784,0.6762226918423772,643280581324852.0,10.423824595338855,724113210015979.5,0.0012551607121608491,9.616523082558585e-06,3.16,35.8,2023-05-05 09:37:00,3.764963116520651e-05,1.1104375160914373,1.0,36,242.70501894049386,3.764963116520651e-05,21.770647,16.301754,1.1104375160914373,0.017896866,9.5185294e-07,0.39389260726741754,1018.4492940605573,17086.69367085899,-0.23078399535813834,0.9730050089729932,2.0891866593441404,233.75952861450818,0.6249129188918718,0.0,1.0,227.02792436601413,28.117254249628648,62.7290681799403,1.0940124716231803,214.84825,3.786938384838639e-05,10522.335465910031,1.0,0.005022816356258204,0.002455739,125.4581363598806,0.39546495750924615,7.510828152315698e-06,1215924085315.786,-28688222465.88609,0 days 00:53:00,-1.7822482173642085e-12,-2.691194808219955e-14,780.6890656659509,91.19483736536223,1119.6662437831596,281.94208668179135,31.57900408289153,413.28959419786133,188.51382,168.57959,206.15611,-5.853442847728729,-12.283893585205078,-0.583490252494812,5.3111715,0.42916787,10.805316,-0.542271333582261,-2.020364761352539,0.7422609329223633,-1.0,10422.479941830914,1.1350036465164852,0.09117398193301472,946761286330.4016,249041283287.3359,1.0520806224843035e-05,4925.430311828871,854.2066119421186,0.1174997625626745,0.06523054,8.383333333333333,-5.853442847728729,5.3111715,-0.542271333582261,188.51382,780.6890656659509,281.94208668179135,17086.69367085899,17086.69367085899,3.479465e-05,1.8612222e-06,104260.31,0.96764404,-208.09622,0.925476413051772,0.925476413051772,0.9999999999999999,-4.467363895107951e-13,1.5964164e-12,3.544067e-16,2.546415036644516e-13,7.575401034092564e-14,7.575401034092564e-14,7.48e-16,2.8168887292574622e-14,1.1496799171871783e-12,1149.9495155570546,5.093267834426396e-14,8.342743917959121e-14,1.2943855690344806e-12,3.479465e-05,1.8612222e-06,104260.31,0.96764404,-208.09622,0.925476413051772,0.925476413051772,0.9999999999999999,-4.467363895107951e-13,1.5964164e-12,3.544067e-16,2.546415036644516e-13,7.575401034092564e-14,7.575401034092564e-14,7.48e-16,2.8168887292574622e-14,1.1496799171871783e-12,1149.9495155570546,5.093267834426396e-14,8.342743917959121e-14,1.2943855690344806e-12
37,37,38,407463.0,BAW680,48.26422119140625,5.179138183593749,286.031110864,10561.32,0.7647260267430768,34610D,214.5208,21.107042,16.162573,268.2188605098153,66993.91082190027,0.46232171484677886,0.584207809947558,42.761945483899886,43.3315053199468,0.0,3.589018722410437e-05,24241.73764469953,1.076567422458973,0.3563495456991657,0.716894707783231,cruise,15,GTF2035_wi,0,43031,1.237,3.16,3.16,11.740596906758643,1.76066816379269,0.9135068558454102,21.66532440405314,13.908924522496797,36.28235538999999,1450000000000000.0,17.6777124378887,803.177478081683,1358.26185021083,0.00358901872241,0.0248133126059871,0.292103904973779,21.6657526599734,11.7720640372418,11.771641550822604,14.96045086497574,0.6726892255571508,637390030425858.0,10.417479133772517,723688924108616.5,0.0012456782888896152,9.502922385636576e-06,3.16,35.8,2023-05-05 09:38:00,3.589019563656735e-05,1.0765680721887751,1.0,37,242.41737644699538,3.589019563656735e-05,21.107042,16.162573,1.0765680721887751,0.019926947,1.0520536e-06,0.3936740496006441,1022.3197328419689,16952.226526018145,-0.2347995289073754,0.9720438165149113,2.0873833386472285,233.75026667751956,0.6050604809169712,0.0,1.0,226.88207186103816,28.117254249628648,63.29496504371562,1.064477022816766,214.72137,3.627072741594942e-05,10529.672517478142,1.0,0.00473660458768876,0.0025021026,126.58993008743124,0.39524748213484695,6.249366924207145e-06,1164716477644.1921,-26925846937.56577,0 days 00:52:00,-1.6727611047551847e-12,-2.5258692681803292e-14,1077.6758620071362,1059.3396669150245,1096.0120570992478,310.9864088821362,288.37509420862284,333.5977235556495,202.05353,194.88046,209.2266,-2.4750105142593384,-2.723332643508911,-2.2266883850097656,1.3232493,1.2592317,1.387267,-1.1517611742019653,-1.464100956916809,-0.8394213914871216,-1.0,10515.473034949766,1.0451350105408412,0.029419504822100075,1119727216253.603,6199270862.40189,2.28997266149314e-06,752.8247664692725,186.2075461283801,0.04726281389509497,0.0069724857,0.8666666666666667,-2.4750105142593384,1.3232493,-1.1517611742019653,202.05353,1077.6758620071362,310.9864088821362,16952.226526018145,16952.226526018145,3.4492852e-05,1.8375065e-06,104377.375,0.97896874,-204.64026,0.9905764649165425,0.9905764649165425,1.0,-4.46120370034315e-13,1.5990219e-12,3.5257863e-16,2.668365636582869e-13,6.31123557232969e-14,6.31123557232969e-14,7.479999999999999e-16,2.61862760007699e-14,1.1529015745262317e-12,1150.4026256709662,5.034040860621661e-14,8.285281897301064e-14,1.0698949508119669e-12,3.4492852e-05,1.8375065e-06,104377.375,0.97896874,-204.64026,0.9905764649165425,0.9905764649165425,1.0,-4.46120370034315e-13,1.5990219e-12,3.5257863e-16,2.668365636582869e-13,6.31123557232969e-14,6.31123557232969e-14,7.479999999999999e-16,2.61862760007699e-14,1.1529015745262317e-12,1150.4026256709662,5.034040860621661e-14,8.285281897301064e-14,1.0698949508119669e-12
38,38,39,407463.0,BAW680,48.22821148371292,5.401587235300164,285.51666642,10561.32,0.7675775552417182,34610D,214.46916,20.472063,15.955694,269.3347413207128,66951.14887641637,0.4628016549037836,0.581918585587682,42.404456985923495,43.0275079740846,-24.42617451765884,3.501922914312292e-05,24241.73764469953,1.057713960625258,0.3533704748826958,0.7112694096781575,cruise,15,GTF2035_wi,0,43031,1.237,3.16,3.16,11.72010270846731,1.7576049773077678,0.9174177722205376,21.513689566207823,13.865840985455376,36.18005183142309,1451536963631187.2,17.6389755355592,802.826783434461,1356.64085410169,0.00350192291431,0.0247529936855995,0.290959292793841,21.5137539870423,11.7545092318717,11.754097612434038,14.956627507378496,0.6714562788462705,632763648718829.6,10.50265434526948,727783613469030.0,0.0012444048360330691,9.425022152584932e-06,3.16,35.8,2023-05-05 09:39:00,3.501923592945889e-05,1.0577144883908944,1.0,38,242.41737644699538,3.501923592945889e-05,20.472063,15.955694,1.0577144883908944,0.01821353,9.333897e-07,0.3937688386506007,1026.131431007218,17163.718029554235,-0.23714286295151335,0.9714747873986023,2.0892466648463603,233.75983668388554,0.5941677496118013,0.0,1.0,226.81779700456107,28.117254249628648,63.09500266087224,1.0483450201146742,214.67235,3.548885291498484e-05,10529.772498669563,1.0,0.004577642914919693,0.0026874775,126.19000532174448,0.39533160938236583,5.5941789437647065e-06,1127676444515.9255,-8299157291.587254,0 days 00:21:00,-5.155829471883491e-13,-7.785302502544071e-15,1079.1842739344816,1061.0112518816322,1097.357295987331,299.93729517471604,289.41460799904985,310.45998235038223,200.44794,195.33163,205.56422,-2.309926211833954,-3.369734764099121,-1.2501176595687866,0.91589963,0.54502493,1.2867744,-1.3940265476703644,-2.082960367202759,-0.70509272813797,-1.0,10509.485396162258,1.0255491529606096,0.0236487179538744,1073811599406.1428,5500043324.607044,1.7293507893909227e-06,581.4905367492092,184.5386156523678,0.042493470365489415,0.0069409776,0.85,-2.309926211833954,0.91589963,-1.3940265476703644,200.44794,1079.1842739344816,299.93729517471604,17163.718029554235,17163.718029554235,3.4353903e-05,1.8473344e-06,104418.32,0.98540545,-197.46521,1.0,1.0,1.0,-4.459035522241195e-13,1.5997376e-12,3.533362e-16,2.6741955171145504e-13,2.3905404031418897e-14,2.3905404031418897e-14,7.480000000000001e-16,1.992604399637308e-14,1.1538340890683561e-12,1150.8580042192393,5.013240440877661e-14,8.252815934291354e-14,4.10305614177843e-13,3.4353903e-05,1.8473344e-06,104418.32,0.98540545,-197.46521,1.0,1.0,1.0,-4.459035522241195e-13,1.5997376e-12,3.533362e-16,2.6741955171145504e-13,2.3905404031418897e-14,2.3905404031418897e-14,7.480000000000001e-16,1.992604399637308e-14,1.1538340890683561e-12,1150.8580042192393,5.013240440877661e-14,8.252815934291354e-14,4.10305614177843e-13
39,39,40,407463.0,BAW680,48.19138866359904,5.626517847964638,285.51666642,10553.7,0.770413827962503,34610D,214.50563,19.814154,15.750169,270.3144200028183,66908.74441943044,0.46332642239661687,0.579194489241232,42.04538539059241,42.7192592755588,-48.85358155181471,3.4771833995519674e-05,24270.50189404938,1.046377162101403,0.35037821158827,0.7057108720370983,cruise,15,GTF2035_wi,0,43031,1.237,3.16,3.16,11.747470024862055,1.7617120226517362,0.9206765031101662,21.35962235266878,13.82191838896042,35.56966662717692,1460707122255102.5,17.5997075044467,802.588715502562,1353.91125542805,0.00347718339955,0.0246814010898421,0.289597244620616,21.3596296377794,11.7334199775151,11.733011999169598,15.018479492920935,0.6706204055055266,627052177475241.0,10.595554279218616,732368515258845.1,0.0012338351851053785,9.333930908080918e-06,3.16,35.8,2023-05-05 09:40:00,3.4771835532091685e-05,1.0463772811591392,1.0,39,242.70501894049386,3.4771835532091685e-05,19.814154,15.750169,1.0463772811591392,0.016458012,8.171251e-07,0.3941690410053015,1029.9227319734248,17070.3552724904,-0.23936861502089993,0.9709287647108701,2.093770553083304,233.78303990048104,0.5880062494734252,0.0,1.0,226.79864984444652,28.117254249628648,62.97401371092783,1.0381974706063841,214.70938,3.527779431680053e-05,10522.212993144536,1.0,0.004494674551706907,0.0027454852,125.94802742185566,0.39572827553073997,5.1869255053370945e-06,1092934038674.865,-6326973203.74093,0 days 00:20:00,-3.9306153342498834e-13,-5.9352291547173245e-15,1062.700257893885,1062.700257893885,1062.700257893885,298.9398819173225,298.9398819173225,298.9398819173225,194.16464,194.16464,194.16464,-2.376676559448242,-2.376676559448242,-2.376676559448242,0.72650385,0.72650385,0.72650385,-1.6501727104187012,-1.6501727104187012,-1.6501727104187012,-1.0,10515.199383648289,1.0163067430739974,,1035926968221.7125,,1.36375011824274e-06,278.53906397852376,145.00601844315972,0.042649847513639365,0.009732779,0.3333333333333333,-2.376676559448242,0.72650385,-1.6501727104187012,194.16464,1062.700257893885,298.9398819173225,17070.3552724904,17070.3552724904,3.4320117e-05,1.8813045e-06,104385.07,0.9845987,-189.43657,1.0,1.0,1.0,-4.4607623787787776e-13,1.5986977e-12,3.5595472e-16,2.674388730385748e-13,-2.0902090577980217e-14,-2.0902090577980217e-14,7.480000000000001e-16,1.274369972386937e-14,1.1526214993319624e-12,1151.3223911590783,4.942191145827119e-14,8.214182581978292e-14,-3.568061121038965e-13,3.4320117e-05,1.8813045e-06,104385.07,0.9845987,-189.43657,1.0,1.0,1.0,-4.4607623787787776e-13,1.5986977e-12,3.5595472e-16,2.674388730385748e-13,-2.0902090577980217e-14,-2.0902090577980217e-14,7.480000000000001e-16,1.274369972386937e-14,1.1526214993319624e-12,1151.3223911590783,4.942191145827119e-14,8.214182581978292e-14,-3.568061121038965e-13
40,40,41,407463.0,BAW680,48.15442618677172,5.849938025841346,286.545555308,10538.46,0.7732079003417234,34610D,214.62517,19.153727,15.646062,271.2698383206429,66866.69903403985,0.4644681144040635,0.57960709107823,42.02373710947397,42.7040952901618,-48.86180775349697,3.466501594632497e-05,24328.113304650207,1.02908418221332,0.3501978092456164,0.7059484055910206,cruise,15,GTF2035_wi,0,43031,1.237,3.16,3.16,11.967787782249934,1.7947533037831762,0.923673306187024,21.35198832825144,13.828031106404657,35.37045818419319,1463699942213181.2,17.6563264852079,803.453321922513,1350.27983841511,0.00346650159463,0.0246517236843883,0.289803545539115,21.3520476450809,11.7559140792514,11.75550657442854,15.270807746482012,0.6736590172518974,625173108914746.6,10.704899381043,737862844583304.8,0.001201695471859664,9.327686842313106e-06,3.16,35.8,2023-05-05 09:41:00,3.4665003242799103e-05,1.0290832111944246,1.0,40,243.2811330465021,3.4665003242799103e-05,19.153727,15.646062,1.0290832111944246,0.017730981,8.872117e-07,0.39488462664558455,1033.6576151086197,17004.460625084183,-0.24271629988404714,0.9700973135570456,2.1032146593741823,233.8313365300354,0.5789562740250624,0.0,1.0,226.78453004857215,28.117254249628648,63.41106950661707,1.0218429024666726,214.831,3.520468010598502e-05,10506.754465246691,1.0,0.004399210301066318,0.0025419346,126.82213901323414,0.3964556556629431,4.546495787257786e-06,1054462427359.7404,0.0,0 days 00:00:00,0.0,0.0,1064.3673095698164,1064.3673095698164,1064.3673095698164,308.2650756830976,308.2650756830976,308.2650756830976,189.92981,189.92981,189.92981,-0.8598187565803528,-0.8598187565803528,-0.8598187565803528,0.16978139,0.16978139,0.16978139,-0.6900373697280884,-0.6900373697280884,-0.6900373697280884,0.0,10499.379477061837,0.9992359623152041,,1007576209647.0532,,8.669133248394242e-07,283.33357410506306,142.780432832872,0.01582261062890122,0.013047886,0.31666666666666665,-0.8598187565803528,0.16978139,-0.6900373697280884,189.92981,1064.3673095698164,308.2650756830976,17004.460625084183,0.0,3.4422796e-05,1.8953174e-06,104276.48,0.9801556,-182.52812,1.0,1.0,1.0,-4.466449210177401e-13,1.5959015e-12,3.570349e-16,2.690647110253655e-13,-5.94578574726035e-14,-5.94578574726035e-14,7.480000000000001e-16,6.5321130704286676e-15,1.1492565677625729e-12,1151.788539364176,4.8028205426107585e-14,8.220034134238746e-14,-1.0110487962447534e-12,3.4422796e-05,1.8953174e-06,104276.48,0.9801556,-182.52812,1.0,1.0,1.0,-4.466449210177401e-13,1.5959015e-12,3.570349e-16,2.690647110253655e-13,-5.94578574726035e-14,-5.94578574726035e-14,7.480000000000001e-16,6.5321130704286676e-15,1.1492565677625729e-12,1151.788539364176,4.8028205426107585e-14,8.220034134238746e-14,-1.0110487962447534e-12
41,41,42,407463.0,BAW680,48.117095947265625,6.0721435546875,287.059999752,10523.22,0.7759631970088833,34610D,214.7715,18.538912,15.69997,272.51109173347766,66824.67529693038,0.46438044690445485,0.59828121096993,43.37322613662258,43.8709000440866,48.87357308931509,3.465361898208848e-05,24385.83539984122,1.0112605850780232,0.3614435511385215,0.7298344920526972,cruise,15,GTF2035_wi,0,43031,1.237,3.16,3.16,11.91854264401097,1.787368375966038,0.927583621306667,21.9355426443127,14.036116754692191,36.28235539,1450000000000000.0,18.0328987238715,807.050203089705,1365.0818201717,0.00346536189821,0.0249707664156966,0.299140605484965,21.9354500220433,11.9796325232903,11.979217400054814,14.924042527129885,0.6863499756635453,652251726219561.1,10.83559475341596,744382882663340.0,0.0012703476779975735,9.823721234898365e-06,3.16,35.8,2023-05-05 09:42:00,3.4653617186864714e-05,1.0112604501888511,1.0,41,243.85835399841227,3.4653617186864714e-05,18.538912,15.69997,1.0112604501888511,0.023015963,1.1930746e-06,0.395551865002892,1037.340658661477,17231.248723830206,-0.24525643938028968,0.9694582399167598,2.1078597703813147,233.85502101577535,0.5697344760772866,0.0,1.0,226.74722011748815,28.117254249628648,64.32218582902208,1.0048130743733688,214.98259,3.523747966344202e-05,10491.058907085488,1.0,0.004249781859258235,0.0022025018,128.64437165804415,0.39714329800420917,3.969028844081587e-06,1088931566151.7018,0.0,0 days 00:00:00,,,,,,,,,,,,,,,,,,,,,0.0,,,,,,,,,,,,,,,,,,17231.248723830206,0.0,3.4678847e-05,1.9011857e-06,104166.75,0.9763835,-176.96382,1.0,1.0,1.0,-4.4721992303512065e-13,1.5934693e-12,3.5748724e-16,2.713907358371421e-13,-9.051202760828289e-14,-9.051202760828289e-14,7.479999999999999e-16,1.52480398752111e-15,1.1462493206083377e-12,1152.2593255677878,5.22706985136281e-14,8.484871996472425e-14,-1.5596352602165088e-12,3.4678847e-05,1.9011857e-06,104166.75,0.9763835,-176.96382,1.0,1.0,1.0,-4.4721992303512065e-13,1.5934693e-12,3.5748724e-16,2.713907358371421e-13,-9.051202760828289e-14,-9.051202760828289e-14,7.479999999999999e-16,1.52480398752111e-15,1.1462493206083377e-12,1152.2593255677878,5.22706985136281e-14,8.484871996472425e-14,-1.5596352602165088e-12
42,42,43,407463.0,BAW680,48.07887190479343,6.296997070312499,288.603333084,10538.46,0.7787036103499647,34610D,214.72856,18.033192,15.958802,272.99911447627835,66781.30207079375,0.4646498679299032,0.594564913309996,43.00530371054551,43.545701918166,24.44242682900344,3.413830354807094e-05,24328.113304650207,0.9995687940051986,0.3583775309212126,0.7252818914390831,cruise,15,GTF2035_wi,0,43031,1.237,3.16,3.16,11.888077440920773,1.7828057773418349,0.9293376399967972,21.772545862578653,13.984813929892972,36.28235539,1450000000000000.0,17.9497456914891,806.630619126349,1363.2224114878,0.00341383035481,0.0249181943228672,0.297282456654998,21.772850959083,11.9303370381932,11.929929770629382,14.94738929055385,0.6848647055598458,646162466707621.4,10.831439981921,743944295142730.8,0.0012638131342287515,9.721554683687293e-06,3.16,35.8,2023-05-05 09:43:00,3.413830354807094e-05,0.9995687129840726,0.0,42,243.2811330465021,3.413830354807094e-05,18.033192,15.958802,0.9995687129840726,0.031033665,1.7036484e-06,0.39469449301106063,1041.0038030338198,17207.681153819824,-0.24887977775708417,0.9685343856691845,2.1039277534251046,233.834975457915,0.5629137768451583,0.0,1.0,226.6851989549354,28.117254249628648,65.49959609439686,0.9964275283090002,214.94855,3.4864790691343756e-05,10505.710201952801,1.0,0.004101846968520135,0.0019052766,130.99919218879373,0.39630314877528505,3.4339669952210984e-06,1027278864837.3057,0.0,0 days 00:00:00,,,,,,,,,,,,,,,,,,,,,0.0,,,,,,,,,,,,,,,,,,17207.681153819824,0.0,3.471072e-05,2.001204e-06,104356.836,0.97916573,-172.88882,0.9999999999999998,0.9999999999999998,0.9999999999999998,-4.4621901380599513e-13,1.5997374e-12,3.6519698e-16,2.703671955125103e-13,-1.1325438640818091e-13,-1.1325438640818091e-13,7.480000000000001e-16,-2.011765903254273e-15,1.1535183796802386e-12,1152.7413838690543,5.2006533944082166e-14,8.432167165755428e-14,-1.9488453705834827e-12,3.471072e-05,2.001204e-06,104356.836,0.97916573,-172.88882,0.9999999999999998,0.9999999999999998,0.9999999999999998,-4.4621901380599513e-13,1.5997374e-12,3.6519698e-16,2.703671955125103e-13,-1.1325438640818091e-13,-1.1325438640818091e-13,7.480000000000001e-16,-2.011765903254273e-15,1.1535183796802386e-12,1152.7413838690543,5.2006533944082166e-14,8.432167165755428e-14,-1.9488453705834827e-12
43,43,44,407463.0,BAW680,48.04014044292902,6.5211604191706725,288.603333084,10546.08,0.7814085614403459,34610D,214.72534,17.58138,16.4418,274.09065663885934,66738.29676708321,0.46529208426142266,0.59165872991236,42.63424436382456,43.2199389006286,0.0,3.424613822146163e-05,24299.29377393277,1.001967684267888,0.355285369698538,0.7208347055208103,cruise,15,GTF2035_wi,0,43031,1.237,3.16,3.16,11.90703959586404,1.7856481692557975,0.9330604232380684,21.609535421707704,13.938363624256285,36.03197667779606,1453761579558268.2,17.8985282633931,806.570082727065,1360.94982515904,0.00342461382215,0.0248617531282048,0.29582936495618,21.6099694503143,11.8989744379921,11.89856695802342,15.01067864328073,0.6846506665449635,640233823546868.1,10.893493009415668,746806809393466.5,0.0012531331838127502,9.630860552335965e-06,3.16,35.8,2023-05-05 09:44:00,3.424615085025507e-05,1.001968635634985,1.0,43,242.99293773932774,3.424615085025507e-05,17.58138,16.4418,1.001968635634985,0.040999446,2.3682783e-06,0.3942328424394286,1044.6195374818878,17207.97152668409,-0.25058838875920847,0.9680937245014367,2.1039595477730506,233.8351376794605,0.5642477481326534,0.0,1.0,226.6937882169232,28.117254249628648,66.34266867142988,0.9988658301139578,214.95705,3.5028825254735815e-05,10512.908665664285,1.0,0.0037398451355900877,0.0019298,132.68533734285975,0.39584440614263716,3.4022630312652863e-06,1002467096568.2351,0.0,0 days 00:00:00,,,,,,,,,,,,,,,,,,,,,0.0,,,,,,,,,,,,,,,,,,17207.97152668409,0.0,3.4937788e-05,1.9932968e-06,104474.8,0.98720914,-169.70544,0.9999999999999999,0.9999999999999999,0.9999999999999999,-4.455968009249786e-13,1.6039788e-12,3.6458747e-16,2.700091954092045e-13,-1.3102071692497395e-13,-1.3102071692497395e-13,7.48e-16,-4.791761299616266e-15,1.1583819949341707e-12,1153.2298414340937,5.1531354304257206e-14,8.390951440315483e-14,-2.254600766250688e-12,3.4937788e-05,1.9932968e-06,104474.8,0.98720914,-169.70544,0.9999999999999999,0.9999999999999999,0.9999999999999999,-4.455968009249786e-13,1.6039788e-12,3.6458747e-16,2.700091954092045e-13,-1.3102071692497395e-13,-1.3102071692497395e-13,7.48e-16,-4.791761299616266e-15,1.1583819949341707e-12,1153.2298414340937,5.1531354304257206e-14,8.390951440315483e-14,-2.254600766250688e-12
44,44,45,407463.0,BAW680,48.00114440917969,6.74505615234375,287.059999752,10546.08,0.7840781756303116,34610D,214.7656,17.259748,17.03213,275.08606856731467,66695.66252271939,0.46586688649344776,0.592737567812498,42.610749823531,43.1953640091668,0.0,3.458140294616293e-05,24299.29377393277,1.0063629064326434,0.3550895818627583,0.7218409647338265,cruise,15,GTF2035_wi,0,43031,1.237,3.16,3.16,11.95495364420584,1.792829627561703,0.936361264566209,21.597685028925422,13.942643904504672,35.93017311825712,1455291031424003.0,17.9337716777918,807.229561194176,1361.045808545,0.00345814029462,0.0248696764109695,0.296368783906249,21.5976820045834,11.9168733444206,11.916461256472198,15.048441621342414,0.6869876009204577,640314239060055.4,10.968305777571734,750401648527988.1,0.0012502788671649296,9.648358616541058e-06,3.16,35.8,2023-05-05 09:45:00,3.458139783530593e-05,1.0063625234758984,1.0,44,242.99293773932774,3.458139783530593e-05,17.259748,17.03213,1.0063625234758984,0.059388295,3.6069046e-06,0.3941589394762137,1048.1880296279032,17199.05447697947,-0.25460738263422333,0.9670445081319422,2.106224312713064,233.8466874178052,0.5669426970890266,0.0,1.0,226.7216534622015,28.117254249628648,66.25657693807604,1.0036672382035785,215.00713,3.543260765334251e-05,10512.951711530963,1.0,0.0032992083421183338,0.0024298665,132.51315387615207,0.395749560411345,3.547200221264013e-06,1011110678445.3287,-39226399318.771194,0 days 01:15:00,-2.4369296613838575e-12,-3.6797637886896254e-14,1099.2763542024315,1070.9589763653962,1122.271416625114,380.37578047196286,363.8445964825837,412.5759210196452,173.3032,167.3254,176.89552,-1.4206080436706543,-1.9000383615493774,-1.0800111293792725,0.6597157,0.2666126,0.95801,-0.7608923117319742,-0.9420283436775208,-0.5272500514984131,-1.0,10554.760168267416,1.0050645061401635,0.010810355675322585,930075966479.3751,24510620155.933838,2.2479058442894686e-06,832.6305479479355,218.009618845704,0.03345893188002464,0.055217165,1.25,-1.4206080436706543,0.6597157,-0.7608923117319742,173.3032,1099.2763542024315,380.37578047196286,17199.05447697947,17199.05447697947,3.5324363e-05,1.7594353e-06,104518.11,0.9992933,-168.23853,1.0,1.0,1.0,-4.4536690615180454e-13,1.6060689e-12,3.4656065e-16,2.702946617438917e-13,-1.3920754917751294e-13,-1.3920754917751294e-13,7.480000000000001e-16,-6.089521348083545e-15,1.160701990103796e-12,1153.7216356183171,5.161088708996069e-14,8.406251605722272e-14,-2.3942382219108434e-12,3.5324363e-05,1.7594353e-06,104518.11,0.9992933,-168.23853,1.0,1.0,1.0,-4.4536690615180454e-13,1.6060689e-12,3.4656065e-16,2.702946617438917e-13,-1.3920754917751294e-13,-1.3920754917751294e-13,7.480000000000001e-16,-6.089521348083545e-15,1.160701990103796e-12,1153.7216356183171,5.161088708996069e-14,8.406251605722272e-14,-2.3942382219108434e-12
45,45,46,407463.0,BAW680,47.9615478515625,6.968421936035156,287.574444196,10546.08,0.7867136925355083,34610D,214.81058,17.193357,17.393427,275.41364101807915,66653.05177289585,0.4649672099014551,0.598220466728426,42.92161127180288,43.4589857368166,24.45649829985041,3.550429101571237e-05,24299.29377393277,1.0270456002954085,0.3576800939316907,0.7279633042352041,cruise,15,GTF2035_wi,0,43031,1.237,3.16,3.16,11.715337502147976,1.756884680570173,0.937378131175482,21.729253377436063,13.990220406710232,36.28235539,1450000000000000.0,18.0035161521495,807.848127809967,1369.40857133643,0.00355042910157,0.0249857973890019,0.299110233364213,21.7294928684083,11.9712102322527,11.970785218010636,14.679986841366771,0.6891866300553517,649225626293945.2,10.991448675861925,751513637195807.9,0.0013098900398750965,9.798052249675249e-06,3.16,35.8,2023-05-05 09:46:00,3.550431112990609e-05,1.027047098446916,1.0,45,242.99293773932774,3.550431112990609e-05,17.193357,17.393427,1.027047098446916,0.075644575,4.679879e-06,0.394076405044727,1051.7109366892175,17099.93123811332,-0.2567539073442636,0.9664768135156959,2.102684295719563,233.8286293698043,0.5788471524894994,0.0,1.0,226.78129759853644,28.117254249628648,66.69237539956313,1.0255890894506932,215.06189,3.646981942626425e-05,10512.73381230022,1.0,0.002945506208969562,0.002721965,133.38475079912627,0.39566219271363484,4.2551313464564865e-06,1078362973498.318,-41036155942.98462,0 days 01:14:00,-2.5493603120176815e-12,-3.849534071146699e-14,1100.5196536359376,1072.6432179067313,1123.0722716706143,397.21799754869807,377.68691907860625,423.7944396393643,170.41281,161.41684,175.49617,-1.9030444224675496,-2.404083728790283,-1.2353090047836304,0.83543825,0.5856106,1.2862723,-1.0676061312357585,-1.435308575630188,-0.6496983766555786,-1.0,10567.778036629794,0.9975547836395556,0.00863665739533011,967624194411.7715,31525480726.336983,2.1790663222181635e-06,675.4829892669684,221.50842489906336,0.0467179203144156,0.061469484,1.2333333333333334,-1.9030444224675496,0.83543825,-1.0676061312357585,170.41281,1100.5196536359376,397.21799754869807,17099.93123811332,17099.93123811332,3.5544766e-05,1.4723753e-06,104556.34,1.0048234,-171.61595,1.0,1.0,1.0,-4.4516338890239075e-13,1.6079529e-12,3.244331e-16,2.7067524589002963e-13,-1.2035825930571568e-13,-1.2035825930571568e-13,7.480000000000001e-16,-3.0686248093549552e-15,1.1627895051647777e-12,1154.217624764845,5.466992284091241e-14,8.484010516779877e-14,-2.0581179580667507e-12,3.5544766e-05,1.4723753e-06,104556.34,1.0048234,-171.61595,1.0,1.0,1.0,-4.4516338890239075e-13,1.6079529e-12,3.244331e-16,2.7067524589002963e-13,-1.2035825930571568e-13,-1.2035825930571568e-13,7.480000000000001e-16,-3.0686248093549552e-15,1.1627895051647777e-12,1154.217624764845,5.466992284091241e-14,8.484010516779877e-14,-2.0581179580667507e-12
46,46,47,407463.0,BAW680,47.921851206634,7.1901996319110575,287.059999752,10553.7,0.7893059902769731,34610D,214.79369,17.315672,17.464064,275.4628335874912,66610.13016162405,0.4658714643163989,0.576895876173278,41.24128390145369,41.9838220347842,-97.85484252276356,3.4855041320934966e-05,24270.50189404938,1.0093399614158245,0.3436773658454474,0.7001387399563044,cruise,15,GTF2035_wi,0,43031,1.237,3.16,3.16,11.855844173661511,1.7779633901106588,0.9375824681262326,20.9917411767032,13.742615568008892,34.16892339707506,1481751271952789.0,17.597850474398,804.509535777515,1351.15918161748,0.00348550413209,0.024599275418111,0.288447938086639,20.9919110173921,11.7258713187248,11.72546262724042,15.1667540815281,0.6773723770331962,615800070650195.9,10.97412422263482,750561807050011.1,0.0012181112725744838,9.213672596207718e-06,3.16,35.8,2023-05-05 09:47:00,3.485502473950465e-05,1.0093387250763803,1.0,46,242.70501894049386,3.485502473950465e-05,17.315672,17.464064,1.0093387250763803,0.08331919,5.282545e-06,0.39364042056979426,1055.1760642172524,17269.01853415751,-0.2591178648618634,0.9658457082316144,2.103747204953465,233.8340542199708,0.5687737821813592,0.0,1.0,226.72154667230402,28.117254249628648,67.06132134028482,1.0093203618961215,215.05281,3.588948871523635e-05,10520.16933932986,1.0,0.002658992333301171,0.0030284156,134.12264268056964,0.39522185382258607,3.450771541689449e-06,933675360457.7084,0.0,0 days 00:00:00,0.0,0.0,771.1651374044169,62.62845232479809,1124.4140436135594,271.35247000652515,6.1074104546809025,435.7389337502782,195.58624,161.83495,234.64189,-5.213126242160797,-10.173766136169434,-0.5650416016578674,4.1262345,0.17527713,9.612735,-1.0868916423881756,-4.293235778808594,1.5884127616882324,0.0,10546.171287265948,1.0790745696146244,0.047255306266631325,707256069834.0614,106555310253.9518,8.361058508729193e-06,3844.1041746352967,845.5885848037751,0.07383437977179563,0.070044294,8.216666666666667,-5.213126242160797,4.1262345,-1.0868916423881756,195.58624,771.1651374044169,271.35247000652515,17269.01853415751,0.0,3.553626e-05,1.2045437e-06,104665.8,0.99882483,-175.3889,1.0,1.0,1.0,-4.44584864763721e-13,1.611728e-12,3.0378773e-16,2.701829764397558e-13,-9.930163006045846e-14,-9.930163006045846e-14,7.479999999999999e-16,3.363871220192139e-16,1.1671430913987742e-12,1154.7147668076648,4.921072357838236e-14,8.181583467559521e-14,-1.7148416899861099e-12,3.553626e-05,1.2045437e-06,104665.8,0.99882483,-175.3889,1.0,1.0,1.0,-4.44584864763721e-13,1.611728e-12,3.0378773e-16,2.701829764397558e-13,-9.930163006045846e-14,-9.930163006045846e-14,7.479999999999999e-16,3.363871220192139e-16,1.1671430913987742e-12,1154.7147668076648,4.921072357838236e-14,8.181583467559521e-14,-1.7148416899861099e-12
47,47,48,407463.0,BAW680,47.88139343261719,7.413848876953125,287.059999752,10523.22,0.791876777015035,34610D,215.08266,17.298687,17.337296,275.1573433160532,66568.8888777226,0.46613918222125195,0.587694296295314,42.21002930380878,42.8417711419018,-24.474324812792048,3.543201256136736e-05,24385.83539984122,0.9920402231299646,0.3517502441984065,0.7164004281527608,cruise,15,GTF2035_wi,0,43031,1.237,3.16,3.16,12.073471549241225,1.8105929449905915,0.935913314116218,21.42092256770568,13.886791468094913,35.31603900611945,1464517511989853.0,17.8554386202799,807.122211399432,1355.5748278536,0.00354320125614,0.0247705188506925,0.293847148147657,21.4208855709509,11.8627772764413,11.862356969260158,15.26689221092193,0.6866059680934662,630550800267382.5,11.024083578137768,753440155289190.0,0.001216953438288801,9.498631255904751e-06,3.16,35.8,2023-05-05 09:48:00,3.543201256136736e-05,0.9920395097553008,0.0,47,243.85835399841227,3.543201256136736e-05,17.298687,17.337296,0.9920395097553008,0.09148129,5.727793e-06,0.3949796202746824,1058.612432605285,17177.314029069657,-0.26257969763495637,0.9649103079509178,2.114805261224998,233.89034868153857,0.5605896471458691,0.0,1.0,226.72211421703972,28.117254249628648,67.22692390195776,0.9918282557689834,215.34842,3.650499495784982e-05,10489.60653804902,1.0,0.002421567912263356,0.003336828,134.45384780391552,0.3965580801989055,2.8605036934942544e-06,912602348293.782,0.0,0 days 00:00:00,,,,,,,,,,,,,,,,,,,,,0.0,,,,,,,,,,,,,,,,,,17177.314029069657,0.0,3.618061e-05,9.157765e-07,104405.234,0.979826,-181.05824,1.0,1.0,1.0,-4.4595452337494247e-13,1.6057675e-12,2.815286e-16,2.763450731018336e-13,-6.766118136026219e-14,-6.766118136026219e-14,7.479999999999999e-16,5.2813086840133244e-15,1.15981300664536e-12,1155.221440871906,4.9769658759308867e-14,8.334727525603846e-14,-1.162237359803058e-12,3.618061e-05,9.157765e-07,104405.234,0.979826,-181.05824,1.0,1.0,1.0,-4.4595452337494247e-13,1.6057675e-12,2.815286e-16,2.763450731018336e-13,-6.766118136026219e-14,-6.766118136026219e-14,7.479999999999999e-16,5.2813086840133244e-15,1.15981300664536e-12,1155.221440871906,4.9769658759308867e-14,8.334727525603846e-14,-1.162237359803058e-12
48,48,49,407463.0,BAW680,47.84061755164195,7.63592059795673,288.08888864,10515.6,0.7944059276462474,34610D,215.22266,17.227072,16.972853,274.79577649420065,66526.67884841879,0.4652465320669239,0.60769373140224,43.8861727381647,44.2730341480332,97.92821011297409,3.604884695350097e-05,24414.73800496757,0.9918946797794118,0.3657181061513725,0.7453806174391454,cruise,15,GTF2035_wi,0,43031,1.237,3.16,3.16,11.993631127075128,1.7986123124883526,0.9343794254868188,22.136773462737484,14.127966655829686,36.28235538999999,1450000000000000.0,18.2349474926729,810.604061202625,1372.07006267471,0.00360488469535,0.0251445744931193,0.30384686570112,22.1365170740166,12.0839931407177,12.0835575424012,14.888396107619744,0.6994121449706806,660861325815228.6,11.011142540167397,752937930871981.2,0.001291556960114401,1.004504345066927e-05,3.16,35.8,2023-05-05 09:49:00,3.604884695350097e-05,0.9918944948530865,0.0,48,244.14738004967575,3.604884695350097e-05,17.227072,16.972853,0.9918944948530865,0.09773872,6.0816965e-06,0.39519052396314763,1061.993137851849,17272.293350481978,-0.26539089310341174,0.9641408993802585,2.1137785236477593,233.88513273671467,0.5612672736181571,0.0,1.0,226.7215262258254,28.117254249628648,67.39529016262216,0.9916606799568394,215.49275,3.7158852731809974e-05,10481.90235491869,1.0,0.0022523109114234783,0.003608229,134.79058032524432,0.3967668938818027,2.9694928815484047e-06,996181838754.9244,-1160569741380.157,0 days 04:41:00,-7.210008759382848e-11,-1.0887113226668101e-12,1005.1585773451777,717.9543407811907,1126.0709542461564,343.849819909986,235.04622920892507,425.74490444146886,179.89177,165.439,202.76016,-1.5496532293883236,-2.925429344177246,-0.3180669844150543,1.2759618,0.055268645,2.4687486,-0.2736914564262737,-0.495597243309021,0.07107174396514893,-1.0,10490.05837577029,1.0781519518257008,0.044668820025058224,670800775233.9572,131514376598.81252,1.0002054320191359e-05,12766.20072427321,602.3928521994029,0.030001568499954667,0.089489765,5.183333333333334,-1.5496532293883236,1.2759618,-0.2736914564262737,179.89177,1005.1585773451777,343.849819909986,17272.293350481978,17272.293350481978,3.6635945e-05,7.180051e-07,104371.555,0.96927387,-186.92506,0.9999999999999999,0.9999999999999999,0.9999999999999999,-4.461299330366324e-13,1.606088e-12,2.6628373e-16,2.7924242141851446e-13,-3.491875913797936e-14,-3.491875913797936e-14,7.480000000000001e-16,1.0506737125724754e-14,1.1599580658388276e-12,1155.7320987575367,5.4625051586774707e-14,8.618361114245083e-14,-6.031270512660026e-13,3.6635945e-05,7.180051e-07,104371.555,0.96927387,-186.92506,0.9999999999999999,0.9999999999999999,0.9999999999999999,-4.461299330366324e-13,1.606088e-12,2.6628373e-16,2.7924242141851446e-13,-3.491875913797936e-14,-3.491875913797936e-14,7.480000000000001e-16,1.0506737125724754e-14,1.1599580658388276e-12,1155.7320987575367,5.4625051586774707e-14,8.618361114245083e-14,-6.031270512660026e-13
49,49,50,407463.0,BAW680,47.79917907714844,7.858863830566406,289.117777528,10546.08,0.7969075083003145,34610D,215.07301,17.284212,16.32138,274.24121813564614,66482.79267568063,0.46425880070943376,0.603512274058478,43.54342085616119,43.963773501305,73.46287396120361,3.6051408801209685e-05,24299.29377393277,1.0070888603660677,0.3628618404680099,0.7406793243579111,cruise,15,GTF2035_wi,0,43031,1.237,3.16,3.16,11.720151382239616,1.757600179367249,0.9328181436896064,21.98171261502202,14.070250460328309,36.28235538999999,1450000000000000.0,18.0889495826351,809.299170895162,1374.31061295168,0.00360514088012,0.0251264588125409,0.301756137029239,21.9818867506525,12.0094972109094,12.009064267224185,14.639218209953212,0.6943968263117094,657745414922036.1,10.88802049878788,746543838471215.6,0.0013228676585211067,9.963153274249424e-06,3.16,35.8,2023-05-05 09:50:00,3.6051434491646984e-05,1.007090708193133,1.0,49,242.99293773932774,3.6051434491646984e-05,17.284212,16.32138,1.007090708193133,0.099112384,6.200731e-06,0.3935955568389205,1065.3369841640701,17244.301616197496,-0.26753081444448695,0.9635493050813069,2.0999049127123084,233.81443254830694,0.5690417865961314,0.0,1.0,226.7049713161168,28.117254249628648,67.70150843137142,1.0084020889419434,215.34581,3.723277218293488e-05,10512.229245784314,1.0,0.0021616956306698396,0.0037602806,135.40301686274285,0.39517151931330213,3.5051381397592516e-06,1039694656528.0142,-1534259873600.7393,0 days 04:40:00,-9.531548801777236e-11,-1.4392638690683626e-12,1034.2576139575772,811.2285215089873,1127.3515673349384,343.87537518804595,255.00989357929984,425.79010493259466,179.98178,171.65433,186.51814,-1.5555699467658997,-1.9283421039581299,-1.086815595626831,1.236859,0.47806513,1.6097887,-0.3187110185623169,-0.8890341520309448,0.16438138484954834,-1.0,10519.566238765536,1.09268314872353,0.045894390360993555,681538965072.1067,143222405763.89114,1.0315608853757249e-05,14312.144871365605,557.8346771571041,0.030993543109900084,0.08371416,4.666666666666667,-1.5555699467658997,1.236859,-0.3187110185623169,179.98178,1034.2576139575772,343.87537518804595,17244.301616197496,17244.301616197496,3.6366146e-05,5.9785816e-07,104711.875,0.9713503,-193.37599,1.0,1.0,1.0,-4.443344183268589e-13,1.6163767e-12,2.570224e-16,2.7588198729177547e-13,1.0836640228763373e-15,1.0836640228763373e-15,7.48e-16,1.641495897380385e-14,1.1720423328997544e-12,1156.2510546516216,5.614318605019094e-14,8.55905935167926e-14,1.8687029261101504e-14,3.6366146e-05,5.9785816e-07,104711.875,0.9713503,-193.37599,1.0,1.0,1.0,-4.443344183268589e-13,1.6163767e-12,2.570224e-16,2.7588198729177547e-13,1.0836640228763373e-15,1.0836640228763373e-15,7.48e-16,1.641495897380385e-14,1.1720423328997544e-12,1156.2510546516216,5.614318605019094e-14,8.55905935167926e-14,1.8687029261101504e-14
50,50,51,407463.0,BAW680,47.75747680664063,8.081130981445312,287.574444196,10568.94,0.7993709867512102,34610D,214.98097,17.449568,15.399734,273.1322680680855,66439.24925482446,0.4639414547522886,0.5814085109667,41.85181013857703,42.4964833097214,-48.99450770601791,3.658038049189552e-05,24213.00100559291,1.0307728198009465,0.3487650844881419,0.7123323025829948,cruise,15,GTF2035_wi,0,43031,1.237,3.16,3.16,11.63617555153098,1.7450006770005015,0.929245003340094,21.247565837204625,13.811857104770512,35.37431858915284,1463641945188374.2,17.6176905757134,805.12800842837,1359.74767455182,0.00365803804919,0.0247706780043753,0.29070425548335,21.2482416548607,11.7358214995973,11.735392214484872,14.873213695904964,0.679551913300123,625577185189908.2,10.742523558861947,739193794220131.6,0.0012632224174187045,9.375198333712593e-06,3.16,35.8,2023-05-05 09:51:00,3.658038920199531e-05,1.0307734517498774,1.0,50,242.13001005592912,3.658038920199531e-05,17.449568,15.399734,1.0307734517498774,0.096329816,5.9423337e-06,0.39236571422104294,1068.6298916948936,17056.900664501107,-0.27087414069161714,0.9626147723282549,2.091209861741793,233.76991145868186,0.5819051854528582,0.0,1.0,226.7464233034227,28.117254249628648,68.10901351083186,1.034177830540076,215.25598,3.786547148473384e-05,10534.885493244585,1.0,0.0021383235627956765,0.0037247557,136.21802702166372,0.3939463770772119,4.1811504876221994e-06,1002488886716.8,-1675891535720.4678,0 days 04:39:00,-1.0411431748987989e-10,-1.5721261940971864e-12,1034.855049346407,810.4270485902522,1128.7203722179192,333.7313616022664,252.25859155900218,418.1572008312005,184.4744,172.11375,196.1671,-1.5605737447738648,-1.8973815441131592,-1.0861765146255493,1.2596034,0.80665773,1.4730067,-0.3009703576564789,-0.9782740473747253,0.24354827404022217,-1.0,10520.797484860712,1.102691363462211,0.04530956549268043,655049318561.7985,155493864936.0531,1.0648840735893815e-05,15938.861249996593,573.5955956923623,0.030291490889050466,0.07722674,4.65,-1.5605737447738648,1.2596034,-0.3009703576564789,184.4744,1034.855049346407,333.7313616022664,17056.900664501107,17056.900664501107,3.6270114e-05,4.8867446e-07,104972.984,0.9789361,-201.61023,1.0,1.0,1.0,-4.429552543720541e-13,1.6244688e-12,2.4860616e-16,2.73796621459707e-13,4.7038573538724004e-14,4.7038573538724004e-14,7.479999999999999e-16,2.388245428695877e-14,1.1815135664763442e-12,1156.7733142024692,5.206563531929279e-14,8.245582015210617e-14,8.023322762498456e-13,3.6270114e-05,4.8867446e-07,104972.984,0.9789361,-201.61023,1.0,1.0,1.0,-4.429552543720541e-13,1.6244688e-12,2.4860616e-16,2.73796621459707e-13,4.7038573538724004e-14,4.7038573538724004e-14,7.479999999999999e-16,2.388245428695877e-14,1.1815135664763442e-12,1156.7733142024692,5.206563531929279e-14,8.245582015210617e-14,8.023322762498456e-13
51,51,52,407463.0,BAW680,47.7157178975768,8.30059344951923,287.574444196,10553.7,0.8017853091208689,34610D,215.1936,17.590984,14.33135,271.65178230035747,66397.39744468589,0.46338099735553573,0.574632520964818,41.49817256825731,42.1790992483868,-73.53383927439974,3.785738490031561e-05,24270.50189404938,1.0395030542576649,0.3458181047354776,0.705853603210292,cruise,15,GTF2035_wi,0,43031,1.237,3.16,3.16,11.68721800713186,1.7526402535592691,0.923751403158818,21.089037862414013,13.749516985919646,34.9774028972971,1469605031825006.2,17.4812941092412,804.008984312579,1353.97560001427,0.00378573849003,0.0246621704744058,0.287316260482409,21.0895496241934,11.6500800600898,11.649639035220895,15.04837422969075,0.6756125746318536,615754230885593.1,10.663494581839023,735634101844027.4,0.0012310897254185623,9.200788570936108e-06,3.16,35.8,2023-05-05 09:52:00,3.785741794350408e-05,1.039505390411495,1.0,51,242.70501894049386,3.785741794350408e-05,17.590984,14.33135,1.039505390411495,0.08997433,5.2596847e-06,0.3929088897966204,1071.8570832522973,17043.157906245888,-0.23613145081136236,0.9717211214837934,2.0939890655987026,233.7841595372495,0.5880427408548182,0.0,1.0,226.79993496728517,28.117254249628648,68.85394047655703,1.0426707889017528,215.47084,3.918389428111702e-05,10519.273029761722,1.0,0.002167760662390208,0.0033238633,137.70788095311406,0.3945100531134772,4.396375197220976e-06,984144695207.0272,-1577194519304.2227,0 days 04:38:00,-9.798279150299837e-11,-1.4795401516952754e-12,1035.6658925507804,810.1608700208709,1130.0818534140894,321.8202687714834,250.06742519665215,410.1247611289332,191.16866,179.86594,205.45934,-1.7135380029678344,-2.3314640522003174,-1.1568620204925537,1.4190856,0.80730915,1.812782,-0.2944523930549622,-1.1797354221343994,0.33989882469177246,-1.0,10498.533313640002,1.1013953843405917,0.04271102021959457,677102331011.6414,160469523671.44797,1.0463087987982156e-05,15529.030368864298,568.2213338947564,0.0316906151702833,0.07722568,4.633333333333334,-1.7135380029678344,1.4190856,-0.2944523930549622,191.16866,1035.6658925507804,321.8202687714834,17043.157906245888,17043.157906245888,3.7123897e-05,3.9151627e-07,104855.61,0.9825059,-209.39107,1.0,1.0,1.0,-4.4357107558877893e-13,1.6225164e-12,2.4111688e-16,2.7828787686276975e-13,9.046316448852193e-14,9.046316448852193e-14,7.479999999999998e-16,3.0789512282679136e-14,1.1789453141647945e-12,1157.2932628037793,5.004086620902612e-14,8.149484382924725e-14,1.5417779970765749e-12,3.7123897e-05,3.9151627e-07,104855.61,0.9825059,-209.39107,1.0,1.0,1.0,-4.4357107558877893e-13,1.6225164e-12,2.4111688e-16,2.7828787686276975e-13,9.046316448852193e-14,9.046316448852193e-14,7.479999999999998e-16,3.0789512282679136e-14,1.1789453141647945e-12,1157.2932628037793,5.004086620902612e-14,8.149484382924725e-14,1.5417779970765749e-12
52,52,53,407463.0,BAW680,47.679314047603285,8.521798940805288,282.9444442,10530.84,0.8041261427970771,34610D,215.47006,17.565931,13.313901,269.9689044856511,66355.89927211763,0.46218240025384244,0.579965245732058,42.12266184433935,42.725098007283,-24.524548843491893,3.818354455003861e-05,24356.96050651261,1.0143307584259824,0.3510221820361612,0.7157584165984351,cruise,15,GTF2035_wi,0,43031,1.237,3.16,3.16,11.667015887622776,1.7496068951225052,0.9174396375460624,21.362570321109924,13.830996625726996,35.85151859029013,1456472702429343.5,17.5755833523759,804.888683314301,1358.65697794845,0.003818354455,0.0247793769796845,0.289982622866029,21.3625490036415,11.7025792498243,11.702132420929676,14.954998465810366,0.6787057296443744,624870882081978.9,10.588651884339397,732394756395842.1,0.0012493452418085489,9.358717716953136e-06,3.16,35.8,2023-05-05 09:53:00,3.818355876189619e-05,1.0143317304978174,1.0,52,243.5696050651261,3.818355876189619e-05,17.565931,13.313901,1.0143317304978174,0.08456988,4.643103e-06,0.39380262628953006,1074.9860301539702,16961.693900269867,-0.17956463350166985,0.9837461778301408,2.0967657020362243,233.7983777565514,0.5753391709699381,0.0,1.0,226.73040166615746,28.117254249628648,69.6518317100657,1.0163966307068657,215.74771,3.94778311522113e-05,10496.014084144967,1.0,0.00226229525992494,0.002807071,139.3036634201314,0.3954304005895835,3.4424240144783842e-06,937971055216.7659,-1166516574446.3608,0 days 04:37:00,-7.246953302195872e-11,-1.0942899486315766e-12,1036.3991342728546,809.8215415479623,1131.3250946249168,306.0013132279325,244.65857768077478,397.66548769132305,199.74458,189.84035,212.78708,-1.6979897499084473,-2.252906322479248,-1.0486384630203247,1.4760116,0.54074347,2.1303747,-0.22197811603546141,-0.9501280784606934,0.3774024248123169,-1.0,10496.867646903765,1.0810023931029058,0.04105588788563931,709929455010.5017,139316614918.35858,9.533943201512218e-06,13611.065506798492,533.4484626746122,0.029507506468037764,0.07913473,4.616666666666666,-1.6979897499084473,1.4760116,-0.22197811603546141,199.74458,1036.3991342728546,306.0013132279325,16961.693900269867,16961.693900269867,3.81259e-05,3.154171e-07,104661.95,0.9744205,-214.84285,1.0,1.0,1.0,-4.445900829881778e-13,1.6184897e-12,2.352509e-16,2.839468928590723e-13,1.2088934133007032e-13,1.2088934133007032e-13,7.479999999999999e-16,3.558624099076414e-14,1.1738996515994897e-12,1157.7459602461952,5.103482860525468e-14,8.225113512191705e-14,2.0504880034458956e-12,3.81259e-05,3.154171e-07,104661.95,0.9744205,-214.84285,1.0,1.0,1.0,-4.445900829881778e-13,1.6184897e-12,2.352509e-16,2.839468928590723e-13,1.2088934133007032e-13,1.2088934133007032e-13,7.479999999999999e-16,3.558624099076414e-14,1.1738996515994897e-12,1157.7459602461952,5.103482860525468e-14,8.225113512191705e-14,2.0504880034458956e-12
53,53,54,407463.0,BAW680,47.65170857057733,8.744553786057692,284.487777532,10523.22,0.8063632323430476,34610D,215.6211,17.328964,12.382706,269.38515481891073,66313.77661027329,0.4625057748944106,0.577855641104276,42.09162806343685,42.6917833400054,-24.535572052580537,3.8177910900039246e-05,24385.83539984122,0.9952949876795512,0.3507635671953071,0.7156842261246474,cruise,15,GTF2035_wi,0,43031,1.237,3.16,3.16,11.836648453036174,1.775045369445431,0.9151351803723596,21.34588822521497,13.822726571530175,35.84900750041248,1456510427938311.8,17.5563326519203,805.074877115938,1354.40205778744,0.00381779109,0.024741224860644,0.288927820552138,21.3458916700027,11.6779917800972,11.677545955788167,15.204317760568612,0.6793640565080628,620957070225913.5,10.559489055660409,731112327425295.0,0.0012135150994530902,9.30465997386793e-06,3.16,35.8,2023-05-05 09:54:00,3.8177910900039246e-05,0.9952946946804644,0.0,53,243.85835399841227,3.8177910900039246e-05,17.328964,12.382706,0.9952946946804644,0.07459124,3.716208e-06,0.39399329367334,1077.9762859105795,16968.549300777835,-0.18223935148618725,0.9832541984501738,2.100514363538908,233.8175469869261,0.5653671794850144,0.0,1.0,226.68449450295438,28.117254249628648,69.94041324194808,0.9964362034328678,215.89697,3.942492030400401e-05,10488.249793379026,1.0,0.002390113371986331,0.0024779534,139.88082648389616,0.395633866350003,2.6627814253932084e-06,848527650445.2169,-805333878457.0349,0 days 04:36:00,-5.0031153758996846e-11,-7.554704217608523e-13,1036.9397548452703,809.248722517217,1132.4079947162468,288.05478170073883,227.1145062086232,378.111669032653,208.11673,199.03679,217.95389,-1.4728705704212188,-2.3112683296203613,-0.7628486752510071,1.2816883,0.19315486,1.9516253,-0.191182279586792,-0.6069033741950989,0.17000675201416016,-1.0,10534.748834377344,1.045932639017148,0.03379253270291683,683701362139.7659,109432981740.9419,8.168994028736822e-06,11405.631328118701,491.1348243714039,0.023290894713255062,0.07961179,4.6,-1.4728705704212188,1.2816883,-0.191182279586792,208.11673,1036.9397548452703,288.05478170073883,16968.549300777835,16968.549300777835,3.8232974e-05,2.3922362e-07,104617.984,0.9629185,-219.3878,1.0,1.0,1.0,-4.4482038322411716e-13,1.618326e-12,2.2937766e-16,2.867809974141171e-13,1.4625450276803828e-13,1.4625450276803828e-13,7.480000000000001e-16,3.963367088625598e-14,1.1735055991691556e-12,1158.089246158411,4.937430076918671e-14,8.195194930592131e-14,2.4817267406802056e-12,3.8232974e-05,2.3922362e-07,104617.984,0.9629185,-219.3878,1.0,1.0,1.0,-4.4482038322411716e-13,1.618326e-12,2.2937766e-16,2.867809974141171e-13,1.4625450276803828e-13,1.4625450276803828e-13,7.480000000000001e-16,3.963367088625598e-14,1.1735055991691556e-12,1158.089246158411,4.937430076918671e-14,8.195194930592131e-14,2.4817267406802056e-12
54,54,55,407463.0,BAW680,47.62368412341102,8.967167780949518,283.973333088,10515.6,0.8085642307225801,34610D,215.76106,17.012827,11.385812,269.1690791361959,66271.68498220986,0.46122538196302076,0.594187413653246,43.39389817200662,43.8119836978282,73.6268554104556,3.902782295678263e-05,24414.73800496757,0.99999239516504,0.3616158181000551,0.7384941577975981,cruise,15,GTF2035_wi,0,43031,1.237,3.16,3.16,11.629767094481933,1.7440111796810978,0.9141045231881484,21.90615482623207,14.01088402865216,36.28235538999999,1450000000000000.0,17.842978649522,807.715927716264,1370.64927923617,0.00390278229568,0.0250631327880691,0.297093706826623,21.9059918489141,11.8538137007378,11.853351090250008,14.71713591276152,0.6887166534186125,646820761603822.2,10.558304014769003,731174800047002.9,0.001300023856247776,9.758485960057404e-06,3.16,35.8,2023-05-05 09:55:00,3.902782295678264e-05,0.9999932692390119,0.0,54,244.14738004967575,3.902782295678264e-05,17.012827,11.385812,0.9999932692390119,0.075848624,3.611797e-06,0.3942043841189063,1080.9182916257894,17051.92753100543,-0.1855321752201714,0.9826381897514831,2.0980077057892936,233.80473224796967,0.5688064707110391,0.0,1.0,226.69443013855712,28.117254249628648,70.40368487365643,1.002102452492862,216.03725,4.0339680160727166e-05,10480.398157563171,1.0,0.0024686381444450943,0.0021694002,140.80736974731286,0.3958593415013537,2.9025422384651052e-06,930246482210.1843,-2530381512756.8174,0 days 06:35:00,-1.5719928084512276e-10,-2.373709140761354e-12,898.5348797965332,384.77906382978057,1133.4808512333732,243.97947513344727,128.74988902509307,362.17280679977944,212.2029,202.06288,221.19258,-1.4440681742770332,-2.5973684787750244,-0.4704218804836273,1.1384815,0.29658988,2.1782155,-0.30558660200663973,-0.912643551826477,-0.0024933815002441406,-1.0,10570.301776703825,1.0189894685793428,0.022828609438887912,700978052508.2229,156099414418.21213,8.235343743560844e-06,15435.328168354172,655.1969600162599,0.019732500104373978,0.08380093,6.583333333333333,-1.4440681742770332,1.1384815,-0.30558660200663973,212.2029,898.5348797965332,243.97947513344727,17051.92753100543,17051.92753100543,3.868449e-05,2.0837204e-07,104571.914,0.96285886,-219.11012,0.9999999999999999,0.9999999999999999,0.9999999999999999,-4.450618366999051e-13,1.6180944e-12,2.269995e-16,2.8954418021852157e-13,1.4470482136964168e-13,1.4470482136964168e-13,7.48e-16,3.937719463619715e-14,1.173032592815494e-12,1158.4377421434933,5.436709146157113e-14,8.426813435423428e-14,2.467496127382216e-12,3.868449e-05,2.0837204e-07,104571.914,0.96285886,-219.11012,0.9999999999999999,0.9999999999999999,0.9999999999999999,-4.450618366999051e-13,1.6180944e-12,2.269995e-16,2.8954418021852157e-13,1.4470482136964168e-13,1.4470482136964168e-13,7.48e-16,3.937719463619715e-14,1.173032592815494e-12,1158.4377421434933,5.436709146157113e-14,8.426813435423428e-14,2.467496127382216e-12
55,55,56,407463.0,BAW680,47.59501647949219,9.19061279296875,285.002221976,10538.46,0.810734791669513,34610D,215.64186,16.698095,10.420243,268.8956190410286,66228.29108403785,0.461557365329716,0.57687927930828,42.015159441146665,42.6096863972562,-24.54587551153387,3.831233271028226e-05,24328.113304650207,0.9937030526023048,0.3501263286762222,0.7158940049806913,cruise,15,GTF2035_wi,0,43031,1.237,3.16,3.16,11.63216719735614,1.744379424143614,0.913428131808546,21.30464504050152,13.805607414587945,35.9290963624539,1455307208129215.0,17.4891886124197,804.675903486206,1357.87156378564,0.00383123327103,0.0247692966686329,0.28843963965414,21.3048431986281,11.6450476375218,11.644601505674636,14.98398682978109,0.6779572805121976,620760376157777.8,10.47950981336701,727028828920939.9,0.0012425950268012496,9.291959164742089e-06,3.16,35.8,2023-05-05 09:56:00,3.831233271028226e-05,0.9937039327341423,0.0,55,243.2811330465021,3.831233271028226e-05,16.698095,10.420243,0.9937039327341423,0.072148465,3.4655864e-06,0.3930228580118679,1083.8196054652221,17108.510228370164,-0.18774578805502834,0.9822176536122716,2.0918515421724058,233.77320263329688,0.5645770258125822,0.0,1.0,226.63817115805054,28.117254249628648,70.79964696050091,0.9957786871244814,215.91847,3.9601718856850134e-05,10503.060176519748,1.0,0.002553153262030037,0.0019545774,141.59929392100182,0.39468539552098636,2.531396132839403e-06,827083616045.5294,0.0,0 days 00:00:00,0.0,0.0,724.3112880095149,0.0,1134.519756434343,195.51644078515457,0.0,352.76481258668673,215.40889,204.46487,224.71733,-4.335300079650349,-8.692258834838867,0.0,3.368177,0.13756081,8.239279,-0.9671231690380309,-3.6005263328552246,0.9690939784049988,0.0,10665.96074828198,1.0055756681981203,0.0225365358619905,672564176862.6261,82968240961.65039,7.053495719533444e-06,4587.35928602926,855.3462150312827,0.05254153109676399,0.069889195,8.566666666666666,-4.335300079650349,3.368177,-0.9671231690380309,215.40889,724.3112880095149,195.51644078515457,17108.510228370164,0.0,3.826404e-05,2.0335602e-07,104821.3,0.96615773,-218.31505,1.0,1.0,1.0,-4.4374369792416673e-13,1.6252036e-12,2.2661287e-16,2.862579751090217e-13,1.4026755040807976e-13,1.4026755040807976e-13,7.479999999999998e-16,3.877639836479556e-14,1.1814598032255875e-12,1158.7942365552544,5.081416011649255e-14,8.18134808949237e-14,2.3997688208650603e-12,3.826404e-05,2.0335602e-07,104821.3,0.96615773,-218.31505,1.0,1.0,1.0,-4.4374369792416673e-13,1.6252036e-12,2.2661287e-16,2.862579751090217e-13,1.4026755040807976e-13,1.4026755040807976e-13,7.479999999999998e-16,3.877639836479556e-14,1.1814598032255875e-12,1158.7942365552544,5.081416011649255e-14,8.18134808949237e-14,2.3997688208650603e-12
56,56,57,407463.0,BAW680,47.56591279627913,9.414578951322117,285.002221976,10530.84,0.812871614254136,34610D,215.7269,16.238848,9.41059,269.2415568654466,66186.2759245967,0.461296956872011,0.57726454343904,41.95890757897021,42.559333539127,-24.547995264939114,3.82896060382989e-05,24356.96050651261,0.9831807319956402,0.3496575631580851,0.7154195666179317,cruise,15,GTF2035_wi,0,43031,1.237,3.16,3.16,11.55402741130088,1.732661712537397,0.914423063048545,21.279632517648423,13.800891813719293,35.789568618818855,1457403411531049.2,17.4877142201326,804.736419458493,1359.55603643702,0.00382896060383,0.0247757839218569,0.28863227171952,21.2796667695635,11.6497735300675,11.649327481907608,14.877320286419568,0.6781700381621302,620907574848730.5,10.522534435937343,729216487286294.2,0.0012585749776254263,9.295641165378052e-06,3.16,35.8,2023-05-05 09:57:00,3.82896060382989e-05,0.983181940458687,0.0,56,243.5696050651261,3.82896060382989e-05,16.238848,9.41059,0.983181940458687,0.069126196,3.3979923e-06,0.393333773000783,1086.6758146699813,16976.146174676043,-0.1907034934480272,0.9816476850615593,2.0933195285064,233.7807285677058,0.5590590520421843,0.0,1.0,226.61039637212164,28.117254249628648,72.36054599121655,0.9848854656558724,216.01137,3.959928212904704e-05,10494.659727004391,1.0,0.0024958896731621396,0.0014998892,144.7210919824331,0.39503086869156034,1.9705001153039393e-06,735894745820.4227,0.0,0 days 00:00:00,,,,,,,,,,,,,,,,,,,,,0.0,,,,,,,,,,,,,,,,,,16976.146174676043,0.0,3.8336042e-05,2.10264e-07,104768.56,0.96163124,-217.13892,1.0,1.0,1.0,-4.440201707428456e-13,1.6242205e-12,2.2714536e-16,2.8786365818303646e-13,1.3370352350972443e-13,1.3370352350972443e-13,7.48e-16,3.771031394082745e-14,1.180200371501527e-12,1159.15615330211,5.1447108819820314e-14,8.186811936215942e-14,2.2697705591703168e-12,3.8336042e-05,2.10264e-07,104768.56,0.96163124,-217.13892,1.0,1.0,1.0,-4.440201707428456e-13,1.6242205e-12,2.2714536e-16,2.8786365818303646e-13,1.3370352350972443e-13,1.3370352350972443e-13,7.48e-16,3.771031394082745e-14,1.180200371501527e-12,1159.15615330211,5.1447108819820314e-14,8.186811936215942e-14,2.2697705591703168e-12
57,57,58,407463.0,BAW680,47.53658488645392,9.636559119591343,284.487777532,10523.22,0.8149629422298181,34610D,215.77638,15.656657,8.431764,269.9246076193852,66144.31701701773,0.4629798407306608,0.568186289403626,41.256532217007845,41.9364622841292,-73.6437847394081,3.837833269189246e-05,24385.83539984122,0.9802030367013456,0.343804435141732,0.7037939878413683,cruise,15,GTF2035_wi,0,43031,1.237,3.16,3.16,11.88083294952066,1.7816689758685054,0.9166377310701596,20.9682125132798,13.703413952168242,34.74964243533756,1473026804747901.0,17.3680977984783,804.027940226548,1346.7561043258,0.00383783326919,0.0245701429917932,0.284093144701813,20.9682311420646,11.5625352606496,11.562091526854369,15.413411194026294,0.675679218454236,604641922010622.4,10.59246415091535,732697417653643.4,0.001177918961276213,9.035200048766756e-06,3.16,35.8,2023-05-05 09:58:00,3.837833269189246e-05,0.980202841469439,0.0,57,243.85835399841227,3.837833269189246e-05,15.656657,8.431764,0.980202841469439,0.06672719,3.4436082e-06,0.3937097627389459,1089.471203121367,16914.540387202633,-0.19355376071082692,0.9810896705779222,2.102369000188317,233.82701970562277,0.5576321949343974,0.0,1.0,226.64456096994826,28.117254249628648,75.303488726883,0.9815808663248294,216.07578,3.974646792874412e-05,10485.568255636557,1.0,0.0023741568486983057,0.0008875562,150.606977453766,0.39547114253046806,1.5335867385665168e-06,609593717119.7211,-177213535.47214848,0 days 00:02:00,-1.1009343923751892e-14,-1.6624109324865357e-16,1092.054050955944,1092.054050955944,1092.054050955944,269.93350652235017,269.93350652235017,269.93350652235017,224.81683,224.81683,224.81683,-1.0801056623458862,-1.0801056623458862,-1.0801056623458862,0.14941636,0.14941636,0.14941636,-0.9306893348693848,-0.9306893348693848,-0.9306893348693848,-1.0,10486.690086238224,0.9792039569393028,,636827111917.0098,,4.5952516583801535e-07,61.68940485623327,89.34265106888985,0.01782181939845353,0.07075433,0.03333333333333333,-1.0801056623458862,0.14941636,-0.9306893348693848,224.81683,1092.054050955944,269.93350652235017,16914.540387202633,16914.540387202633,3.839439e-05,2.112551e-07,104714.5,0.953403,-217.95955,1.0000000000000002,1.0000000000000002,1.0000000000000002,-4.44303816194213e-13,1.6229092e-12,2.2722175e-16,2.8898306026647754e-13,1.3828352418263636e-13,1.3828352418263636e-13,7.48e-16,3.842245560618565e-14,1.1786053839419443e-12,1159.5208584027775,4.732883708997976e-14,8.058063411225378e-14,2.3390022546719146e-12,3.839439e-05,2.112551e-07,104714.5,0.953403,-217.95955,1.0000000000000002,1.0000000000000002,1.0000000000000002,-4.44303816194213e-13,1.6229092e-12,2.2722175e-16,2.8898306026647754e-13,1.3828352418263636e-13,1.3828352418263636e-13,7.48e-16,3.842245560618565e-14,1.1786053839419443e-12,1159.5208584027775,4.732883708997976e-14,8.058063411225378e-14,2.3390022546719146e-12
58,58,59,407463.0,BAW680,47.50693111096398,9.85748291015625,283.973333088,10500.36,0.8170134720612688,34610D,215.92026,15.030317,7.467599,270.1273403796237,66103.06048480072,0.461884023695029,0.596807903995374,43.50793472591599,43.911715383843,98.16652437287335,3.931913283559368e-05,24472.62643199162,0.988855563870511,0.3625661227159665,0.74154815431941,cruise,15,GTF2035_wi,0,43031,1.237,3.16,3.16,11.7375226054837,1.7601668816120692,0.9170205586888928,21.956016780008685,14.036508986715685,36.28235539,1450000000000000.0,17.9237557663015,808.809878428604,1370.69047853755,0.00393191328356,0.0250840586252425,0.298403951997687,21.9558576919215,11.8961590887608,11.895691360492023,14.800607686647488,0.6926056920882754,648612402080006.6,10.665363194170766,736559942489451.8,0.0012920964770101956,9.812505536198996e-06,3.16,35.8,2023-05-05 09:59:00,3.931913283559368e-05,0.9888547889881861,0.0,58,244.72626431991623,3.931913283559368e-05,15.030317,7.467599,0.9888547889881861,0.067735925,3.6572426e-06,0.3948477205283617,1092.2120492794588,16881.98723778767,-0.19572898128792054,0.9806580269818795,2.1055567066006455,233.84328393500385,0.5633387245419305,0.0,1.0,226.6956247914334,28.117254249628648,77.42483524321783,0.9896718843999863,216.2324,4.075687292312607e-05,10461.647582378391,1.0,0.0022092416826470186,0.0006238783,154.84967048643566,0.396654887247923,1.864594127283928e-06,741180892742.4044,283916054821.5156,0 days 05:31:00,1.7638209658630242e-11,2.6633696584531673e-13,766.7068542692158,32.112815688495424,1137.5050998597944,210.31748139740287,0.0,348.0321384340132,227.98567,207.39726,248.51477,-3.9314614569439605,-7.043889045715332,-0.5611327886581421,3.415195,0.3200615,7.269855,-0.5162663985701168,-3.5523104667663574,1.0447664260864258,1.0,10586.529056700107,1.0550175458498798,0.031227005142819154,415023722818.3996,185710076896.58514,8.17122542492624e-06,4081.950654962105,875.7404751780542,0.0545796395803358,0.112499185,8.016666666666667,-3.9314614569439605,3.415195,-0.5162663985701168,227.98567,766.7068542692158,210.31748139740287,16881.98723778767,16881.98723778767,3.9139653e-05,2.0440116e-07,104508.91,0.9560597,-219.90768,1.0,1.0,1.0,-4.453880860093432e-13,1.6174704e-12,2.266934e-16,2.9266757134196334e-13,1.4915595144969635e-13,1.4915595144969635e-13,7.480000000000001e-16,4.0076715461646996e-14,1.1720822930839402e-12,1159.8896157823417,5.422990753585223e-14,8.463977439094715e-14,2.518048868813851e-12,3.9139653e-05,2.0440116e-07,104508.91,0.9560597,-219.90768,1.0,1.0,1.0,-4.453880860093432e-13,1.6174704e-12,2.266934e-16,2.9266757134196334e-13,1.4915595144969635e-13,1.4915595144969635e-13,7.480000000000001e-16,4.0076715461646996e-14,1.1720822930839402e-12,1159.8896157823417,5.422990753585223e-14,8.463977439094715e-14,2.518048868813851e-12
59,59,60,407463.0,BAW680,47.47700500488281,10.0777587890625,283.458888644,10530.84,0.8190243683616011,34610D,215.61703,14.53568,6.507088,270.38237865481733,66059.5525500748,0.46147088716647944,0.585798302555336,42.47766917091335,43.0224829553706,24.531292213275474,3.878737884505899e-05,24356.96050651261,1.0105289402125204,0.3539805764242779,0.7239535797138483,cruise,15,GTF2035_wi,0,43031,1.237,3.16,3.16,11.480103225489117,1.72157020071038,0.9185315404702726,21.511141544472288,13.885663724284273,36.28235538999999,1450000000000000.0,17.6578898667094,806.028636515005,1366.88835813981,0.00387873788451,0.0249106303360778,0.292899151277668,21.5112414776853,11.7579983856717,11.757542341422615,14.646141131830316,0.6827362709877126,633484476804890.9,10.612679527332505,733549712430711.5,0.00130189604902616,9.516030255792929e-06,3.16,35.8,2023-05-05 10:00:00,3.878739924286345e-05,1.0105303085271156,1.0,59,243.5696050651261,3.878739924286345e-05,14.53568,6.507088,1.0105303085271156,0.05913136,3.3148e-06,0.3935342004978114,1094.8999100951878,17002.529650301138,-0.19898281653366498,0.9800029789364572,2.0939965129996687,233.78419769518254,0.5739989994730692,0.0,1.0,226.70855082981674,28.117254249628648,73.49418915156899,1.0142688468799945,215.91428,4.025863541975822e-05,10494.092905424215,1.0,0.0021391866833383234,0.0015234961,146.98837830313798,0.39524328425082816,3.0030247341625702e-06,895950353826.1295,61871246594.71577,0 days 05:00:00,3.8437347967675015e-12,5.804039543118927e-14,966.3106883674963,605.8083636958589,1138.4982954053671,256.58713046177894,206.17237736773393,342.6927534131796,224.57817,209.75307,235.59673,-5.026371847499501,-7.481003284454346,-2.5855019092559814,4.974968,2.268711,8.040658,-0.05140406435186213,-1.0667757987976074,0.559654712677002,1.0,10615.027727088569,1.0620460117948045,0.02221232628317168,561209448262.1584,167736518709.64664,8.853089896778049e-06,3625.051855552824,682.4916778118666,0.07454156163222901,0.163551,5.5,-5.026371847499501,4.974968,-0.05140406435186213,224.57817,966.3106883674963,256.58713046177894,17002.529650301138,17002.529650301138,3.8542155e-05,1.8061442e-07,104825.95,0.9744036,-221.73927,1.0,1.0,1.0,-4.4371106434311263e-13,1.6251904e-12,2.2485985e-16,2.8599610219694144e-13,1.5937792748884127e-13,1.5937792748884127e-13,7.48e-16,4.183256056337947e-14,1.1814794083003834e-12,1160.259728398794,5.406320960099201e-14,8.307838390703981e-14,2.7098279377325686e-12,3.8542155e-05,1.8061442e-07,104825.95,0.9744036,-221.73927,1.0,1.0,1.0,-4.4371106434311263e-13,1.6251904e-12,2.2485985e-16,2.8599610219694144e-13,1.5937792748884127e-13,1.5937792748884127e-13,7.48e-16,4.183256056337947e-14,1.1814794083003834e-12,1160.259728398794,5.406320960099201e-14,8.307838390703981e-14,2.7098279377325686e-12
60,60,61,407463.0,BAW680,47.44636664956303,10.299330491286057,283.458888644,10538.46,0.8210063469488452,34610D,215.49544,14.140506,5.43129,271.1683168435724,66017.07488090389,0.4636508075417718,0.561140093055726,40.5239736685811,41.2861906528572,-122.64455145684552,4.001818053031876e-05,24328.113304650207,1.0582476587046057,0.3376997805715092,0.6907390053174906,cruise,15,GTF2035_wi,0,43031,1.237,3.16,3.16,11.827577793149366,1.7736633508290425,0.9214613397783094,20.642964920327447,13.601745353530118,33.697580647827685,1488832517937722.0,17.2278819120034,802.367610333959,1341.68620412078,0.00400181805303,0.0244192062524976,0.280570046527863,20.6430953264286,11.4897283567178,11.48926857709372,15.441567220303392,0.6698446802362014,593830824290024.0,10.655858576760064,735505767956006.5,0.001166661752806459,8.83411188769055e-06,3.16,35.8,2023-05-05 10:01:00,4.00181695504115e-05,1.0582469110989348,1.0,60,243.2811330465021,4.00181695504115e-05,14.140506,5.43129,1.0582469110989348,0.0699992,4.5681413e-06,0.39328990035332123,1097.5491108918015,17099.371944272913,-0.26766444713075604,0.9635121917973778,2.1000194066748836,233.8150177006735,0.6003957739859723,0.0,1.0,226.91101610577635,28.117254249628648,70.85441031042032,1.0638668042728345,215.78317,4.156084946216449e-05,10503.032794844788,1.0,0.0020774438130473525,0.0024897526,141.70882062084064,0.3949345384135293,4.844948576384043e-06,935770002522.9042,287809051705.01447,0 days 04:59:00,1.7880061058244517e-11,2.699889219794922e-13,1002.9210388814993,711.2073980621973,1139.5140500894258,255.63544317837415,192.8862289201138,330.9253660073946,227.6292,215.64885,238.04507,-4.380296945571899,-6.193334579467773,-2.8377270698547363,4.557031,2.5277865,6.754923,0.17673418521881104,-0.7095847129821777,0.9228515625,1.0,10570.2907876996,1.0772032340437876,0.023904650630306182,605306423589.6975,132012639381.2595,9.001914107700708e-06,5070.225801805708,624.5750744631416,0.06622995379854214,0.16877162,4.983333333333333,-4.380296945571899,4.557031,0.17673418521881104,227.6292,1002.9210388814993,255.63544317837415,17099.371944272913,17099.371944272913,3.9055773e-05,1.4042926e-07,104915.65,0.9983546,-225.41885,0.9999999999999998,0.9999999999999998,0.9999999999999998,-4.4323484947488313e-13,1.6270729e-12,2.2176225e-16,2.8375339660999365e-13,1.7991361482906863e-13,1.7991361482906863e-13,7.479999999999999e-16,4.5145835222356054e-14,1.183838046124607e-12,1160.6380229470808,4.6500733539226166e-14,7.95813369092375e-14,3.0764098178008994e-12,3.9055773e-05,1.4042926e-07,104915.65,0.9983546,-225.41885,0.9999999999999998,0.9999999999999998,0.9999999999999998,-4.4323484947488313e-13,1.6270729e-12,2.2176225e-16,2.8375339660999365e-13,1.7991361482906863e-13,1.7991361482906863e-13,7.479999999999999e-16,4.5145835222356054e-14,1.183838046124607e-12,1160.6380229470808,4.6500733539226166e-14,7.95813369092375e-14,3.0764098178008994e-12
61,61,62,407463.0,BAW680,47.40499877929688,10.51824188232422,287.574444196,10500.36,0.8230295079446459,34610D,215.76958,13.679834,4.252346,271.64672974683737,65976.55090723532,0.46270831167499277,0.590639992327914,42.77013554874162,43.2919460259574,49.059124556633215,4.191063513605452e-05,24472.62643199162,1.0751935915822084,0.3564177962395135,0.7285091876242694,cruise,15,GTF2035_wi,0,43031,1.237,3.16,3.16,11.730382932843655,1.7590658121274436,0.9225004220947712,21.64609163203194,13.941172598240936,36.28235538999999,1450000000000000.0,17.8182102828276,807.605794719086,1365.54736456757,0.00419106351361,0.0249354248364443,0.295319996163957,21.6459730129787,11.8433914040371,11.84289506078325,14.857533958972011,0.6883251261953112,637764028496103.1,10.7870264338938,742407410777335.4,0.0012773519043685758,9.619156387362492e-06,3.16,35.8,2023-05-05 10:02:00,4.1910652077028594e-05,1.0751947106205644,1.0,61,244.72626431991623,4.1910652077028594e-05,13.679834,4.252346,1.0751947106205644,0.083978616,6.0773623e-06,0.3951234575183916,1100.2533638954658,16965.29848562699,-0.29720675638445776,0.9548131460968841,2.1087916676521874,233.85976701065428,0.6116322869433185,0.0,1.0,227.02926721526637,28.117254249628648,69.58359463438306,1.0793517689536165,216.05351,4.344244182217709e-05,10465.568202682809,1.0,0.0019931122693171233,0.0031091166,139.16718926876612,0.3967418493676326,5.829351488236805e-06,1098169116553.781,725173682125.6871,0 days 04:28:00,4.50512228070184e-11,6.802734643859778e-13,1003.7068398361735,711.7571624561707,1140.6404899472777,249.8638100510171,187.09306976333073,320.34715498634023,231.10347,222.0709,240.46486,-4.094489884376526,-5.444360733032227,-0.7900938987731934,4.298886,0.64868677,6.496818,0.20439592599868775,-1.0894575119018555,1.052457332611084,1.0,10475.715266386233,1.0895387954561258,0.030782967105818466,639135943707.6364,164277528188.60648,8.909977213000194e-06,6325.389294115162,626.3289701591568,0.06238412082296355,0.15950915,4.966666666666667,-4.094489884376526,4.298886,0.20439592599868775,231.10347,1003.7068398361735,249.8638100510171,16965.29848562699,16965.29848562699,4.074916e-05,1.0577729e-07,104554.625,1.010988,-229.96848,1.0000000000000002,1.0000000000000002,1.0000000000000002,-4.4514072450205083e-13,1.6174973e-12,2.1909116e-16,2.9044668685665644e-13,2.053048379547692e-13,2.053048379547692e-13,7.479999999999999e-16,4.905649982377498e-14,1.1723565065657347e-12,1161.1487957882657,5.306942206002841e-14,8.376503622393862e-14,3.483057856445941e-12,4.074916e-05,1.0577729e-07,104554.625,1.010988,-229.96848,1.0000000000000002,1.0000000000000002,1.0000000000000002,-4.4514072450205083e-13,1.6174973e-12,2.1909116e-16,2.9044668685665644e-13,2.053048379547692e-13,2.053048379547692e-13,7.479999999999999e-16,4.905649982377498e-14,1.1723565065657347e-12,1161.1487957882657,5.306942206002841e-14,8.376503622393862e-14,3.483057856445941e-12
62,62,63,407463.0,BAW680,47.3594536215572,10.733290452223557,285.51666642,10515.6,0.8250354794990756,34610D,215.6527,13.330231,2.9524148,271.6579660972028,65933.78077168656,0.4628864406777378,0.582586676144678,42.114951885504425,42.7163367132918,0.0,4.071085051337327e-05,24414.73800496757,1.0581561776685393,0.3509579323792035,0.7176475846860383,cruise,15,GTF2035_wi,0,43031,1.237,3.16,3.16,11.709518793386142,1.75595111453874,0.9227885687011892,21.35815729225992,13.843986942815064,35.63136255622904,1459780229774875.2,17.6496147643446,806.088985707117,1359.95719947211,0.00407108505134,0.0248003284018009,0.291293338072339,21.3581683566459,11.7455435812369,11.745065429633923,14.954614571240077,0.6829496480927499,625905934707175.6,10.750094150736786,740393331562706.6,0.0012545563799567815,9.403656809439424e-06,3.16,35.8,2023-05-05 10:03:00,4.071086132992311e-05,1.0581569015583676,1.0,62,244.14738004967575,4.071086132992311e-05,13.330231,2.9524148,1.0581569015583676,0.062851086,4.238522e-06,0.39440246180150945,1102.93463563571,17093.157405235837,-0.2990962385025206,0.9542229509468126,2.1044989864623806,233.8378896802323,0.6012593480029514,0.0,1.0,226.93819515009918,28.117254249628648,67.81202513098854,1.063743509861958,215.92715,4.221284768630846e-05,10481.693987434506,1.0,0.0020893421479857466,0.0038575917,135.6240502619771,0.3959814888291674,5.255004124188573e-06,1048251196437.6067,551551837976.7286,0 days 04:27:00,3.426501175480255e-11,5.174016774975185e-13,1037.0287515003313,809.72986697521,1141.8177746117553,249.4063488853139,193.08234500255378,310.35561640863034,236.68083,230.70033,243.9161,-2.8502164549297757,-4.041257381439209,-1.5510141849517822,2.9050229,1.6457132,4.5175147,0.054806497361924916,-1.1227898597717285,0.6903364658355713,1.0,10462.145980203055,1.0671629596598078,0.033121445932082216,644463386114.0364,137738301820.38113,8.063565451811727e-06,6775.718050734215,524.3966358721217,0.04254947472754081,0.122269526,4.45,-2.8502164549297757,2.9050229,0.054806497361924916,236.68083,1037.0287515003313,249.4063488853139,17093.157405235837,17093.157405235837,3.9857372e-05,9.347384e-08,104715.0,0.99584657,-233.83203,1.0,1.0,1.0,-4.442898545108755e-13,1.6218333e-12,2.1814277e-16,2.8825974238625193e-13,2.2686717201486158e-13,2.2686717201486158e-13,7.479999999999999e-16,5.25729551417325e-14,1.1775434495266023e-12,1161.7111459762557,5.163913069470782e-14,8.262290848017915e-14,3.8778762813307435e-12,3.9857372e-05,9.347384e-08,104715.0,0.99584657,-233.83203,1.0,1.0,1.0,-4.442898545108755e-13,1.6218333e-12,2.1814277e-16,2.8825974238625193e-13,2.2686717201486158e-13,2.2686717201486158e-13,7.479999999999999e-16,5.25729551417325e-14,1.1775434495266023e-12,1161.7111459762557,5.163913069470782e-14,8.262290848017915e-14,3.8778762813307435e-12
63,63,64,407463.0,BAW680,47.31327380164195,10.94963660606971,285.51666642,10515.6,0.82701256869339,34610D,215.6963,12.796035,1.7289345,270.9645034360281,65891.66581980107,0.4624267703242583,0.581495177509516,42.10403054896281,42.7029740308932,0.0,3.915928327623826e-05,24414.73800496757,1.011979395408947,0.3508669212413567,0.7173651374485087,cruise,15,GTF2035_wi,0,43031,1.237,3.16,3.16,11.6740561068015,1.7506512683501558,0.9203399402986072,21.35148417721782,13.837345946868194,35.69189399038634,1458870832153350.2,17.6152374627716,805.779393081431,1359.93458526637,0.00391592832762,0.0247965319696974,0.290747588754758,21.3514870154466,11.7253327646812,11.72487362703346,14.935004518602629,0.6818550190530231,625009423484977.6,10.695689076860925,737778496693742.1,0.001255836177074871,9.38264869981421e-06,3.16,35.8,2023-05-05 10:04:00,3.915931750878261e-05,1.0119816732344227,1.0,63,244.14738004967575,3.915931750878261e-05,12.796035,1.7289345,1.0119816732344227,0.033640664,1.951406e-06,0.3943227388422628,1105.5772946621817,16982.634731919086,-0.303504431258957,0.9528300269230485,2.1026966488046956,233.8286924311106,0.5752647429264961,0.0,1.0,226.7581838015411,28.117254249628648,66.85520192517994,1.0167878783139759,215.96503,4.0554411684215396e-05,10482.17239903741,1.0,0.002183128711333211,0.004253629,133.71040385035988,0.3958826395544096,3.5625594542662437e-06,951205135304.5823,0.0,0 days 00:00:00,0.0,0.0,1037.9033806335601,810.2111963979473,1142.9576610890667,261.6666862976225,215.00221202294733,309.9631715191524,240.14725,236.3793,246.18027,-2.885802063677046,-6.417756080627441,-0.5447367429733276,3.0012121,0.35055992,6.960644,0.11540994048118591,-0.56041020154953,1.2647037506103516,0.0,10473.76269992579,1.0366573891821667,0.02830754822438466,693726009883.0836,37078400352.803,5.290176376325792e-06,3008.2419326881713,506.75986930622093,0.04164622197483054,0.081586204,4.433333333333334,-2.885802063677046,3.0012121,0.11540994048118591,240.14725,1037.9033806335601,261.6666862976225,16982.634731919086,0.0,3.8926624e-05,7.659058e-08,104723.65,0.973912,-236.97838,1.0,1.0,1.0,-4.442411715619245e-13,1.6225787e-12,2.1703881e-16,2.895683144130445e-13,2.444268844903268e-13,2.444268844903268e-13,7.479999999999999e-16,5.539172789883576e-14,1.1783375049624055e-12,1162.2813323956136,5.1629754309371144e-14,8.246811127054155e-14,4.151012497960199e-12,3.8926624e-05,7.659058e-08,104723.65,0.973912,-236.97838,1.0,1.0,1.0,-4.442411715619245e-13,1.6225787e-12,2.1703881e-16,2.895683144130445e-13,2.444268844903268e-13,2.444268844903268e-13,7.479999999999999e-16,5.539172789883576e-14,1.1783375049624055e-12,1162.2813323956136,5.1629754309371144e-14,8.246811127054155e-14,4.151012497960199e-12
64,64,65,407463.0,BAW680,47.26672156382415,11.164081280048077,285.51666642,10515.6,0.8289475775905695,34610D,215.75906,12.159037,0.58202195,269.73066829061503,65849.5617892521,0.46135012776837186,0.579955147139386,42.08979143315606,42.6850862002038,0.0,3.847619986489395e-05,24414.73800496757,0.9861194379249156,0.3507482619429671,0.7167765215311142,cruise,15,GTF2035_wi,0,43031,1.237,3.16,3.16,11.548082458214228,1.731768042403416,0.9160158702792356,21.342526916431467,13.82581868511098,35.8010269851562,1457231266079040.8,17.5522594540803,805.104446572842,1361.24725523065,0.00384761998649,0.0247998825688386,0.289977573569693,21.3425431001019,11.6926994619746,11.692249588642555,14.815095269759508,0.6794686054654043,624354124763219.8,10.600240794476267,733190677233975.0,0.0012704916450705364,9.35628981402715e-06,3.16,35.8,2023-05-05 10:05:00,3.847619986489395e-05,0.986119652800539,0.0,64,244.14738004967575,3.847619986489395e-05,12.159037,0.58202195,0.986119652800539,0.014508381,7.2330846e-07,0.3942080382355317,1108.1636975892795,16970.769233081115,-0.30622422577002645,0.9519594127648235,2.09849258449745,233.80721214047347,0.5609041512900728,0.0,1.0,226.6466619655943,28.117254249628648,66.38851901502426,0.9886355041836931,216.02397,3.9740444932846096e-05,10482.405740492488,1.0,0.002298816180734775,0.0043632067,132.77703803004852,0.3957602670170975,2.598306759112988e-06,859029062199.6853,0.0,0 days 00:00:00,,,,,,,,,,,,,,,,,,,,,0.0,,,,,,,,,,,,,,,,,,16970.769233081115,0.0,3.8357895e-05,8.618077e-08,104731.8,0.9523886,-238.97232,0.9905794195491366,0.9905794195491366,1.0,-4.441950920136611e-13,1.6234934e-12,2.1768487e-16,2.892478113090829e-13,2.5307325179598375e-13,2.5307325179598375e-13,7.479999999999999e-16,5.678828361726672e-14,1.1792983423203604e-12,1162.856117092547,5.213641429350266e-14,8.224970293142542e-14,4.294847755295071e-12,3.8357895e-05,8.618077e-08,104731.8,0.9523886,-238.97232,0.9905794195491366,0.9905794195491366,1.0,-4.441950920136611e-13,1.6234934e-12,2.1768487e-16,2.892478113090829e-13,2.5307325179598375e-13,2.5307325179598375e-13,7.479999999999999e-16,5.678828361726672e-14,1.1792983423203604e-12,1162.856117092547,5.213641429350266e-14,8.224970293142542e-14,4.294847755295071e-12
65,65,66,407463.0,BAW680,47.21978759765625,11.37799072265625,282.429999756,10515.6,0.8308452288678768,34610D,215.83307,11.478067,-0.49446487,266.6271255140754,65807.47199781894,0.45963393746595416,0.571282158623774,41.749734224474736,42.3779414856248,-24.55431085122488,3.787111756914198e-05,24414.73800496757,0.9611754317973316,0.3479144518706228,0.7091445296304536,cruise,15,GTF2035_wi,0,43031,1.237,3.16,3.16,11.481868356929413,1.7218454223529531,0.9053209290053577,21.18906445851353,13.752293125051636,35.64090004952948,1459636942673826.5,17.3403672906582,802.893503593054,1356.26653269961,0.00378711175691,0.0246978764736417,0.285641079311887,21.1889707428124,11.5654104763513,11.564972497918149,14.892239485188052,0.6716908487227662,614703026886117.4,10.367567477755989,722005088003462.0,0.0012476789242764077,9.15766151289595e-06,3.16,35.8,2023-05-05 10:06:00,3.787111756914198e-05,0.9611757638017236,0.0,65,244.14738004967575,3.787111756914198e-05,11.478067,-0.49446487,0.9611757638017236,0.006814563,3.1086833e-07,0.39407286276446135,1110.700157899088,16918.362906532697,-0.30709709863586804,0.9516781872090123,2.091826728145859,233.77307537892426,0.5471080823891381,0.0,1.0,226.5289866794789,28.117254249628648,66.6267092603388,0.9627930748657257,216.09596,3.9069563546020363e-05,10482.286645369832,1.0,0.0024679312962561538,0.0040783794,133.2534185206776,0.39563574446445016,1.560136420158909e-06,675600935008.8191,0.0,0 days 00:00:00,,,,,,,,,,,,,,,,,,,,,0.0,,,,,,,,,,,,,,,,,,16918.362906532697,0.0,3.782562e-05,1.5027169e-07,104737.086,0.9310677,-241.05923,0.9999999999999999,0.9999999999999999,0.9999999999999999,-4.441640765606591e-13,1.6244362e-12,2.2252096e-16,2.929296488516689e-13,2.672019397100803e-13,2.672019397100803e-13,7.479999999999999e-16,5.906636773592903e-14,1.1802720335226964e-12,1163.4329390468654,5.047622495594986e-14,8.101969276175052e-14,4.520619385344608e-12,3.782562e-05,1.5027169e-07,104737.086,0.9310677,-241.05923,0.9999999999999999,0.9999999999999999,0.9999999999999999,-4.441640765606591e-13,1.6244362e-12,2.2252096e-16,2.929296488516689e-13,2.672019397100803e-13,2.672019397100803e-13,7.479999999999999e-16,5.906636773592903e-14,1.1802720335226964e-12,1163.4329390468654,5.047622495594986e-14,8.101969276175052e-14,4.520619385344608e-12
66,66,67,407463.0,BAW680,47.17286682128906,11.590988159179688,280.37222198,10507.98,0.832700935416535,34610D,215.97585,10.782087,-1.4145739,262.1929240701332,65765.72226359448,0.4572387916188956,0.568260122148976,42.05511962739921,42.6432916340722,0.0,3.708377919430398e-05,24443.66834223364,0.9247331146312604,0.3504593302283267,0.7113498313070941,cruise,15,GTF2035_wi,0,43031,1.237,3.16,3.16,11.436370907040796,1.7150315322026184,0.8899704234579202,21.32126964829211,13.764863078868514,36.28235539,1450000000000000.0,17.2402539720487,801.473726217484,1355.1548987575,0.00370837791943,0.0247044755927138,0.284130061074488,21.3216458170361,11.5011573513541,11.500730860790286,14.916078321726358,0.6667085776232268,614625449657982.6,10.062645650542958,707461340413595.9,0.0012378778450799503,9.121102233245225e-06,3.16,35.8,2023-05-05 10:07:00,3.708377919430398e-05,0.9247323222200603,0.0,66,244.43668342233642,3.708377919430398e-05,10.782087,-1.4145739,0.9247323222200603,0.0031408875,1.268257e-07,0.3942789936219697,1113.1805434531175,16652.27282922913,-0.31017461861305184,0.9506796021627096,2.085062089410816,233.73833420981666,0.5270926893428685,0.0,1.0,226.37537593263812,28.117254249628648,67.48958071383703,0.924624733948778,216.2383,3.818211472052397e-05,10474.23520964308,1.0,0.0026741278166227287,0.003482265,134.97916142767406,0.39586988922747907,1.793054172583842e-08,15469775634.592627,0.0,0 days 00:00:00,,,,,,,,,,,,,,,,,,,,,0.0,,,,,,,,,,,,,,,,,,16652.27282922913,0.0,3.718794e-05,2.6954223e-07,104664.3,0.90272534,-243.46048,0.7500508629511807,0.7500508629511807,0.9999999999999998,-4.4454665451116977e-13,1.6234031e-12,2.317147e-16,2.1553708631847452e-13,2.0944418807626252e-13,2.0944418807626252e-13,7.480000000000003e-16,4.9815919454349827e-14,1.1788565115778282e-12,1164.0081182490758,4.975505007637561e-14,8.059110513126554e-14,3.487721762342302e-12,3.718794e-05,2.6954223e-07,104664.3,0.90272534,-243.46048,0.7500508629511807,0.7500508629511807,0.9999999999999998,-4.4454665451116977e-13,1.6234031e-12,2.317147e-16,2.1553708631847452e-13,2.0944418807626252e-13,2.0944418807626252e-13,7.480000000000003e-16,4.9815919454349827e-14,1.1788565115778282e-12,1164.0081182490758,4.975505007637561e-14,8.059110513126554e-14,3.487721762342302e-12
67,67,68,407463.0,BAW680,47.12622691009004,11.800231933593748,278.314444204,10507.98,0.8345038783773109,34610D,216.0611,10.157362,-2.0780802,258.7838558544097,65723.66714396708,0.45603581236890767,0.565765307140578,42.35918131466054,42.9021958586438,24.57324348250725,3.5843745156187766e-05,24443.66834223364,0.8838289475038116,0.3529931776221711,0.7145938856074598,cruise,15,GTF2035_wi,0,43031,1.237,3.16,3.16,11.565582434761987,1.7344228114249234,0.878225603570856,21.45114475108602,13.784193073686128,36.28235538999999,1450000000000000.0,17.1844585220233,800.807104513226,1351.39505119368,0.00358437451562,0.0247006205216362,0.282882653570289,21.4510979293219,11.4524512986425,11.452040814610024,15.148682436096234,0.664369802350171,613719835872672.4,9.819676540717351,695773854861429.8,0.0012014407692154793,9.090842656423256e-06,3.16,35.8,2023-05-05 10:08:00,3.5843745156187766e-05,0.8838291390123734,0.0,67,244.43668342233642,3.5843745156187766e-05,10.157362,-2.0780802,0.8838291390123734,0.0006365865,2.402016e-08,0.39412342520078575,1115.5903913260572,16476.755281957016,-0.312976126350971,0.949760993268486,2.0804487400520064,233.71458418563802,0.504194340567615,0.0,1.0,226.21903360876973,28.117254249628648,68.49061767983106,0.881695066795798,216.32294,3.681369674884325e-05,10473.734691160083,0.0,0.0028913001409028995,0.0028310253,136.98123535966212,,,,0.0,0 days 00:00:00,,,,,,,,,,,,,,,,,,,,,0.0,,,,,,,,,,,,,,,,,,16476.755281957016,0.0,3.5999845e-05,4.4088955e-07,104665.83,0.86756235,-244.42711,0.29669742831922785,0.29669742831922785,1.0,-4.4453567252048857e-13,1.6242831e-12,2.4492273e-16,7.291629675080145e-14,8.535923426364746e-14,8.535923426364746e-14,7.48e-16,2.998711650409431e-14,1.1797474065633098e-12,1164.5798544604445,4.811483043775778e-14,8.023728847092249e-14,1.4064432140173595e-12,3.5999845e-05,4.4088955e-07,104665.83,0.86756235,-244.42711,0.29669742831922785,0.29669742831922785,1.0,-4.4453567252048857e-13,1.6242831e-12,2.4492273e-16,7.291629675080145e-14,8.535923426364746e-14,8.535923426364746e-14,7.48e-16,2.998711650409431e-14,1.1797474065633098e-12,1164.5798544604445,4.811483043775778e-14,8.023728847092249e-14,1.4064432140173595e-12
68,68,69,407463.0,BAW680,47.07966613769531,12.00688934326172,270.0833331,10515.6,0.8362599495021183,34610D,216.08076,9.629322,-2.4615104,255.68808443826592,65681.30796265241,0.45264692895713227,0.581731874723768,44.02337869557638,44.315268820427,147.4669502448339,3.473394770880544e-05,24414.73800496757,0.853237282331348,0.3668614891298032,0.7410722803704874,cruise,15,GTF2035_wi,0,43031,1.237,3.16,3.16,11.208155054916022,1.6808339547658135,0.8676801441406229,22.157580990404004,13.999594326792623,36.28235539,1450000000000000.0,17.4051906307461,802.509154406692,1371.02403076863,0.00347339477088,0.0250987739847976,0.290865937361884,22.1576344102135,11.5888504170786,11.58844790453506,14.50786577425451,0.6703412733942716,644414044949132.1,9.586152255942476,684418460113681.1,0.001307422794985861,9.590299677550014e-06,3.16,35.8,2023-05-05 10:09:00,3.4733947708805435e-05,0.8532387459314046,0.0,68,244.14738004967575,3.4733947708805435e-05,9.629322,-2.4615104,0.8532387459314046,0.00014046526,4.7892734e-09,0.39362114319730446,1117.9375778625113,15533.778865165405,-0.31567752723050313,0.9488665337135855,2.0651187940614517,233.63532787952263,0.48683629450607707,0.0,1.0,226.04670040314525,28.117254249628648,69.27863769312837,0.8489661057396642,216.34024,3.556770295814604e-05,10480.960681153436,0.0,0.003113956249600278,0.0023622306,138.55727538625675,,,,0.0,0 days 00:00:00,,,,,,,,,,,,,,,,,,,,,0.0,,,,,,,,,,,,,,,,,,15533.778865165405,0.0,3.4505207e-05,6.426741e-07,104743.57,0.8308163,-243.18483,0.1323797354525706,0.1323797354525706,0.9999999999999997,-4.441206638775859e-13,1.627001e-12,2.6047695e-16,3.1952241274855875e-14,3.667828358541244e-14,3.667828358541244e-14,7.48e-16,2.2254447244743465e-14,1.1828803781753458e-12,1165.1506205473208,5.3979765231392504e-14,8.250167985882456e-14,5.69752346369623e-13,3.4505207e-05,6.426741e-07,104743.57,0.8308163,-243.18483,0.1323797354525706,0.1323797354525706,0.9999999999999997,-4.441206638775859e-13,1.627001e-12,2.6047695e-16,3.1952241274855875e-14,3.667828358541244e-14,3.667828358541244e-14,7.48e-16,2.2254447244743465e-14,1.1828803781753458e-12,1165.1506205473208,5.3979765231392504e-14,8.250167985882456e-14,5.69752346369623e-13
69,69,70,407463.0,BAW680,47.03540349410752,12.201373760516828,251.563333116,10561.32,0.8379233516512969,34610D,215.8008,9.377138,-2.5172777,252.8109788412211,65637.28458395683,0.45139264075043806,0.553847195314074,41.99057374934426,42.5529765166702,0.0,3.284136540541104e-05,24241.73764469953,0.8311464001984059,0.3499214479112022,0.7061504210576448,cruise,15,GTF2035_wi,0,43031,1.237,3.16,3.16,11.144575856090666,1.6713203753256218,0.8584729348522768,21.276839813495982,13.68133875134527,36.28235538999999,1450000000000000.0,16.7982611871654,796.596327659159,1351.31861411969,0.00328413654054,0.0246628866293916,0.276923597657037,21.2764882583351,11.2283530236488,11.227984281314251,14.888595101101238,0.6497043848805681,611604721686882.9,9.285210355813687,669220054403875.9,0.0012133309550374216,8.950992824559902e-06,3.16,35.8,2023-05-05 10:10:00,3.2841365405411034e-05,0.831145680679247,0.0,69,242.41737644699538,3.2841365405411034e-05,9.377138,-2.5172777,0.831145680679247,4.838646e-05,1.594676e-09,0.3913390129210358,1120.160880147331,15072.734428585913,-0.3172265227322816,0.948349794788392,2.0457941798526296,233.53467399456284,0.4729462015403222,0.0,1.0,225.87611383994812,28.117254249628648,68.99624865896115,0.8269705664729059,216.0522,3.359682914846751e-05,10526.82187567052,0.0,0.0033772289216051376,0.0023961943,137.9924973179223,,,,0.0,0 days 00:00:00,,,,,,,,,,,,,,,,,,,,,0.0,,,,,,,,,,,,,,,,,,15072.734428585913,0.0,3.2578773e-05,8.879624e-07,105194.75,0.8029208,-242.91266,0.060711206798087725,0.060711206798087725,1.0,-4.417249754235116e-13,1.6391937e-12,2.793846e-16,1.3280110302525264e-14,1.6633720943778397e-14,1.6633720943778397e-14,7.480000000000001e-16,1.9255873567573866e-14,1.1974687397475158e-12,1165.6932149798458,4.828193573809106e-14,7.854705231719825e-14,2.507156583447792e-13,3.2578773e-05,8.879624e-07,105194.75,0.8029208,-242.91266,0.060711206798087725,0.060711206798087725,1.0,-4.417249754235116e-13,1.6391937e-12,2.793846e-16,1.3280110302525264e-14,1.6633720943778397e-14,1.6633720943778397e-14,7.480000000000001e-16,1.9255873567573866e-14,1.1974687397475158e-12,1165.6932149798458,4.828193573809106e-14,7.854705231719825e-14,2.507156583447792e-13
70,70,71,407463.0,BAW680,46.99224956965042,12.389831542968748,251.563333116,10561.32,0.8395240429048406,34610D,215.8535,9.239496,-2.4211144,250.3466001677021,65595.2940102075,0.44953579996465387,0.55053123736254,41.9788185212408,42.5388740637342,0.0,3.205648235935173e-05,24241.73764469953,0.8056592372770428,0.3498234876770066,0.7045654181781953,cruise,15,GTF2035_wi,0,43031,1.237,3.16,3.16,11.036576007411616,1.655132607307653,0.8500008542426815,21.26945248453038,13.662322838783092,36.28235539,1450000000000000.0,16.6922185575231,795.343519382656,1351.07957653868,0.00320564823594,0.0246512633277414,0.27526561868127,21.2694370318671,11.1663899339187,11.166031990211184,14.826131184887112,0.6453922248814319,609431315983146.6,9.12151095776151,661339196956770.5,0.0012165710945061027,8.8862281788149e-06,3.16,35.8,2023-05-05 10:11:00,3.205648235935173e-05,0.8056595449578037,0.0,70,242.41737644699538,3.205648235935173e-05,9.239496,-2.4211144,0.8056595449578037,7.730338e-06,2.959164e-10,0.39124346864688253,1122.3003471473494,15388.36910852761,-0.32110573250145125,0.9470433509373827,2.03889187108458,233.49851877164184,0.4586778939993544,0.0,1.0,225.76483002524347,28.117254249628648,68.4845183188997,0.801958171345364,216.09773,3.2777843073750245e-05,10527.07774084055,0.0,0.0036119395374296912,0.0024728735,136.9690366377994,,,,0.0,0 days 00:00:00,,,,,,,,,,,,,,,,,,,,,0.0,,,,,,,,,,,,,,,,,,15388.36910852761,0.0,3.160348e-05,1.1264656e-06,105194.81,0.7715235,-242.39096,0.023744399214396313,0.023744399214396313,1.0,-4.4172106314465094e-13,1.6396464e-12,2.9776922e-16,5.084107071310185e-15,6.462736210621942e-15,6.462736210621942e-15,7.480000000000001e-16,1.7652837407502928e-14,1.1979254142621252e-12,1166.2215298774317,4.8139379558678994e-14,7.807678050774533e-14,9.945097026009747e-14,3.160348e-05,1.1264656e-06,105194.81,0.7715235,-242.39096,0.023744399214396313,0.023744399214396313,1.0,-4.4172106314465094e-13,1.6396464e-12,2.9776922e-16,5.084107071310185e-15,6.462736210621942e-15,6.462736210621942e-15,7.480000000000001e-16,1.7652837407502928e-14,1.1979254142621252e-12,1166.2215298774317,4.8139379558678994e-14,7.807678050774533e-14,9.945097026009747e-14
71,71,72,407463.0,BAW680,46.94765252582097,12.581810584435097,255.678888668,10561.32,0.8411108027821017,34610D,215.92294,9.363988,-2.0974493,247.8796808144547,65553.31519168626,0.4483026443782951,0.542623400795482,41.63288196917641,42.2289545711736,-24.597195061512537,3.115922523942349e-05,24241.73764469953,0.7759697887773305,0.3469406830764701,0.697602529407996,cruise,15,GTF2035_wi,0,43031,1.237,3.16,3.16,11.070035447900093,1.6601603834570844,0.8414896104592507,21.114363111866943,13.59490820086326,36.28235539,1450000000000000.0,16.5187331322857,793.581844807617,1344.53820232458,0.00311592252394,0.024537866067869,0.271311700397741,21.1144772855868,11.0568579862374,11.056513473843706,15.018340996725776,0.6393576807189219,599167132062796.9,8.959795457754838,653552283720434.6,0.0011805952210879659,8.690307771238121e-06,3.16,35.8,2023-05-05 10:12:00,3.11592252394235e-05,0.7759700304497503,0.0,71,242.41737644699538,3.11592252394235e-05,9.363988,-2.0974493,0.7759700304497503,4.802339e-06,1.8383998e-10,0.39111764622864925,1124.4211888176503,15510.26116972356,-0.3229060671979453,0.9464310179652587,2.034332959463477,233.47457914733474,0.4420723045741034,0.0,1.0,225.65402601142722,28.117254249628648,67.91570753932749,0.7734826994767051,216.1602,3.187635795206901e-05,10527.362146230336,0.0,0.003834381925783248,0.0026150036,135.83141507865497,,,,0.0,0 days 00:00:00,,,,,,,,,,,,,,,,,,,,,0.0,,,,,,,,,,,,,,,,,,15510.26116972356,0.0,3.0643645e-05,1.3993224e-06,105191.414,0.73844415,-243.6609,0.0,0.0,1.0,-4.4173537654361767e-13,1.6401868e-12,3.1880195e-16,0.0,0.0,0.0,7.480000000000002e-16,1.664666999366311e-14,1.1984513884147975e-12,1166.764263097615,4.606501459316847e-14,7.695528479953592e-14,0.0,3.0643645e-05,1.3993224e-06,105191.414,0.73844415,-243.6609,0.0,0.0,1.0,-4.4173537654361767e-13,1.6401868e-12,3.1880195e-16,0.0,0.0,0.0,7.480000000000002e-16,1.664666999366311e-14,1.1984513884147975e-12,1166.764263097615,4.606501459316847e-14,7.695528479953592e-14,0.0
72,72,73,407463.0,BAW680,46.90245030289989,12.775022066556488,259.279999776,10553.7,0.8426694881799861,34610D,216.05533,9.620241,-1.6121589,247.56221092367028,65511.68230971707,0.4480373880296289,0.545753211151936,41.94806075526852,42.5018312484538,0.0,3.052804019461747e-05,24270.50189404938,0.7479896819351273,0.349567172960571,0.7033717963239084,cruise,15,GTF2035_wi,0,43031,1.237,3.16,3.16,11.083866862944763,1.6622416607086106,0.8401543292427669,21.250787010026137,13.63959266382571,36.28235539,1450000000000000.0,16.5812151666296,794.398136615525,1347.04597655242,0.00305280401946,0.0246046837104187,0.272876605575968,21.2509156242269,11.0904333820158,11.090094823155276,14.991578035002846,0.642149106369442,603902759872171.9,8.953861442407716,653385320784882.4,0.0011879317181900603,8.780694835170628e-06,3.16,35.8,2023-05-05 10:13:00,3.052804019461747e-05,0.7479907258051086,0.0,72,242.70501894049386,3.052804019461747e-05,9.620241,-1.6121589,0.7479907258051086,1.4906433e-06,5.7106587e-11,0.3913417848443638,1126.5044982756094,15616.592520088569,-0.32434081528248304,0.9459402917425043,2.035766908802234,233.4821141730998,0.42667931041813356,0.0,1.0,225.58054303951917,28.117254249628648,67.26863912051051,0.7473040340346978,216.28587,3.127516326021663e-05,10520.065680439746,0.0,0.004022338877988148,0.0026860228,134.53727824102103,,,,0.0,0 days 00:00:00,,,,,,,,,,,,,,,,,,,,,0.0,,,,,,,,,,,,,,,,,,15616.592520088569,0.0,3.0125706e-05,1.6441843e-06,105114.47,0.709996,-245.84203,0.0,0.0,1.0,-4.421401325039852e-13,1.6389439e-12,3.3767673e-16,0.0,0.0,0.0,7.480000000000001e-16,1.6644124554942358e-14,1.196803679899612e-12,1167.3143611736048,4.655452976290763e-14,7.73991570081365e-14,0.0,3.0125706e-05,1.6441843e-06,105114.47,0.709996,-245.84203,0.0,0.0,1.0,-4.421401325039852e-13,1.6389439e-12,3.3767673e-16,0.0,0.0,0.0,7.480000000000001e-16,1.6644124554942358e-14,1.196803679899612e-12,1167.3143611736048,4.655452976290763e-14,7.73991570081365e-14,0.0
73,73,74,407463.0,BAW680,46.85673600536282,12.96929168701172,262.881110884,10553.7,0.8441983995432667,34610D,216.14558,9.995461,-0.9419708,248.4454986415925,65469.7342489618,0.447765001677422,0.547743500700224,41.931574123460834,42.4793325621992,0.0,3.0101969967807563e-05,24270.50189404938,0.728840784739785,0.3494297843621736,0.7048812510951048,cruise,15,GTF2035_wi,0,43031,1.237,3.16,3.16,10.928715333003645,1.638978324089806,0.8429759443037176,21.23971072029006,13.643354446299654,36.28235539,1450000000000000.0,16.5960392261866,794.856723317304,1351.83533393235,0.00301019699678,0.0246578714838661,0.273871750350112,21.2396662810996,11.1068690794868,11.106534750911283,14.759893066834548,0.6437222797692549,606542969990416.5,9.007102476853275,655949187654015.2,0.0012228312447109878,8.831263688661676e-06,3.16,35.8,2023-05-05 10:14:00,3.010196996780756e-05,0.7288412285780357,0.0,73,242.70501894049386,3.010196996780756e-05,9.995461,-0.9419708,0.7288412285780357,8.951903e-06,3.4294764e-10,0.391178382955312,1128.548003546936,15548.378223690868,-0.32677674774946525,0.9451015591619149,2.0347620321312947,233.47683430366072,0.4161195229526285,0.0,1.0,225.52137944389443,28.117254249628648,66.87253380517637,0.7309553422430564,216.36998,3.093170182612671e-05,10520.263733097412,0.0,0.004234351226453441,0.0025455959,133.74506761035275,,,,0.0,0 days 00:00:00,,,,,,,,,,,,,,,,,,,,,0.0,,,,,,,,,,,,,,,,,,15548.378223690868,0.0,2.9944367e-05,1.8083525e-06,105115.45,0.6894001,-249.65248,0.0,0.0,0.9999999999999998,-4.4213124120654646e-13,1.6399087e-12,3.5033134e-16,0.0,0.0,0.0,7.48e-16,1.6669438928372884e-14,1.1977775060882878e-12,1167.870691050661,4.813612910468489e-14,7.768142146410633e-14,0.0,2.9944367e-05,1.8083525e-06,105115.45,0.6894001,-249.65248,0.0,0.0,0.9999999999999998,-4.4213124120654646e-13,1.6399087e-12,3.5033134e-16,0.0,0.0,0.0,7.48e-16,1.6669438928372884e-14,1.1977775060882878e-12,1167.870691050661,4.813612910468489e-14,7.768142146410633e-14,0.0
74,74,75,407463.0,BAW680,46.81088205111229,13.162376403808594,260.823333108,10553.7,0.8456884662390272,34610D,216.2391,10.383075,-0.21659666,248.12570752620016,65427.80267483834,0.44676117243703045,0.536301681187852,40.89777049595776,41.5522223912044,-24.62805705122712,3.0008831162802607e-05,24270.50189404938,0.7177037441413369,0.3408147541329813,0.688339843886447,cruise,15,GTF2035_wi,0,43031,1.237,3.16,3.16,10.745973013710618,1.611573477966744,0.8417087370987135,20.7755943069867,13.489907463658271,36.28235539,1450000000000000.0,16.3249037031518,792.366606054371,1346.44762014594,0.00300088311628,0.0244751705053326,0.268150840593926,20.7761111956022,10.9560356499049,10.95570688194681,14.712900438957355,0.6352104122251407,589472579829212.5,8.983154655935937,654795981404719.5,0.0012166686776576108,8.517797541379369e-06,3.16,35.8,2023-05-05 10:15:00,3.0008831162802607e-05,0.7177040485948102,0.0,74,242.70501894049386,3.0008831162802607e-05,10.383075,-0.21659666,0.7177040485948102,4.382432e-06,1.679161e-10,0.39100920447475973,1130.5395788012602,15445.160856736851,-0.3296506547408288,0.9441029847579887,2.0310698764241355,233.4574149766648,0.41013248576268313,0.0,1.0,225.4729800499075,28.117254249628648,67.17829981029861,0.7227586663273378,216.45982,3.094695090592042e-05,10520.110850094852,0.0,0.004439916944379832,0.0021988014,134.35659962059722,,,,0.0,0 days 00:00:00,,,,,,,,,,,,,,,,,,,,,0.0,,,,,,,,,,,,,,,,,,15445.160856736851,0.0,3.011143e-05,1.8688497e-06,105116.64,0.681101,-254.18115,0.0,0.0,1.0,-4.421212545694559e-13,1.640905e-12,3.5499468e-16,0.0,0.0,0.0,7.479999999999998e-16,1.6687182607743303e-14,1.198783687332069e-12,1168.4287205098265,4.6932486176599453e-14,7.605873346740611e-14,0.0,3.011143e-05,1.8688497e-06,105116.64,0.681101,-254.18115,0.0,0.0,1.0,-4.421212545694559e-13,1.640905e-12,3.5499468e-16,0.0,0.0,0.0,7.479999999999998e-16,1.6687182607743303e-14,1.198783687332069e-12,1168.4287205098265,4.6932486176599453e-14,7.605873346740611e-14,0.0
75,75,76,407463.0,BAW680,46.76493499238613,13.35381317138672,259.279999776,10546.08,0.847138340948417,34610D,216.37874,10.754057,0.44902515,247.1440381925761,65386.90490434239,0.4451657946514398,0.522581607932958,39.705607733895306,40.5048667703838,0.0,3.069558662220208e-05,24299.29377393277,0.7216387201917683,0.3308800644491275,0.6683134528997682,cruise,15,GTF2035_wi,0,43031,1.237,3.16,3.16,10.557432705412628,1.5832908392217773,0.8381081217276947,20.25233998941153,13.307001701146415,34.97971896115606,1469570236301094.2,16.0018543385237,789.241131081287,1339.23869629046,0.00306955866222,0.024255037430711,0.261290803966479,20.2524333851919,10.7726407231036,10.772310060727008,14.700853323669474,0.6247096172496813,570124443136739.8,8.934600567419889,652576585838356.1,0.0012019951030548652,8.15780577541453e-06,3.16,35.8,2023-05-05 10:16:00,3.069558662220208e-05,0.7216384959841341,0.0,75,242.99293773932774,3.069558662220208e-05,10.754057,0.44902515,0.7216384959841341,8.3349886e-07,3.194317e-11,0.39122041810564534,1132.4774229597572,15434.163679985028,-0.3312319132999757,0.9435493731711327,2.0276334236018054,233.43931246435838,0.4129393921710157,0.0,1.0,225.47049862591263,28.117254249628648,67.7971915460919,0.7297083666783539,216.59749,3.177438368365589e-05,10512.181404226954,0.0,0.004573376607801834,0.0018651183,135.5943830921838,,,,0.0,0 days 00:00:00,,,,,,,,,,,,,,,,,,,,,0.0,,,,,,,,,,,,,,,,,,15434.163679985028,0.0,3.097472e-05,1.8181674e-06,105044.49,0.6889015,-257.54898,0.0,0.0,1.0000000000000002,-4.425011143609939e-13,1.6399135e-12,3.510879e-16,0.0,0.0,0.0,7.480000000000002e-16,1.666544878230352e-14,1.1974123752039158e-12,1168.9878830237312,4.512859490387776e-14,7.411294170233848e-14,0.0,3.097472e-05,1.8181674e-06,105044.49,0.6889015,-257.54898,0.0,0.0,1.0000000000000002,-4.425011143609939e-13,1.6399135e-12,3.510879e-16,0.0,0.0,0.0,7.480000000000002e-16,1.666544878230352e-14,1.1974123752039158e-12,1168.9878830237312,4.512859490387776e-14,7.411294170233848e-14,0.0
76,76,77,407463.0,BAW680,46.71880172470868,13.544837951660156,259.279999776,10546.08,0.8485518733040049,34610D,216.46375,11.115888,0.98765445,245.9651721341482,65347.199296608494,0.44354410159817864,0.50896949476345,38.51690887034254,39.494478516473,49.29562780987241,3.2041091912143485e-05,24299.29377393277,0.7449133839604021,0.3209742405861878,0.6483709091218477,cruise,15,GTF2035_wi,0,43031,1.237,3.16,3.16,10.377975338545616,1.556363779120158,0.8339465755645706,19.747159470831782,13.119446269371618,33.47283498091263,1492208997906947.2,15.6751386149375,786.013908763267,1331.88473358326,0.00320410919121,0.0240431082293667,0.254484747381725,19.7472392582365,10.5845194786792,10.584180349983791,14.70782674085812,0.6139894856228583,551489072613008.25,8.856829291201018,648831020283359.0,0.0011843259973864622,7.808294238189332e-06,3.16,35.8,2023-05-05 10:17:00,3.204109191214349e-05,0.7449131429936688,0.0,76,242.99293773932774,3.204109191214349e-05,11.115888,0.98765445,0.7449131429936688,0.0,0.0,0.39106677737945833,1134.3666823687627,15496.33007287808,-0.3339068383865639,0.9426060806501776,2.0217265881361413,233.4081329665423,0.42660918161405326,0.0,1.0,225.51176295882283,28.117254249628648,68.25296962936605,0.7564501647350371,216.68005,3.3295831881566005e-05,10511.953515185316,0.0,0.004734313027018971,0.0016254112,136.5059392587321,,,,0.0,0 days 00:00:00,,,,,,,,,,,,,,,,,,,,,0.0,,,,,,,,,,,,,,,,,,15496.33007287808,0.0,3.252647e-05,1.6807777e-06,105051.25,0.71500003,-258.98956,0.011544512723376203,0.011544512723376203,0.9999999999999999,-4.424616273285832e-13,1.640867e-12,3.4049745e-16,3.895546928913338e-15,4.897935748114511e-15,4.897935748114511e-15,7.48e-16,1.7451436944692868e-14,1.198405367410628e-12,1169.5465338394672,4.33429046125021e-14,7.21824609229483e-14,7.59000290285315e-14,3.252647e-05,1.6807777e-06,105051.25,0.71500003,-258.98956,0.011544512723376203,0.011544512723376203,0.9999999999999999,-4.424616273285832e-13,1.640867e-12,3.4049745e-16,3.895546928913338e-15,4.897935748114511e-15,4.897935748114511e-15,7.48e-16,1.7451436944692868e-14,1.198405367410628e-12,1169.5465338394672,4.33429046125021e-14,7.21824609229483e-14,7.59000290285315e-14
77,77,78,407463.0,BAW680,46.67210983017743,13.73627471923828,257.736666444,10561.32,0.8499340163328117,34610D,216.45233,11.423664,1.3623358,244.3358830288607,65308.68238773815,0.4419870467293145,0.496599750726864,37.48946536813956,38.6554048230426,24.65910522879166,3.367903057982194e-05,24241.73764469953,0.7823099197157611,0.312412211401163,0.631291314321817,cruise,15,GTF2035_wi,0,43031,1.237,3.16,3.16,10.238124666999957,1.5353738899362537,0.8284443182514204,19.327674183097763,12.949109607211636,32.30580278077273,1509741975967443.2,15.3719134303792,783.003548868519,1324.8457761594,0.00336790305798,0.0238643797697591,0.248299875363432,19.3277024115213,10.4046230306005,10.40427262478461,14.760515714417252,0.6041307032545853,534946377363329.2,8.717178969965264,641866842714431.4,0.0011618853915174605,7.496976016047502e-06,3.16,35.8,2023-05-05 10:18:00,3.367903057982194e-05,0.7823096860222776,0.0,77,242.41737644699538,3.367903057982194e-05,11.423664,1.3623358,0.7823096860222776,0.0,0.0,0.3901610671484565,1136.213978414059,15300.276545470231,-0.3361882867353917,0.9417947949855754,2.011312724724575,233.35296606857807,0.44797644711929163,0.0,1.0,225.5727176734562,28.117254249628648,67.43974390138554,0.7973917029202149,216.66246,3.510241071419412e-05,10527.600128049307,0.0,0.004990489783088776,0.0018111167,134.87948780277108,,,,0.0,0 days 00:00:00,,,,,,,,,,,,,,,,,,,,,0.0,,,,,,,,,,,,,,,,,,15300.276545470231,0.0,3.443349e-05,1.5476087e-06,105211.086,0.7515814,-261.6984,0.14360205635723863,0.14360205635723863,0.9999999999999999,-4.4160775077485264e-13,1.6457854e-12,3.3023234e-16,4.8456661881912796e-14,6.092536447299937e-14,6.092536447299937e-14,7.479999999999999e-16,2.6480600160357623e-14,1.2041776535253958e-12,1170.1106034748805,4.168805205637734e-14,7.042817392788443e-14,9.321749250704576e-13,3.443349e-05,1.5476087e-06,105211.086,0.7515814,-261.6984,0.14360205635723863,0.14360205635723863,0.9999999999999999,-4.4160775077485264e-13,1.6457854e-12,3.3023234e-16,4.8456661881912796e-14,6.092536447299937e-14,6.092536447299937e-14,7.479999999999999e-16,2.6480600160357623e-14,1.2041776535253958e-12,1170.1106034748805,4.168805205637734e-14,7.042817392788443e-14,9.321749250704576e-13
78,78,79,407463.0,BAW680,46.62569724907309,13.924964904785156,255.164444224,10568.94,0.8512706860107301,34610D,216.51549,11.570693,1.5836632,243.4300866523226,65271.192922370006,0.44073642068875357,0.48713232343394,36.69043127341322,37.9518607082848,-24.67196707952728,3.544620510574721e-05,24213.00100559291,0.8155976771051846,0.3057535939451101,0.6186022791062421,cruise,15,GTF2035_wi,0,43031,1.237,3.16,3.16,10.102280864281164,1.5149840421226233,0.8252527269040076,18.975906352184705,12.8179254539889,31.34490307326678,1524178110195804.2,15.1349097198124,780.766829376053,1320.02575592297,0.00354462051057,0.0237279908018687,0.24356616171697,18.9759303541424,10.2649298775768,10.264566037663707,14.762902556965969,0.5968683275743482,521804394501505.3,8.639989864311762,638029645003252.1,0.0011503961681926112,7.255387515001045e-06,3.16,35.8,2023-05-05 10:19:00,3.5446205105747205e-05,0.8155973409586172,0.0,78,242.13001005592912,3.5446205105747205e-05,11.570693,1.5836632,0.8155973409586172,0.0,0.0,0.3895848829937415,1138.0004832542131,15145.373669258683,-0.3464961916869295,0.9380513787349043,2.004439160930293,233.31641509790867,0.4673241696292818,0.0,1.0,225.6429953656881,28.117254249628648,65.44681373917581,0.8325125509421702,216.71645,3.695792871361566e-05,10536.216593130413,0.0,0.005145981282818468,0.0025925376,130.89362747835162,,,,0.0,0 days 00:00:00,,,,,,,,,,,,,,,,,,,,,0.0,,,,,,,,,,,,,,,,,,15145.373669258683,0.0,3.655108e-05,1.4187367e-06,105294.58,0.78898865,-264.6023,0.39756242634889566,0.39756242634889566,1.0,-4.4115960646624456e-13,1.6489221e-12,3.2029847e-16,1.347643881010521e-13,1.671085597780771e-13,1.671085597780771e-13,7.48e-16,4.3506580827440696e-14,1.207762523186277e-12,1170.6712988153663,4.060945622082221e-14,6.908549581526011e-14,2.5309215811706296e-12,3.655108e-05,1.4187367e-06,105294.58,0.78898865,-264.6023,0.39756242634889566,0.39756242634889566,1.0,-4.4115960646624456e-13,1.6489221e-12,3.2029847e-16,1.347643881010521e-13,1.671085597780771e-13,1.671085597780771e-13,7.48e-16,4.3506580827440696e-14,1.207762523186277e-12,1170.6712988153663,4.060945622082221e-14,6.908549581526011e-14,2.5309215811706296e-12
79,79,80,407463.0,BAW680,46.5783536232124,14.11083984375,253.106666448,10561.32,0.8525727463450512,34610D,216.67819,11.585392,1.7013079,243.0817746839968,65234.5024910966,0.43950050556687953,0.477797593038524,35.88887186116929,37.1734078854804,-24.6847575521625,3.785340944037447e-05,24241.73764469953,0.8536255801838676,0.2990739321764107,0.6058004460005725,cruise,15,GTF2035_wi,0,43031,1.237,3.16,3.16,9.945623586172212,1.4914670621640846,0.8237624635572902,18.58714664208273,12.69021033151104,30.233668998995647,1540872801774953.5,14.9005570189754,778.557540650189,1315.53326818822,0.00378534094404,0.0235838161684904,0.238898796519262,18.5867039427402,10.1297769119506,10.129393479871824,14.727935065483692,0.589785851048767,509966834409784.25,8.631632834154184,637745703635161.8,0.00114280526830491,7.034383065825731e-06,3.16,35.8,2023-05-05 10:20:00,3.7853409440374466e-05,0.85362570774477,0.0,79,242.41737644699538,3.7853409440374466e-05,11.585392,1.7013079,0.85362570774477,0.0,0.0,0.38975437287698345,1139.7407202303175,15179.510115434292,-0.39452500818444264,0.9188852038840681,2.002397157548248,233.30553514071318,0.48988618787419735,0.0,1.0,225.75785356409366,28.117254249628648,63.865476058169186,0.8707981609948182,216.873,3.9415407765084144e-05,10529.387261970915,0.0,0.005199104347441335,0.0034089608,127.73095211633837,,,,0.0,0 days 00:00:00,,,,,,,,,,,,,,,,,,,,,0.0,,,,,,,,,,,,,,,,,,15179.510115434292,0.0,3.9022852e-05,1.2930743e-06,105226.91,0.8269195,-267.82788,0.46446337191987686,0.46446337191987686,1.0000000000000002,-4.415157337379914e-13,1.6482412e-12,3.1061198e-16,1.585650727511259e-13,2.0048711125461977e-13,2.0048711125461977e-13,7.479999999999999e-16,4.8823980863283694e-14,1.2067254678588462e-12,1171.243241805611,3.9534469942676614e-14,6.77616368827979e-14,3.043296133303701e-12,3.9022852e-05,1.2930743e-06,105226.91,0.8269195,-267.82788,0.46446337191987686,0.46446337191987686,1.0000000000000002,-4.415157337379914e-13,1.6482412e-12,3.1061198e-16,1.585650727511259e-13,2.0048711125461977e-13,2.0048711125461977e-13,7.479999999999999e-16,4.8823980863283694e-14,1.2067254678588462e-12,1171.243241805611,3.9534469942676614e-14,6.77616368827979e-14,3.043296133303701e-12
80,80,81,407463.0,BAW680,46.52435302734375,14.29314590081936,251.563333116,10553.7,0.8538888298106864,34610D,216.83788,11.462177,1.7386721,242.27794320674224,65198.613619235424,0.43903379597603603,0.46600730658535,35.00198352822381,36.3377673011888,0.0,4.030560953496877e-05,24270.50189404938,0.8911880783377671,0.2916831960685317,0.5911951667572035,cruise,15,GTF2035_wi,0,43031,1.237,3.16,3.16,10.021856893707936,1.5028745970054171,0.8207360754388544,18.16882458728237,12.544485799803477,29.0300880990972,1558954871412297.0,14.6517566322137,776.356492730871,1304.12441428722,0.0040305609535,0.0233708960930451,0.233003653292675,18.1688836505944,9.96982111276483,9.969419289243666,15.078876481286269,0.5828042363687762,497032199467122.4,8.595458404700432,636121577481215.4,0.0010811831756574592,6.80010134668316e-06,3.16,35.8,2023-05-05 10:21:00,4.030560953496876e-05,0.8911873155629444,0.0,80,242.70501894049386,4.030560953496876e-05,11.462177,1.7386721,0.8911873155629444,0.0,0.0,0.3899294646642829,1141.4997024849988,14924.020140497205,-0.39768380208649234,0.9175225302727076,2.003109436256091,233.3093313331061,0.5122352741298889,0.0,1.0,225.88915975045035,28.117254249628648,63.10234637320689,0.908006644287269,217.03065,4.1907373025307865e-05,10522.148826813398,0.0,0.005145429263346841,0.004046713,126.20469274641378,,,,0.0,0 days 00:00:00,,,,,,,,,,,,,,,,,,,,,0.0,,,,,,,,,,,,,,,,,,14924.020140497205,0.0,4.1417214e-05,1.1793775e-06,105159.76,0.86048526,-270.755,0.4989417072840134,0.4989417072840134,0.9999999999999999,-4.418688153574792e-13,1.6476496e-12,3.0184784e-16,1.7184358762344694e-13,2.210743375940926e-13,2.210743375940926e-13,7.48e-16,5.2096891482118765e-14,1.2057807398652666e-12,1171.8956054916325,3.645118051379807e-14,6.608952902577961e-14,3.2993178668013163e-12,4.1417214e-05,1.1793775e-06,105159.76,0.86048526,-270.755,0.4989417072840134,0.4989417072840134,0.9999999999999999,-4.418688153574792e-13,1.6476496e-12,3.0184784e-16,1.7184358762344694e-13,2.210743375940926e-13,2.210743375940926e-13,7.48e-16,5.2096891482118765e-14,1.2057807398652666e-12,1171.8956054916325,3.645118051379807e-14,6.608952902577961e-14,3.2993178668013163e-12
81,81,82,407463.0,BAW680,46.47084045410156,14.471941692073171,250.019999784,10553.7,0.8551580413453923,34610D,216.92813,11.208447,1.6790768,240.872043098355,65163.6116357072,0.43742836491231085,0.47354080156767,35.50812030173059,37.004913100284,24.705335345658767,4.1803479136213214e-05,24270.50189404938,0.9134675837408432,0.2959010025144216,0.5997241420712796,cruise,15,GTF2035_wi,0,43031,1.237,3.16,3.16,9.831997367346784,1.4743885934052043,0.8158037022090762,18.50250312096451,12.615914722505243,29.88608224864324,1546094792108483.0,14.7724863077941,777.436422605681,1314.8527036086,0.00418034791362,0.0235559783697782,0.236770400783835,18.502456550142,10.0513931990873,10.050973033445798,14.67329336313118,0.5862213905851686,508688985548403.0,8.506614455954903,631840845684103.1,0.0011413877310145592,6.987783086287197e-06,3.16,35.8,2023-05-05 10:22:00,4.1803479136213214e-05,0.9134684786534719,0.0,81,242.70501894049386,4.1803479136213214e-05,11.208447,1.6790768,0.9134684786534719,0.0,0.0,0.38976723981042943,1143.1960240018902,15063.099855800629,-0.3994032846128889,0.9167753357504965,1.9973956707777631,233.2788452912471,0.5255019805609474,0.0,1.0,225.938673435695,28.117254249628648,62.953118360382426,0.9286246498281437,217.12276,4.337757925564574e-05,10522.22344081981,0.0,0.005048640232652417,0.004474347,125.90623672076485,,,,0.0,0 days 00:00:00,,,,,,,,,,,,,,,,,,,,,0.0,,,,,,,,,,,,,,,,,,15063.099855800629,0.0,4.2784643e-05,1.0717588e-06,105169.77,0.8811551,-272.50922,0.6790567490538354,0.6790567490538354,1.0,-4.4181114841676355e-13,1.6489106e-12,2.9355224e-16,2.347432762609892e-13,3.014020565565776e-13,3.014020565565776e-13,7.48e-16,6.495817428711541e-14,1.207099461514955e-12,1172.5394705430617,3.9145776431917564e-14,6.715793531096821e-14,4.540049274655397e-12,4.2784643e-05,1.0717588e-06,105169.77,0.8811551,-272.50922,0.6790567490538354,0.6790567490538354,1.0,-4.4181114841676355e-13,1.6489106e-12,2.9355224e-16,2.347432762609892e-13,3.014020565565776e-13,3.014020565565776e-13,7.48e-16,6.495817428711541e-14,1.207099461514955e-12,1172.5394705430617,3.9145776431917564e-14,6.715793531096821e-14,4.540049274655397e-12
82,82,83,407463.0,BAW680,46.416595458984375,14.652077279439789,253.621110892,10561.32,0.8564001500773508,34610D,216.9493,10.905455,1.5227456,240.43348131441445,65128.10351540547,0.4375896719953091,0.45897676035577,34.448655678672125,35.9454771926854,0.0,4.282572551165967e-05,24241.73764469953,0.9321169523977704,0.287072130655601,0.5824468353222171,cruise,15,GTF2035_wi,0,43031,1.237,3.16,3.16,9.966863261445836,1.4946026510666286,0.8142786228579952,17.972816745539593,12.442609882773,28.47991324583872,1567220456226890.2,14.4705222461015,774.734696979868,1299.79290818567,0.00428257255117,0.0232865853271289,0.229488380177885,17.9727385963427,9.8549605686726,9.854538540910005,15.170925281004276,0.5776879033793089,488050417334945.75,8.460781845708885,629513655949143.4,0.0010617568472870468,6.635942979923969e-06,3.16,35.8,2023-05-05 10:23:00,4.282572551165967e-05,0.932115892487239,0.0,82,242.41737644699538,4.282572551165967e-05,10.905455,1.5227456,0.932115892487239,0.0,0.0,0.38926731756944993,1144.8561126867226,15142.502711863204,-0.4017406668895637,0.9157534802375192,1.9956024133954702,233.26926137893034,0.5363396711446039,0.0,1.0,225.99451798387483,28.117254249628648,63.053722407551696,0.9452349878101219,217.14778,4.434990061259217e-05,10529.793138796224,0.0,0.004921341492650128,0.004691063,126.10744481510339,,,,0.0,0 days 00:00:00,,,,,,,,,,,,,,,,,,,,,0.0,,,,,,,,,,,,,,,,,,15142.502711863204,0.0,4.334002e-05,9.894101e-07,105256.79,0.8940074,-273.1178,0.6966950578798151,0.6966950578798151,0.9999999999999999,-4.41342866448433e-13,1.6519779e-12,2.8720452e-16,2.422230136002931e-13,3.1080922008242723e-13,3.1080922008242723e-13,7.480000000000001e-16,6.65029360495894e-14,1.2106351002952752e-12,1173.1899444373967,3.5398126620696065e-14,6.50924513350636e-14,4.706429457970242e-12,4.334002e-05,9.894101e-07,105256.79,0.8940074,-273.1178,0.6966950578798151,0.6966950578798151,0.9999999999999999,-4.41342866448433e-13,1.6519779e-12,2.8720452e-16,2.422230136002931e-13,3.1080922008242723e-13,3.1080922008242723e-13,7.480000000000001e-16,6.65029360495894e-14,1.2106351002952752e-12,1173.1899444373967,3.5398126620696065e-14,6.50924513350636e-14,4.706429457970242e-12
83,83,84,407463.0,BAW680,46.36174606064618,14.832778930664062,253.621110892,10561.32,0.8576122663957141,34610D,217.0106,10.618883,1.2833005,239.52144338422093,65093.6548597268,0.4367262451961976,0.470273663378052,35.27078175786461,36.897503973148,24.71947423711601,4.407622073845115e-05,24241.73764469953,0.9516840648494256,0.2939231813155384,0.5963662984765474,cruise,15,GTF2035_wi,0,43031,1.237,3.16,3.16,9.866480141220114,1.479537144026401,0.8110752213962329,18.44853135393311,12.568301911391222,29.741096422419325,1548272995340546.2,14.6924180987445,776.9189690394,1311.88362205367,0.00440762207385,0.0235264523435865,0.235136831689026,18.448751986574,9.99457241810309,9.994131914538734,14.808466210434863,0.5845786990847756,505901808112699.4,8.403802975101474,626767846277304.8,0.0011186512626680124,6.936065964237549e-06,3.16,35.8,2023-05-05 10:24:00,4.407622073845114e-05,0.9516853519816487,0.0,83,242.41737644699538,4.407622073845114e-05,10.618883,1.2833005,0.9516853519816487,0.0,0.0,0.3891573594081112,1146.4761056775033,15095.788491175912,-0.4032567861870992,0.9150868616661766,1.9925455586174101,233.25290669637843,0.5479257985409743,0.0,1.0,226.04973130385955,28.117254249628648,63.66511877299553,0.962541261998629,217.21529,4.555887474165796e-05,10529.487440613502,1.0,0.004724068741022904,0.00466573,127.33023754599105,0.3907207900740023,5.468543386755407e-07,246746032456.64594,0.0,0 days 00:00:00,,,,,,,,,,,,,,,,,,,,,0.0,,,,,,,,,,,,,,,,,,15095.788491175912,0.0,4.4137225e-05,9.143253e-07,105267.73,0.9089503,-273.20734,0.6966950578798151,0.6966950578798151,1.0,-4.412798872779249e-13,1.653087e-12,2.8141674e-16,2.437161825671967e-13,3.1115739913597736e-13,3.1115739913597736e-13,7.48e-16,6.65680920504995e-14,1.2118070339645032e-12,1173.8476659776402,3.8249881527647865e-14,6.669458715920604e-14,4.697166284821117e-12,4.4137225e-05,9.143253e-07,105267.73,0.9089503,-273.20734,0.6966950578798151,0.6966950578798151,1.0,-4.412798872779249e-13,1.653087e-12,2.8141674e-16,2.437161825671967e-13,3.1115739913597736e-13,3.1115739913597736e-13,7.48e-16,6.65680920504995e-14,1.2118070339645032e-12,1173.8476659776402,3.8249881527647865e-14,6.669458715920604e-14,4.697166284821117e-12
84,84,85,407463.0,BAW680,46.306860972259,15.012611389160156,247.962222008,10568.94,0.8587869031339372,34610D,217.0172,10.301517,1.0202286,239.52902656853232,65058.38407796893,0.4370235535056151,0.462582608070272,34.71470921389709,36.3176244701108,-24.72532290302484,4.482124561400306e-05,24213.00100559291,0.9657921734719288,0.2892892434491424,0.5877311199076132,cruise,15,GTF2035_wi,0,43031,1.237,3.16,3.16,9.940427211015896,1.4906185393228513,0.8110885786357155,18.1587989239918,12.478395843909254,29.00937893216065,1559265996820410.0,14.533960382906,775.618151319134,1304.01261135509,0.0044821245614,0.0233846527371623,0.231291304035136,18.1588122350554,9.89073075554267,9.890287460539207,15.07602120034863,0.5804749661631885,494076467030704.06,8.385602939724945,625772142787148.5,0.0010770674395664923,6.7407564412635846e-06,3.16,35.8,2023-05-05 10:25:00,4.482124561400306e-05,0.9657921688413709,0.0,84,242.13001005592912,4.482124561400306e-05,10.301517,1.0202286,0.9657921688413709,1.5835279e-06,6.100487e-11,0.3886842233610175,1148.0459939998168,14618.513750671886,-0.4056400883914356,0.9140328870942163,1.991235852467284,233.24589275545125,0.5560833118446953,0.0,1.0,226.0935671609413,28.117254249628648,64.34937402967424,0.9745394200893839,217.22838,4.625781756026802e-05,10536.765312985164,1.0,0.004530806116680992,0.004501336,128.69874805934847,0.39025530444098844,1.061211264530297e-06,369881925373.09454,0.0,0 days 00:00:00,,,,,,,,,,,,,,,,,,,,,0.0,,,,,,,,,,,,,,,,,,14618.513750671886,0.0,4.4603603e-05,8.611288e-07,105352.13,0.9215595,-272.84692,0.6852004022371649,0.6852004022371649,1.0,-4.4082492136143034e-13,1.6559833e-12,2.7731618e-16,2.411040807158143e-13,3.0464543214141596e-13,3.0464543214141596e-13,7.48e-16,6.556564416422267e-14,1.215158372697239e-12,1174.5058154918395,3.632589568468017e-14,6.560383554261244e-14,4.453463438838668e-12,4.4603603e-05,8.611288e-07,105352.13,0.9215595,-272.84692,0.6852004022371649,0.6852004022371649,1.0,-4.4082492136143034e-13,1.6559833e-12,2.7731618e-16,2.411040807158143e-13,3.0464543214141596e-13,3.0464543214141596e-13,7.48e-16,6.556564416422267e-14,1.215158372697239e-12,1174.5058154918395,3.632589568468017e-14,6.560383554261244e-14,4.453463438838668e-12
85,85,86,407463.0,BAW680,46.25340270996094,15.186387969226374,247.447777564,10561.32,0.8599037157551376,34610D,217.1133,10.048753,0.6890122,239.63755775588027,65023.66936875504,0.43654746887771995,0.468730971836236,35.13718754273416,36.7435978607184,24.73005919265384,4.62928357569253e-05,24241.73764469953,0.98624155402375,0.2928098961894513,0.5952155367482664,cruise,15,GTF2035_wi,0,43031,1.237,3.16,3.16,9.83886310318191,1.475373996603616,0.8112765087392424,18.372015236992144,12.54714340389007,29.570274609531115,1550839347063544.2,14.6505274774621,776.825709075786,1311.49527913696,0.00462928357569,0.0235117742828872,0.234365485918118,18.3717989303592,9.96800509813921,9.96754367227709,14.806410395476917,0.584284488776147,503390039503808.5,8.407372484846176,626939867028611.1,0.0011176898831480265,6.899225330107982e-06,3.16,35.8,2023-05-05 10:26:00,4.62928357569253e-05,0.9862417104159759,0.0,85,242.41737644699538,4.62928357569253e-05,10.048753,0.6890122,0.9862417104159759,3.2943706e-05,1.2691449e-09,0.3889732782817536,1149.5385806718268,14866.979966124401,-0.4072916234872729,0.9132981623966522,1.9919171575414965,233.24954189501588,0.5683876475759478,0.0,1.0,226.1742108668775,28.117254249628648,65.19420529203806,0.9924917552503204,217.33162,4.7687841963123136e-05,10528.72289735398,1.0,0.004328458924301515,0.0041858796,130.38841058407613,0.39055806567616536,1.957975776964319e-06,524617869743.8665,2597737010064.5576,0 days 03:34:00,1.6138372326392885e-10,2.4368942212853255e-12,1060.6086574019557,866.2107092118806,1156.6969087176806,191.36454729453382,177.7005206264978,205.39760647873402,271.86444,266.9935,275.3792,-3.4703091084957123,-5.4546380043029785,-0.708571195602417,4.665335,0.1540775,7.5321736,1.1950262784957886,-0.5544936656951904,2.499081611633301,1.0,10530.544332023697,1.1367052430416753,0.09368075573912434,421615248981.1128,76895827539.92479,1.2866073822612206e-05,8234.983295119191,453.3008173217968,0.04544866673525105,3.9408173e-05,3.566666666666667,-3.4703091084957123,4.665335,1.1950262784957886,271.86444,1060.6086574019557,191.36454729453382,14866.979966124401,14866.979966124401,4.5696233e-05,8.3911755e-07,105284.914,0.9389746,-272.3536,0.6966950578798151,0.6966950578798151,1.0000000000000002,-4.4117900615441205e-13,1.6550298e-12,2.7561947e-16,2.4639486307274346e-13,3.078379675672396e-13,3.078379675672396e-13,7.48e-16,6.605775543504613e-14,1.213850858119357e-12,1175.1468553515774,3.8155886727886155e-14,6.647580141059246e-14,4.576620896634604e-12,4.5696233e-05,8.3911755e-07,105284.914,0.9389746,-272.3536,0.6966950578798151,0.6966950578798151,1.0000000000000002,-4.4117900615441205e-13,1.6550298e-12,2.7561947e-16,2.4639486307274346e-13,3.078379675672396e-13,3.078379675672396e-13,7.48e-16,6.605775543504613e-14,1.213850858119357e-12,1175.1468553515774,3.8155886727886155e-14,6.647580141059246e-14,4.576620896634604e-12
86,86,87,407463.0,BAW680,46.198813228283896,15.362800598144531,247.962222008,10568.94,0.8609984904984065,34610D,217.10036,9.828431,0.3947931,239.51030174305183,64988.53218121231,0.4371253171198962,0.460586774094874,34.57620937797594,36.1721784066938,0.0,4.784361895604734e-05,24213.00100559291,1.0197912400324,0.2881350781497995,0.5861975801314216,cruise,15,GTF2035_wi,0,43031,1.237,3.16,3.16,9.980015074924196,1.4965247812002092,0.8108698194830227,18.086079149065576,12.45526133742576,28.835591730322584,1561876899241660.0,14.494290538408,775.527811042827,1301.78455901519,0.0047843618956,0.0233521175168227,0.230293387047437,18.0860892033469,9.86177749754537,9.861305696993194,15.18051085475257,0.5801899666892035,490754138863280.06,8.3817304458712,625585516302504.9,0.0010628651147324896,6.6931184815711585e-06,3.16,35.8,2023-05-05 10:27:00,4.7843628655064125e-05,1.019791772335587,1.0,86,242.13001005592912,4.7843628655064125e-05,9.828431,0.3947931,1.019791772335587,0.0005430574,2.1720407e-08,0.3885353383936471,1151.0017056039792,14725.876578175375,-0.4099350390746963,0.9121147207116149,1.9916010451065866,233.24784890188667,0.5876492959589431,0.0,1.0,226.29676879819178,28.117254249628648,66.01847296857503,1.027707710808406,217.32446,4.9389335452604894e-05,10535.930763515713,1.0,0.004195781088076274,0.0038756016,132.03694593715005,0.39013339079124565,3.3894605764436255e-06,623778695236.2751,3684534648615.3423,0 days 03:33:00,2.2890073852153278e-10,3.456401151675145e-12,1060.553633615361,865.226911562564,1157.3371057291918,196.77008716760713,185.5382152453326,208.93801886137305,269.8581,264.23907,273.17108,-4.6161088347435,-6.389518737792969,-2.791107177734375,6.047693,1.5635301,9.348222,1.4315837770700455,-1.8863962888717651,3.308126449584961,1.0,10517.056044011037,1.1827507773408623,0.096670501105928,456076782299.11523,124348805381.0278,1.4839798183892409e-05,8648.533602021087,501.907447994069,0.06250636830549948,0.0005150016,3.55,-4.6161088347435,6.047693,1.4315837770700455,269.8581,1060.553633615361,196.77008716760713,14725.876578175375,14725.876578175375,4.6842324e-05,8.3131494e-07,105367.96,0.95990795,-270.84027,0.7633214846684373,0.7633214846684373,1.0,-4.407308375500489e-13,1.6576828e-12,2.7501802e-16,2.6303468391649674e-13,3.299205339751675e-13,3.299205339751675e-13,7.48e-16,6.96306788900759e-14,1.2169519561738708e-12,1175.796879138415,3.574491752311821e-14,6.532078477155431e-14,4.8583690639240325e-12,4.6842324e-05,8.3131494e-07,105367.96,0.95990795,-270.84027,0.7633214846684373,0.7633214846684373,1.0,-4.407308375500489e-13,1.6576828e-12,2.7501802e-16,2.6303468391649674e-13,3.299205339751675e-13,3.299205339751675e-13,7.48e-16,6.96306788900759e-14,1.2169519561738708e-12,1175.796879138415,3.574491752311821e-14,6.532078477155431e-14,4.8583690639240325e-12
87,87,88,407463.0,BAW680,46.144393662274894,15.537139892578123,245.904444232,10568.94,0.8620529051148715,34610D,217.128,9.662495,0.0792351,239.2239282875862,64953.95597183433,0.43612589781683736,0.472601528224104,35.418564885560414,37.0752270473152,24.736004706476084,5.042061880314832e-05,24213.00100559291,1.0708514095712145,0.2951547073796701,0.6005705709080313,cruise,15,GTF2035_wi,0,43031,1.237,3.16,3.16,9.768832292481983,1.4648322933031264,0.8098487509079932,18.53814130344933,12.587389481202925,30.06755780051932,1543368383300586.8,14.7168464247793,777.594701974975,1316.65895700926,0.00504206188031,0.023606835535454,0.236300764112052,18.5376135236576,10.0098449771958,10.009340300064055,14.639695789196908,0.5867246208710567,507970630431027.0,8.363677908336488,624715500242972.5,0.0011454069935568508,6.982026987211923e-06,3.16,35.8,2023-05-05 10:28:00,5.042068444672472e-05,1.070854999267888,1.0,87,242.13001005592912,5.042068444672472e-05,9.662495,0.0792351,1.070854999267888,0.0013477758,5.815963e-08,0.3884858785508208,1152.4108752499867,14847.406194631509,-0.41165716362684696,0.9113387842260964,1.9880755191555695,233.22895122544776,0.6172397735793377,0.0,1.0,226.47808081867078,28.117254249628648,66.85477595498996,1.0763506885569194,217.35776,5.194822353242215e-05,10535.512612022505,1.0,0.004071059531594585,0.0035614998,133.70955190997992,0.3900989902869114,5.829877812591609e-06,770102912794.0886,3245387833667.402,0 days 03:02:00,2.0161885903134031e-10,3.044444771373239e-12,1060.477521095057,864.1997471660223,1157.96728301458,204.9729205701546,191.11921299431538,220.00384148676642,267.507,260.09717,271.20447,-5.822816044092178,-7.272830009460449,-3.8692777156829834,7.3930717,3.5825999,10.41114,1.5702558159828186,-3.690230131149292,3.45052433013916,1.0,10494.267259673847,1.2285284545396136,0.09592923229939826,511349396163.618,184590944894.82227,1.609876770725178e-05,9063.75326096546,544.7405682158504,0.08133790863381228,0.0017274655,3.533333333333333,-5.822816044092178,7.3930717,1.5702558159828186,267.507,1060.477521095057,204.9729205701546,14847.406194631509,14847.406194631509,4.8391925e-05,8.189995e-07,105375.266,0.98723674,-268.66708,0.8749178844338332,0.8749178844338332,0.9999999999999999,-4.406869617978592e-13,1.6583408e-12,2.740687e-16,2.919699378716261e-13,3.6780097777827755e-13,3.6780097777827755e-13,7.479999999999999e-16,7.569972414096895e-14,1.217653768127093e-12,1176.4445760764766,3.954850030896992e-14,6.7024726813965e-14,5.460890515856724e-12,4.8391925e-05,8.189995e-07,105375.266,0.98723674,-268.66708,0.8749178844338332,0.8749178844338332,0.9999999999999999,-4.406869617978592e-13,1.6583408e-12,2.740687e-16,2.919699378716261e-13,3.6780097777827755e-13,3.6780097777827755e-13,7.479999999999999e-16,7.569972414096895e-14,1.217653768127093e-12,1176.4445760764766,3.954850030896992e-14,6.7024726813965e-14,5.460890515856724e-12
88,88,89,407463.0,BAW680,46.08929443359375,15.71259289253049,251.563333116,10576.56,0.8630786485383785,34610D,217.09204,9.550976,-0.22259063,239.5753023781164,64918.53740694877,0.43459061985060443,0.458229649976194,34.197752598604964,35.7686813039928,24.73717622149381,5.301371833689263e-05,24184.291956449648,1.1298771163115142,0.2849812716550414,0.5804294471073317,cruise,15,GTF2035_wi,0,43031,1.237,3.16,3.16,9.476624569866448,1.420991294374236,0.811105384587405,17.883452859397035,12.39247549886901,28.34441767012407,1569256082112803.5,14.3485493609721,773.685540828243,1310.17737750916,0.00530137183369,0.0233765099972989,0.229114824988097,17.8843406519964,9.80107060526018,9.800551041607712,14.504397273089587,0.5744119388999497,489661206779496.8,8.367488069370765,624780568074294.9,0.001143977838718361,6.630833315586177e-06,3.16,35.8,2023-05-05 10:29:00,5.301375748873965e-05,1.1298792648319353,1.0,88,241.84291956449655,5.301375748873965e-05,9.550976,-0.22259063,1.1298792648319353,0.0027284718,1.2679722e-07,0.3880895298230511,1153.7817156782946,15067.863383810998,-0.41378519858983714,0.9103745434863438,1.9803308145794214,233.18733338303056,0.6510340188889046,0.0,1.0,226.68003402708575,28.117254249628648,67.61021363101524,1.133119416911412,217.32643,5.4527002435205e-05,10542.754893184492,1.0,0.00398212196488231,0.0032285897,135.22042726203048,0.3897159735744837,8.395252168166724e-06,772582110280.7415,4007700506525.883,0 days 03:01:00,2.4897733179457113e-10,3.759557710098025e-12,1088.5542803391756,946.8479684069879,1158.5880949750149,212.59757170357287,194.70410158019718,236.16126186401914,265.73395,259.96646,268.5862,-7.117088113512311,-12.648408889770508,-5.000944137573242,8.548466,6.0475597,10.6897135,1.431377615247454,-6.455077171325684,3.8535823822021484,1.0,10518.991283664818,1.2768753540683162,0.08746609827011609,464283858328.5404,182540170585.24313,1.6827698278980502e-05,7408.611710208949,466.660651224108,0.1019748140081358,0.003506669,3.0166666666666666,-7.117088113512311,8.548466,1.431377615247454,265.73395,1088.5542803391756,212.59757170357287,15067.863383810998,15067.863383810998,4.9719947e-05,8.0420585e-07,105455.67,1.0180064,-266.08026,0.9764030646662365,0.9764030646662365,0.9999999999999998,-4.40252359285802e-13,1.6606291e-12,2.7292836e-16,3.1672336994173483e-13,3.9677267349562843e-13,3.9677267349562843e-13,7.48e-16,8.036945407519239e-14,1.2203767648672332e-12,1177.100362300505,3.838362424171467e-14,6.498649554334382e-14,5.978516438661576e-12,4.9719947e-05,8.0420585e-07,105455.67,1.0180064,-266.08026,0.9764030646662365,0.9764030646662365,0.9999999999999998,-4.40252359285802e-13,1.6606291e-12,2.7292836e-16,3.1672336994173483e-13,3.9677267349562843e-13,3.9677267349562843e-13,7.48e-16,8.036945407519239e-14,1.2203767648672332e-12,1177.100362300505,3.838362424171467e-14,6.498649554334382e-14,5.978516438661576e-12
89,89,90,407463.0,BAW680,46.03308726165254,15.890281677246094,252.592222004,10584.18,0.8640802848326637,34610D,217.05054,9.484337,-0.5641956,238.6158315749288,64884.339654350166,0.43301678902229523,0.437091919791782,32.586742004753965,34.1318397109424,-49.47721800255975,5.5248069747993815e-05,24155.610477000162,1.1824886276001878,0.2715561833729497,0.5527727292893656,cruise,15,GTF2035_wi,0,43031,1.237,3.16,3.16,9.423149182097136,1.412951766511312,0.8079342185188876,17.065811825685586,12.121334950107514,26.19470460723409,1595122670555061.5,13.86633961737,768.583765957657,1292.52932970106,0.0055248069748,0.0229930568811005,0.218545959895891,17.0659198554712,9.50486753570937,9.504342439135383,14.871905890776,0.5585110019765239,459671409475825.44,8.293282038882912,621085628421040.6,0.0010706192046394554,6.096189477831038e-06,3.16,35.8,2023-05-05 10:30:00,5.524803814807377e-05,1.1824868861555067,1.0,89,241.55610477000167,5.524803814807377e-05,9.484337,-0.5641956,1.1824868861555067,0.0048607755,2.456719e-07,0.3877033877491833,1155.1203282627682,15052.20687688461,-0.41566618343580153,0.9095172477462506,1.9724955537228082,233.14508209879108,0.6810720273819862,0.0,1.0,226.86856719580254,28.117254249628648,68.54273903137133,1.1841851719197463,217.28967,5.677545012562573e-05,10549.908630484315,1.0,0.003918064109402053,0.0029038673,137.08547806274265,0.3893483639604783,1.0587220809040686e-05,719657778573.1299,4384829710656.782,0 days 03:00:00,2.724063836494755e-10,4.11333639310708e-12,1077.4978181370982,946.0147639305856,1159.2140684890796,227.9773917048066,205.5654956634046,257.4476862938668,262.28156,255.42139,265.80823,-6.207474946975708,-6.93565559387207,-5.081511497497559,9.261947,6.5739646,11.286894,3.054471174875895,1.3827366828918457,4.351238250732422,1.0,10483.612763816549,1.3253456562602783,0.056512630380142495,374152060862.3903,145282353615.8219,2.1048726417356096e-05,8491.34768358197,573.0834134472237,0.09387564862045676,0.005189534,3.0,-6.207474946975708,9.261947,3.054471174875895,262.28156,1077.4978181370982,227.9773917048066,15052.20687688461,15052.20687688461,5.084855e-05,7.69946e-07,105534.6,1.0475032,-264.37845,1.0000000000000002,1.0000000000000002,1.0000000000000002,-4.398251958784616e-13,1.6628041e-12,2.702875e-16,3.2193687607900425e-13,3.9734557384269227e-13,3.9734557384269227e-13,7.480000000000001e-16,8.049230597827834e-14,1.2229789736503923e-12,1177.7693351687817,3.4338241310253835e-14,6.198872573840638e-14,5.980927779094634e-12,5.084855e-05,7.69946e-07,105534.6,1.0475032,-264.37845,1.0000000000000002,1.0000000000000002,1.0000000000000002,-4.398251958784616e-13,1.6628041e-12,2.702875e-16,3.2193687607900425e-13,3.9734557384269227e-13,3.9734557384269227e-13,7.480000000000001e-16,8.049230597827834e-14,1.2229789736503923e-12,1177.7693351687817,3.4338241310253835e-14,6.198872573840638e-14,5.980927779094634e-12
90,90,91,407463.0,BAW680,45.9766845703125,16.06743789300686,248.991110896,10568.94,0.8650462393607202,34610D,217.16618,9.431111,-1.0034434,237.3902319305712,64851.75291234541,0.4322710367959779,0.43303367248556,32.29364142145039,33.9309797479046,0.0,5.822481364243866e-05,24213.00100559291,1.2304610547538903,0.2691136785120865,0.5468401924118624,cruise,15,GTF2035_wi,0,43031,1.237,3.16,3.16,9.46643189268075,1.4194136026693025,0.8035704595829631,16.965066965890944,12.066413068634846,25.92373303300096,1582332743162549.5,13.7810415928888,767.535528438567,1287.84884462064,0.00582248136424,0.0229136355706331,0.21651683624278,16.9654898739523,9.44925721522234,9.44870706601426,15.028127572975604,0.5552799918674116,453909867906930.5,8.253489022245905,619404639730870.8,0.001046761884147024,5.992841127240726e-06,3.16,35.8,2023-05-05 10:31:00,5.822484742046698e-05,1.2304628927233505,1.0,90,242.13001005592912,5.822484742046698e-05,9.431111,-1.0034434,1.2304628927233505,0.007284863,3.8908394e-07,0.38841757882365757,1156.411239828623,14965.55913244716,-0.4176732067943689,0.9085973213289309,1.9745898428946445,233.15638997953974,0.7095005154261625,0.0,1.0,227.10935275215567,28.117254249628648,69.40156100910698,1.2301295187569083,217.4101,5.976382919372187e-05,10534.239219495446,1.0,0.0038387180186285263,0.0026291837,138.80312201821397,0.3900823247605889,1.2851505203474352e-05,724079958027.2378,4047370729326.5703,0 days 02:59:00,2.514418338721411e-10,3.796771691469331e-12,1077.4276089519578,945.2475747408583,1159.8464985880505,240.2666592449265,208.87104207495645,285.1643838228896,259.24887,251.69798,263.7569,-6.369069337844849,-7.123570442199707,-4.480991363525391,9.485472,7.7182465,11.42277,3.116402546564738,1.6414794921875,4.429791450500488,1.0,10446.422864264883,1.3280805351131104,0.042847984306657975,375781925843.198,150965157075.5266,2.066457245218229e-05,7979.605769925387,575.5010967671855,0.09873181247091796,0.0058735623,2.9833333333333334,-6.369069337844849,9.485472,3.116402546564738,259.24887,1077.4276089519578,240.2666592449265,14965.55913244716,14965.55913244716,5.2674655e-05,7.1531645e-07,105387.94,1.0744243,-262.64798,0.9999999999999999,0.9999999999999999,0.9999999999999999,-4.4060429441184755e-13,1.6594443e-12,2.6607647e-16,3.2481536394199096e-13,3.8768782442128547e-13,3.8768782442128547e-13,7.48e-16,7.888904792632536e-14,1.2188399648398145e-12,1178.4385431823464,3.3148776598020895e-14,6.141318185884011e-14,5.801965061306541e-12,5.2674655e-05,7.1531645e-07,105387.94,1.0744243,-262.64798,0.9999999999999999,0.9999999999999999,0.9999999999999999,-4.4060429441184755e-13,1.6594443e-12,2.6607647e-16,3.2481536394199096e-13,3.8768782442128547e-13,3.8768782442128547e-13,7.48e-16,7.888904792632536e-14,1.2188399648398145e-12,1178.4385431823464,3.3148776598020895e-14,6.141318185884011e-14,5.801965061306541e-12
91,91,92,407463.0,BAW680,45.92033774165784,16.24321746826172,251.563333116,10568.94,0.8659735023306707,34610D,217.1748,9.376586,-1.4427788,235.7113022443613,64819.45927092396,0.4309086990283497,0.43739315092532,32.56612492381064,34.4079082366936,24.741171469825616,6.0211046874966185e-05,24213.00100559291,1.271007661144865,0.2713843743650886,0.5505316192513319,cruise,15,GTF2035_wi,0,43031,1.237,3.16,3.16,9.34894355844192,1.4017786240874597,0.7978714255373831,17.203975906069395,12.101450856045576,26.27197677369937,1598769936514046.2,13.8481769544771,767.847320288672,1294.30673392938,0.0060211046875,0.0230296491775544,0.21869657546266,17.2039541183468,9.49630512286787,9.495733374820526,14.76821554250209,0.5562309038275165,462037432351532.56,8.154667113399913,614640954615818.9,0.0010819199946933882,6.108259917402353e-06,3.16,35.8,2023-05-05 10:32:00,6.021106517980568e-05,1.271008656050867,1.0,91,242.13001005592912,6.021106517980568e-05,9.376586,-1.4427788,1.271008656050867,0.008132795,4.4928385e-07,0.3884021619358351,1157.6504268758797,14773.996369668335,-0.42052667694634577,0.907280173913474,1.969866281235027,233.13087058391287,0.7329410467518704,0.0,1.0,227.2870194360815,28.117254249628648,70.26550835480047,1.2698589470602282,217.42256,6.178998601999912e-05,10533.8072458226,1.0,0.0038053546929688762,0.0023816286,140.53101670960095,0.3900861653881456,1.4777308598147376e-05,761072313971.6083,3457515565598.3145,0 days 02:58:00,2.1479723815667467e-10,3.2434382961657876e-12,1077.3533423324163,944.4726263634916,1160.4639944523276,252.43074508306722,209.57137792174967,309.72305360958535,256.57483,248.95891,262.68973,-6.611229658126831,-7.936396598815918,-4.5109052658081055,9.663177,8.082474,11.164625,3.05194624265035,1.6471610069274902,4.230364799499512,1.0,10440.364664433459,1.3220400683166746,0.02943353040923105,404991239263.7969,156949362829.21756,1.896953449053081e-05,7069.433466877697,543.3512738268423,0.10405006397875144,0.005479183,2.966666666666667,-6.611229658126831,9.663177,3.05194624265035,256.57483,1077.3533423324163,252.43074508306722,14773.996369668335,14773.996369668335,5.372954e-05,6.65421e-07,105391.43,1.0911455,-262.0125,1.0,1.0,1.0,-4.4058055616859303e-13,1.6597054e-12,2.6223036e-16,3.2523080842921064e-13,3.8414134010786417e-13,3.8414134010786417e-13,7.480000000000001e-16,7.832146760927707e-14,1.2191248325761223e-12,1179.1041226762359,3.4615176718143986e-14,6.203144657874963e-14,5.675302764193115e-12,5.372954e-05,6.65421e-07,105391.43,1.0911455,-262.0125,1.0,1.0,1.0,-4.4058055616859303e-13,1.6597054e-12,2.6223036e-16,3.2523080842921064e-13,3.8414134010786417e-13,3.8414134010786417e-13,7.480000000000001e-16,7.832146760927707e-14,1.2191248325761223e-12,1179.1041226762359,3.4615176718143986e-14,6.203144657874963e-14,5.675302764193115e-12
92,92,93,407463.0,BAW680,45.86433539956303,16.41632080078125,244.3611109,10576.56,0.8668586282465642,34610D,217.13594,9.305594,-1.9338315,234.55800143666272,64786.89314600015,0.4296926827564325,0.42955857058035,31.95995216288612,33.86191638014,0.0,6.086164720465475e-05,24184.291956449648,1.2897357042042763,0.2663329346907176,0.5398986273571049,cruise,15,GTF2035_wi,0,43031,1.237,3.16,3.16,9.2837391388108,1.3919958471654137,0.7940385910650436,16.93093758056486,11.992705286923805,25.78200553520212,1575643169130662.8,13.6541439800819,765.610982583568,1288.64158292902,0.00608616472047,0.0229030842152606,0.214779285290175,16.93095819007,9.3777450788512,9.377174368573003,14.85059894066498,0.5494104552817943,451751198764653.4,8.070837673446393,610480989230597.1,0.0010615198355662745,5.914590363523332e-06,3.16,35.8,2023-05-05 10:33:00,6.086165071808969e-05,1.2897358959090768,1.0,92,241.84291956449655,6.086165071808969e-05,9.305594,-1.9338315,1.2897358959090768,0.008098839,4.5516796e-07,0.388011066854833,1158.833283452489,14496.892434411324,-0.42133821550374434,0.9069035826129039,1.9633365443793394,233.09550387748442,0.7434598070921274,0.0,1.0,227.34807087217192,28.117254249628648,70.83843138721392,1.2894395651121442,217.38496,6.250797875525797e-05,10541.140784306392,1.0,0.003838876418624011,0.002179361,141.67686277442783,0.38970888099939466,1.552580928286144e-05,738007937491.3807,3526565812200.0996,0 days 03:27:00,2.1908696642620862e-10,3.3082131930357503e-12,1046.1289764856942,859.0172139239792,1161.0733388253045,270.8543095632613,212.44686545161812,324.1261884132638,253.47816,246.65407,262.334,-5.710597770554679,-7.652035713195801,-0.9699839353561401,8.26554,1.5993748,10.448136,2.554942079952785,0.6293908357620239,3.8980770111083984,1.0,10360.143927160187,1.286787344458528,0.052811430963272614,375557771583.1462,159058993743.08032,1.7228808200234637e-05,7608.761846856097,655.2273517172576,0.09151177834901032,0.005087514,3.45,-5.710597770554679,8.26554,2.554942079952785,253.47816,1046.1289764856942,270.8543095632613,14496.892434411324,14496.892434411324,5.4037133e-05,6.026447e-07,105468.02,1.0989983,-262.11508,1.0,1.0,1.0,-4.4016546783612975e-13,1.6617356e-12,2.5739137e-16,3.2452475862420317e-13,3.8471377639981456e-13,3.8471377639981456e-13,7.480000000000001e-16,7.8440007799961e-14,1.2215701700364827e-12,1179.7656330291345,3.342105627655971e-14,6.092034012656172e-14,5.577154234504281e-12,5.4037133e-05,6.026447e-07,105468.02,1.0989983,-262.11508,1.0,1.0,1.0,-4.4016546783612975e-13,1.6617356e-12,2.5739137e-16,3.2452475862420317e-13,3.8471377639981456e-13,3.8471377639981456e-13,7.480000000000001e-16,7.8440007799961e-14,1.2215701700364827e-12,1179.7656330291345,3.342105627655971e-14,6.092034012656172e-14,5.577154234504281e-12
93,93,94,407463.0,BAW680,45.80928039550781,16.58593898866235,240.245555348,10576.56,0.8676963269967831,34610D,217.15489,9.199283,-2.4877286,233.4518312025353,64754.93319383726,0.4301459619573862,0.423912677138612,31.630069423708505,33.6106110812114,0.0,6.13266454008931e-05,24184.291956449648,1.296381140718469,0.2635839118642375,0.5338634098595845,cruise,15,GTF2035_wi,0,43031,1.237,3.16,3.16,9.50838957512446,1.4256753186328617,0.7902593886502721,16.805024643552155,11.930861634290856,25.52481528398371,1563503723698223.8,13.5627303862435,764.804812952813,1278.82920308266,0.00613266454009,0.0227772455073325,0.211956338569306,16.8053055406057,9.30561768327395,9.305047035953937,15.327659929519724,0.5469847890054023,443448095603220.25,8.006520828206751,607379909535591.0,0.000999814191578874,5.7853017045802664e-06,3.16,35.8,2023-05-05 10:34:00,6.132669833243854e-05,1.2963840217127502,1.0,93,241.84291956449655,6.132669833243854e-05,9.199283,-2.4877286,1.2963840217127502,0.007349588,4.1261686e-07,0.38797720710745687,1159.952737695867,14266.920039254208,-0.4239924543474804,0.9056657212550333,1.9648990299996958,233.10397615767846,0.7474295540268833,0.0,1.0,227.39240770719454,28.117254249628648,71.12979873184008,1.2983725682031184,217.40344,6.309106289993378e-05,10540.99510063408,1.0,0.003903123029568292,0.0020532468,142.25959746368017,0.3896845849394965,1.5815340371068065e-05,719229797855.0922,3277415923043.4023,0 days 03:26:00,2.0360859559532003e-10,3.0744897934893325e-12,1046.0264345001694,858.2163946871776,1161.669989053142,279.04348946668745,218.91087959318702,334.5104154421974,252.64378,246.90477,262.0706,-5.860613005501883,-7.6545844078063965,-2.997671127319336,8.84841,4.8918633,10.951944,2.9877961703709195,1.5731139183044434,4.376660346984863,1.0,10368.450638309982,1.2701026028402995,0.033656693183997353,384276251134.46954,147097823193.2603,1.6704425937374135e-05,6256.834254045369,599.0761344078908,0.0970230051587418,0.003878042,3.433333333333333,-5.860613005501883,8.84841,2.9877961703709195,252.64378,1046.0264345001694,279.04348946668745,14266.920039254208,14266.920039254208,5.4454762e-05,5.4407406e-07,105468.74,1.1030372,-262.96344,1.0,1.0,1.0,-4.401565448012856e-13,1.6619076e-12,2.5287655e-16,3.2502985556413454e-13,3.8944847259227535e-13,3.8944847259227535e-13,7.480000000000001e-16,7.919539511909011e-14,1.2217509967982548e-12,1180.4159532443095,3.1069170164661687e-14,6.011963500193967e-14,5.556230217883676e-12,5.4454762e-05,5.4407406e-07,105468.74,1.1030372,-262.96344,1.0,1.0,1.0,-4.401565448012856e-13,1.6619076e-12,2.5287655e-16,3.2502985556413454e-13,3.8944847259227535e-13,3.8944847259227535e-13,7.480000000000001e-16,7.919539511909011e-14,1.2217509967982548e-12,1180.4159532443095,3.1069170164661687e-14,6.011963500193967e-14,5.556230217883676e-12
94,94,95,407463.0,BAW680,45.7547607421875,16.752475645483994,237.673333128,10576.56,0.8684912127517342,34610D,217.17924,9.063057,-3.0866423,232.31531979417355,64723.30312441356,0.43011771648255376,0.44100122469898,32.899750445241395,35.1342523231154,49.49673751955703,6.137817191657839e-05,24184.291956449648,1.2933579744179795,0.2741645870436783,0.5548490087901913,cruise,15,GTF2035_wi,0,43031,1.237,3.16,3.16,9.498470915011554,1.4241876384709669,0.7863681462232501,17.567218696361014,12.135693765918791,27.068757774199884,1588421034858076.8,13.9347415413109,768.569877422422,1294.79779320872,0.00613781719166,0.023124458180266,0.22050061234949,17.5671261615577,9.53538502959009,9.534799801008717,14.94287134273771,0.5584679623746204,469400389297877.0,7.940810360841146,604211341090776.9,0.0010630390498075214,6.2248474311594056e-06,3.16,35.8,2023-05-05 10:35:00,6.137824667922141e-05,1.293362030753684,1.0,94,241.84291956449655,6.137824667922141e-05,9.063057,-3.0866423,1.293362030753684,0.0059211203,3.2569298e-07,0.38793370734664606,1161.0149579787126,14196.992025579999,-0.425382483742587,0.9050136698000687,1.9648017296890061,233.10344873940727,0.7458635126022911,0.0,1.0,227.37753082471858,28.117254249628648,71.22257719271795,1.2990130585400064,217.42566,6.330432321517114e-05,10540.94871140364,1.0,0.004009050497582223,0.001970452,142.4451543854359,0.3896475926765483,1.5870962055323222e-05,795813233728.7496,3263448438673.98,0 days 03:55:00,2.0274086933071557e-10,3.0613871268938055e-12,1010.4254906384401,761.5500191908832,1162.2548806034972,280.11991812867444,228.77269586960892,333.7868436955613,252.22858,248.13962,260.9307,-5.758717715740204,-8.194374084472656,-4.144744873046875,8.478608,5.937124,10.530934,2.7198904752731323,1.1253461837768555,3.8160996437072754,1.0,10340.836280417509,1.2353075240624445,0.03494771309256744,431122403853.256,151061287690.67972,1.4790934278347478e-05,5888.175762888515,614.8739349404705,0.09440501766595101,0.0026225357,3.9166666666666665,-5.758717715740204,8.478608,2.7198904752731323,252.22858,1010.4254906384401,280.11991812867444,14196.992025579999,14196.992025579999,5.4725984e-05,4.943366e-07,105468.9,1.1033962,-264.26038,0.9999999999999999,0.9999999999999999,0.9999999999999999,-4.4015073044991497e-13,1.6620612e-12,2.4904262e-16,3.255360344232073e-13,3.966865396190177e-13,3.966865396190177e-13,7.48e-16,8.035172552798749e-14,1.2219105053941612e-12,1181.0599497944324,3.437001034422826e-14,6.25431464877891e-14,5.6317556396261185e-12,5.4725984e-05,4.943366e-07,105468.9,1.1033962,-264.26038,0.9999999999999999,0.9999999999999999,0.9999999999999999,-4.4015073044991497e-13,1.6620612e-12,2.4904262e-16,3.255360344232073e-13,3.966865396190177e-13,3.966865396190177e-13,7.48e-16,8.035172552798749e-14,1.2219105053941612e-12,1181.0599497944324,3.437001034422826e-14,6.25431464877891e-14,5.6317556396261185e-12
95,95,96,407463.0,BAW680,45.70033186573093,16.91791534423828,240.759999792,10591.8,0.8692490651840945,34610D,217.11073,8.897608,-3.7532074,232.14199370524025,64690.40337396832,0.43145940353208334,0.43937408211476,32.885012409182586,35.1400279558074,-24.752871132163143,5.9632701989094046e-05,24126.95654698515,1.2648481678921246,0.2740417700765215,0.5551715194254176,cruise,15,GTF2035_wi,0,43031,1.237,3.16,3.16,9.741240462817046,1.4606051729330338,0.785905419132812,17.570046392914303,12.130871598697954,27.157561017870865,1587086894015349.8,13.9371905962606,769.007988791755,1288.60529451133,0.00596327019891,0.0230771963977842,0.21968704105738,17.5700139779037,9.51965902922565,9.519091380086175,15.349919059809276,0.5598256389478844,466310779865396.56,7.897472358961538,601884676939248.0,0.0010147338491867358,6.195383486701447e-06,3.16,35.8,2023-05-05 10:36:00,5.963270453542803e-05,1.2648483069556775,1.0,95,241.2695654698515,5.963270453542803e-05,8.897608,-3.7532074,1.2648483069556775,0.004144683,2.1890023e-07,0.3871361290342161,1162.02767072951,14644.320323043288,-0.4272689619402875,0.9041245678348029,1.9647663793133368,233.1032571162682,0.7289351200347611,0.0,1.0,227.2256500687471,28.117254249628648,71.24426042943972,1.2768494470502156,217.3521,6.177789843814548e-05,10556.177869785279,1.0,0.004229197010725158,0.0017809015,142.48852085887944,0.3888570019732449,1.4441320179812885e-05,780483718018.1632,2110342547323.9832,0 days 04:24:00,1.3110447144184335e-10,1.979677518771835e-12,970.9171858393033,655.5996132519322,1162.8346011687936,279.41458167263676,220.563569931982,341.01488191404303,252.47272,249.2394,259.8349,-4.917937808566624,-7.121059894561768,-3.195281982421875,6.925112,3.9933302,9.800985,2.007173935572306,0.7980482578277588,2.6799254417419434,1.0,10348.331456593476,1.1863471667958412,0.04290647290308571,453256039535.60455,127051922903.8832,1.1855610697235527e-05,4984.199457871616,595.7501630198351,0.0800040053042166,0.0014863935,4.4,-4.917937808566624,6.925112,2.007173935572306,252.47272,970.9171858393033,279.41458167263676,14644.320323043288,14644.320323043288,5.4043423e-05,4.7274935e-07,105620.06,1.0959349,-263.90924,1.0,1.0,1.0,-4.393353665376821e-13,1.6658679e-12,2.473786e-16,3.2360975318516914e-13,3.947268689261068e-13,3.947268689261068e-13,7.48e-16,8.009659945328177e-14,1.2265324483908651e-12,1181.6984065713193,3.281080420827656e-14,6.231238382478096e-14,5.78050670866583e-12,5.4043423e-05,4.7274935e-07,105620.06,1.0959349,-263.90924,1.0,1.0,1.0,-4.393353665376821e-13,1.6658679e-12,2.473786e-16,3.2360975318516914e-13,3.947268689261068e-13,3.947268689261068e-13,7.48e-16,8.009659945328177e-14,1.2265324483908651e-12,1181.6984065713193,3.281080420827656e-14,6.231238382478096e-14,5.78050670866583e-12
96,96,97,407463.0,BAW680,45.64393615722656,17.0882285513529,246.93333312,10584.18,0.8699910700411482,34610D,217.20921,8.648204,-4.479663,232.97570326998405,64657.51836155913,0.4317539052774208,0.457868212238006,34.25411597270922,36.5130048941084,24.75893769006694,5.9018096164361626e-05,24155.610477000162,1.2373116798070054,0.2854509664392435,0.5790770802571574,cruise,15,GTF2035_wi,0,43031,1.237,3.16,3.16,9.66401567069684,1.4490319987983389,0.7885490765974588,18.256520061746787,12.359670266569474,29.042054874012177,1558775087853613.5,14.3334932800504,773.254940167643,1306.83485247178,0.00590180961644,0.0234354591561819,0.228934106119003,18.2565024470542,9.76870581426668,9.768129317871251,14.840185341748496,0.573067461310521,493084266597818.06,7.959722773744237,605004927393232.4,0.0010967849848507972,6.665908866583725e-06,3.16,35.8,2023-05-05 10:37:00,5.901811071687722e-05,1.2373124653611172,1.0,96,241.55610477000167,5.901811071687722e-05,8.648204,-4.479663,1.2373124653611172,0.0029894318,1.525e-07,0.3874201727946509,1163.019197474704,14644.887941635961,-0.42905872925525923,0.9032765948754912,1.968118232062087,233.12141288813933,0.7137481586400446,0.0,1.0,227.1120951968783,28.117254249628648,71.45131563402474,1.2551467037107675,217.44635,6.140311258601891e-05,10548.454342182988,1.0,0.0044381828690308114,0.0014724487,142.90263126804948,0.38915585390003143,1.3380848766422982e-05,847707658574.39,402731081560.895,0 days 01:53:00,2.501956170489754e-11,3.7779538174395287e-13,970.8388796770151,655.0245171756542,1163.4262864269642,286.5563309845238,206.07195664004655,349.9802876042148,252.81595,249.50404,258.48373,-4.397260559929742,-7.794179916381836,-2.6668431758880615,6.094336,3.4731288,8.963935,1.6970756848653157,-0.28662729263305664,3.2362585067749023,1.0,10388.434275523994,1.124179207849275,0.05787504177367195,575364061668.7505,95950606161.59999,7.744805559781613e-06,3225.7116822384237,477.76312735601743,0.07225369254196419,0.0009076034,4.383333333333334,-4.397260559929742,6.094336,1.6970756848653157,252.81595,970.8388796770151,286.5563309845238,14644.887941635961,14644.887941635961,5.427762e-05,4.577774e-07,105545.28,1.0887567,-263.3753,1.0000000000000002,1.0000000000000002,1.0000000000000002,-4.3973084870182704e-13,1.6642283e-12,2.462245e-16,3.253105785885314e-13,3.91747042794031e-13,3.91747042794031e-13,7.48e-16,7.959221810611773e-14,1.2244974425872818e-12,1182.3594908186167,3.6895306499644415e-14,6.49352361541638e-14,5.7370915431858515e-12,5.427762e-05,4.577774e-07,105545.28,1.0887567,-263.3753,1.0000000000000002,1.0000000000000002,1.0000000000000002,-4.3973084870182704e-13,1.6642283e-12,2.462245e-16,3.253105785885314e-13,3.91747042794031e-13,3.91747042794031e-13,7.48e-16,7.959221810611773e-14,1.2244974425872818e-12,1182.3594908186167,3.6895306499644415e-14,6.49352361541638e-14,5.7370915431858515e-12
97,97,98,407463.0,BAW680,45.58730303230932,17.258216857910156,244.875555344,10591.8,0.8706984910840221,34610D,217.21716,8.371338,-5.198769,234.33426660656653,64623.26424558642,0.4311871355761839,0.453335756363252,33.804750869340545,35.8947893497736,-24.76689656878476,5.679830086001008e-05,24126.95654698515,1.1881304080032602,0.2817062572445045,0.5730690910448548,cruise,15,GTF2035_wi,0,43031,1.237,3.16,3.16,9.405425086053478,1.4102795507442678,0.7931328831966634,17.947373750969685,12.29460209291286,28.34563004962267,1569237867856892.2,14.1903385571676,771.944541919034,1308.43236872483,0.005679830086,0.0233786858257978,0.226667878181626,17.9473946748868,9.69549271805102,9.694942061814974,14.5522293788334,0.5689703631456323,486789327400308.6,8.019484553776845,607768179795804.8,0.0011287471670315904,6.546461735479385e-06,3.16,35.8,2023-05-05 10:38:00,5.679829935844847e-05,1.1881303271279522,1.0,97,241.2695654698515,5.679829935844847e-05,8.371338,-5.198769,1.1881303271279522,0.0017517662,8.1179174e-08,0.3869464437523852,1163.9644913145935,14543.803604829485,-0.4319402213088972,0.9019022370609915,1.9638211233266616,233.09813205246377,0.6854301650737028,0.0,1.0,226.85874887637098,28.117254249628648,72.16424156672879,1.2129976091643178,217.45128,5.9446289586802935e-05,10555.717879216634,1.0,0.004667200052052749,0.0010598863,144.32848313345758,0.3887074724347286,1.0934634445395809e-05,799845072359.2883,32586949389.315784,0 days 00:52:00,2.0244555941905372e-12,3.056927947227711e-14,1127.3246563207745,1075.0028966729562,1164.0030490110078,323.03740961667296,273.8562594602265,359.1235631768625,254.03499,249.21329,257.82956,-3.7693865597248077,-6.267516136169434,-1.5283511877059937,4.965771,2.306043,6.772881,1.196384459733963,0.5053648948669434,2.1020026206970215,1.0,10490.834862908507,1.0873130689686579,0.06874643805186836,682349289948.1707,51640083038.13474,4.56835676392092e-06,1381.9798233281551,257.28082078112703,0.07198421748721401,0.0012017192,1.8666666666666667,-3.7693865597248077,4.965771,1.196384459733963,254.03499,1127.3246563207745,323.03740961667296,14543.803604829485,14543.803604829485,5.359147e-05,4.5502642e-07,105619.75,1.0722954,-262.2668,0.9910606573547793,0.9910606573547793,1.0000000000000002,-4.3932592959696434e-13,1.6663014e-12,2.4601246e-16,3.224875149752409e-13,3.8218766953752363e-13,3.8218766953752363e-13,7.480000000000001e-16,7.809472094637389e-14,1.2269754894321583e-12,1183.0233581190005,3.7670708275619844e-14,6.429243963604151e-14,5.558462405941216e-12,5.359147e-05,4.5502642e-07,105619.75,1.0722954,-262.2668,0.9910606573547793,0.9910606573547793,1.0000000000000002,-4.3932592959696434e-13,1.6663014e-12,2.4601246e-16,3.224875149752409e-13,3.8218766953752363e-13,3.8218766953752363e-13,7.480000000000001e-16,7.809472094637389e-14,1.2269754894321583e-12,1183.0233581190005,3.7670708275619844e-14,6.429243963604151e-14,5.558462405941216e-12
98,98,99,407463.0,BAW680,45.53068542480469,17.426605224609375,245.904444232,10584.18,0.8713686130713999,34610D,217.34889,7.988023,-5.87802,235.54830828863624,64589.459494717084,0.4301999072588426,0.434593558181186,32.32358899136346,34.155059512339,24.77752521997457,5.339801325144304e-05,24155.610477000162,1.0993096702118876,0.2693632415946955,0.5492474703630759,cruise,15,GTF2035_wi,0,43031,1.237,3.16,3.16,9.271430898929813,1.390219558849471,0.7970002562894147,17.078522637216523,12.05983060719252,26.150217382212027,1593022862191262.5,13.7571651493909,767.729853540989,1294.57348656399,0.00533980132514,0.0230284067033732,0.217296779090593,17.0775297561695,9.43603184925354,9.435528010803784,14.739221755336136,0.5558726502835294,458129385223809.9,8.103536120973045,611939012144629.5,0.0010834191785051319,6.053567991651917e-06,3.16,35.8,2023-05-05 10:39:00,5.3398007505051525e-05,1.0993093656089017,1.0,98,241.55610477000167,5.3398007505051525e-05,7.988023,-5.87802,1.0993093656089017,0.0013971486,6.097575e-08,0.38717119590898125,1164.8599225173805,14757.919724869289,-0.43356489541748267,0.9011223454457377,1.962741130418498,233.0922737887544,0.6350011830931939,0.0,1.0,226.47474349785514,28.117254249628648,72.1746774460641,1.1278755062035437,217.57913,5.6133895214094836e-05,10548.092661276969,1.0,0.004831755654105052,0.00091064523,144.3493548921282,0.38894026032774787,6.552991494475246e-06,649938477363.3857,0.0,0 days 00:00:00,0.0,0.0,1157.4947069121883,1150.4285604707638,1164.5608533536129,314.7152269317196,292.80169808017536,336.62875578326384,256.97397,256.44244,257.5055,-3.4589632749557495,-3.6837620735168457,-3.2341644763946533,3.724299,3.597685,3.850913,0.2653357982635498,-0.08607697486877441,0.616748571395874,0.0,10513.320489414777,1.056984111065423,0.05250534285155516,613512002389.1812,25437787079.014187,3.0454550736372456e-06,473.63501074442786,186.4333314815357,0.06795728029453368,0.0012796286,0.85,-3.4589632749557495,3.724299,0.2653357982635498,256.97397,1157.4947069121883,314.7152269317196,14757.919724869289,0.0,5.256905e-05,4.8129766e-07,105542.75,1.0445267,-261.0349,0.7804380694069436,0.7804380694069436,0.9999999999999999,-4.397337326493558e-13,1.6649526e-12,2.4803753e-16,2.7015712708970444e-13,2.9655438972783215e-13,2.9655438972783215e-13,7.479999999999999e-16,6.437258532729863e-14,1.2252188802384147e-12,1183.6870435204892,3.461343773660048e-14,6.163440609610234e-14,4.3765258776609485e-12,5.256905e-05,4.8129766e-07,105542.75,1.0445267,-261.0349,0.7804380694069436,0.7804380694069436,0.9999999999999999,-4.397337326493558e-13,1.6649526e-12,2.4803753e-16,2.7015712708970444e-13,2.9655438972783215e-13,2.9655438972783215e-13,7.479999999999999e-16,6.437258532729863e-14,1.2252188802384147e-12,1183.6870435204892,3.461343773660048e-14,6.163440609610234e-14,4.3765258776609485e-12
99,99,100,407463.0,BAW680,45.47301728846663,17.59715010480183,247.962222008,10591.8,0.8720119954336848,34610D,217.40364,7.4866824,-6.455318,234.30645066952184,64557.13590572572,0.4302481288786143,0.424471811372934,31.65003917258669,33.5401529229626,0.0,4.848385211278406e-05,24126.95654698515,0.9898811303720882,0.2637503264382224,0.5382201176659823,cruise,15,GTF2035_wi,0,43031,1.237,3.16,3.16,9.452866302371431,1.4174716339838684,0.7926985328555471,16.770044009926288,11.940075423929724,25.61125587920662,1567583741832212.0,13.5540616293539,765.983138546818,1281.92240234661,0.00484838521128,0.0228351509968017,0.212235905686467,16.7700764614813,9.29426329242108,9.293812692580929,15.256625894299756,0.5505454674906112,443216880470301.75,8.01210134376184,607412186151192.4,0.0010109143719849044,5.812397951085584e-06,3.16,35.8,2023-05-05 10:40:00,4.848385211278406e-05,0.9898811091981575,0.0,99,241.2695654698515,4.848385211278406e-05,7.4866824,-6.455318,0.9898811091981575,0.0007772267,3.2073373e-08,0.3866145368310892,1165.7196071500882,14883.044798404775,-0.4348516669258443,0.9005020975943446,1.96057049453715,233.08049085841245,0.572095519663844,0.0,1.0,226.0401004049147,28.117254249628648,69.37491394415049,1.0129433360098206,217.62254,5.076993011463625e-05,10557.112543027924,1.0,0.004941965894881548,0.0017100415,138.74982788830098,0.3883172877020934,1.3805928333499876e-06,337158077056.56445,0.0,0 days 00:00:00,,,,,,,,,,,,,,,,,,,,,0.0,,,,,,,,,,,,,,,,,,14883.044798404775,0.0,5.0423532e-05,5.1239317e-07,105616.48,0.9972177,-260.3675,0.6465665385383803,0.6465665385383803,0.9999999999999999,-4.393323604129898e-13,1.6675463e-12,2.5043448e-16,2.3477546703842416e-13,2.424150318312416e-13,2.424150318312416e-13,7.480000000000001e-16,5.575162103781181e-14,1.2282139592784711e-12,1184.3606104413686,3.162193960769222e-14,6.019893186635861e-14,3.607873778551088e-12,5.0423532e-05,5.1239317e-07,105616.48,0.9972177,-260.3675,0.6465665385383803,0.6465665385383803,0.9999999999999999,-4.393323604129898e-13,1.6675463e-12,2.5043448e-16,2.3477546703842416e-13,2.424150318312416e-13,2.424150318312416e-13,7.480000000000001e-16,5.575162103781181e-14,1.2282139592784711e-12,1184.3606104413686,3.162193960769222e-14,6.019893186635861e-14,3.607873778551088e-12
100,100,101,407463.0,BAW680,45.41468733448093,17.768844976657775,248.991110896,10591.8,0.8726243843303113,34610D,217.52095,6.8755674,-6.913857,233.06107743716623,64525.48586655313,0.42734024754783534,0.44145656114491,32.70011642364279,34.8316030257926,74.40876497742134,4.569654800243518e-05,24126.95654698515,0.9188538884158394,0.2725009701970232,0.5564387993326873,cruise,15,GTF2035_wi,0,43031,1.237,3.16,3.16,8.939157453016577,1.3404651293148333,0.7882725617112382,17.41538203983051,12.108665369964443,26.917561760478385,1590692537213449.5,13.8282211841181,768.428141098288,1308.75486643299,0.00456965480024,0.0232547029237369,0.220728280572455,17.4158015128963,9.49176952706413,9.491335805781874,14.127609411735792,0.5580287313928949,471394957582399.2,7.937236936628567,603802262757132.5,0.0011721364924470307,6.247518612928096e-06,3.16,35.8,2023-05-05 10:41:00,4.569654800243518e-05,0.9188535054859867,0.0,100,241.2695654698515,4.569654800243518e-05,6.8755674,-6.913857,0.9188535054859867,0.00030487287,1.1826815e-08,0.38640603391991835,1166.5378586492018,14862.613785149315,-0.4374250725111556,0.8992548615040178,1.9506103187543333,233.02627526244677,0.5316509611757585,0.0,1.0,225.74026319358308,28.117254249628648,66.89686163416894,0.9356038517719668,217.73213,4.757425324554779e-05,10558.351569182914,0.0,0.004941849601021033,0.0029098473,133.79372326833789,,,,0.0,0 days 00:00:00,,,,,,,,,,,,,,,,,,,,,0.0,,,,,,,,,,,,,,,,,,14862.613785149315,0.0,4.823591e-05,5.363653e-07,105615.57,0.9413609,-259.9749,0.6020134328093844,0.6020134328093844,1.0,-4.3933152696842296e-13,1.6685971e-12,2.5228233e-16,2.1598351238432758e-13,2.2447005189321627e-13,2.2447005189321627e-13,7.480000000000001e-16,5.289594364580186e-14,1.2292656167009716e-12,1185.0391087638213,3.816481379062727e-14,6.260772266682006e-14,3.336211687621298e-12,4.823591e-05,5.363653e-07,105615.57,0.9413609,-259.9749,0.6020134328093844,0.6020134328093844,1.0,-4.3933152696842296e-13,1.6685971e-12,2.5228233e-16,2.1598351238432758e-13,2.2447005189321627e-13,2.2447005189321627e-13,7.480000000000001e-16,5.289594364580186e-14,1.2292656167009716e-12,1185.0391087638213,3.816481379062727e-14,6.260772266682006e-14,3.336211687621298e-12
101,101,102,407463.0,BAW680,45.35609436035156,17.939889090401785,248.476666452,10614.66,0.8732016930032049,34610D,217.48064,6.128197,-7.111894,232.28420344026625,64492.785750129486,0.42628749622215323,0.404276074929356,30.038657784689665,31.9258447235496,-74.4404721931587,4.169089487132007e-05,24041.15985110917,0.8397149275342852,0.2503221482057472,0.5122012348182451,cruise,15,GTF2035_wi,0,43031,1.237,3.16,3.16,9.091684557562118,1.3633736431692252,0.7857178020732125,15.96292973772202,11.652408874023166,24.26376073227922,1503981627330949.2,13.0068739186674,760.145557786744,1271.65413521671,0.00416908948713,0.0225509491895396,0.202138037464678,15.9629223617748,8.96361548978353,8.963241804211766,15.214889417578528,0.5329184399601564,417597778688870.9,7.841184602303381,598815309422500.8,0.0009904804752100132,5.331118817717032e-06,3.16,35.8,2023-05-05 10:42:00,4.169089487132006e-05,0.8397151282062569,0.0,101,240.41159851109177,4.169089487132006e-05,6.128197,-7.111894,0.8397151282062569,5.7536487e-05,2.2166804e-09,0.3851033198376231,1167.3092138173968,14684.3548312221,-0.4384251267488279,0.8987677165070374,1.940100541544334,232.96880177097398,0.4856711038403702,0.0,1.0,225.4216943041124,28.117254249628648,65.811978457976,0.8529353728226178,217.69183,4.3302096496676636e-05,10581.754010771012,0.0,0.004794329014704318,0.0039237156,131.623956915952,,,,0.0,0 days 00:00:00,,,,,,,,,,,,,,,,,,,,,0.0,,,,,,,,,,,,,,,,,,14684.3548312221,0.0,4.4766493e-05,5.6593666e-07,105839.34,0.88557243,-258.0445,0.3650455892991791,0.3650455892991791,1.0,-4.381230675897921e-13,1.6750886e-12,2.5456178e-16,1.2328136098072302e-13,1.3418496637171186e-13,1.3418496637171186e-13,7.48e-16,3.855270732493559e-14,1.2369654554038711e-12,1185.7206665559647,2.9718903458533764e-14,5.733475636734122e-14,1.970419659217822e-12,4.4766493e-05,5.6593666e-07,105839.34,0.88557243,-258.0445,0.3650455892991791,0.3650455892991791,1.0,-4.381230675897921e-13,1.6750886e-12,2.5456178e-16,1.2328136098072302e-13,1.3418496637171186e-13,1.3418496637171186e-13,7.48e-16,3.855270732493559e-14,1.2369654554038711e-12,1185.7206665559647,2.9718903458533764e-14,5.733475636734122e-14,1.970419659217822e-12
102,102,103,407463.0,BAW680,45.29807397874735,18.108617270865093,238.702222016,10591.8,0.8737367783973908,34610D,217.70631,5.5092297,-7.369716,230.8619197068342,64462.7470923448,0.4242904448800989,0.416686736743704,30.813274152972006,32.9535392019602,49.641426116505706,4.128439287083729e-05,24126.95654698515,0.8103970640644874,0.2567772846081,0.5247504336566675,cruise,15,GTF2035_wi,0,43031,1.237,3.16,3.16,8.825279314467673,1.3234275508717377,0.7805019643833402,16.476817863575075,11.780312199787923,25.020947613204235,1539721041167993.2,13.2397913428579,762.244839041599,1289.08450724621,0.00412843928708,0.0228283839711136,0.208343368371852,16.4767696009801,9.12650534682983,9.12612858015214,14.505650516786403,0.5392499004964895,437038926675771.0,7.807416015362828,597541438100689.1,0.0010884960311261305,5.63542239510448e-06,3.16,35.8,2023-05-05 10:43:00,4.128439287083729e-05,0.8103978210353968,0.0,102,241.2695654698515,4.128439287083729e-05,5.5092297,-7.369716,0.8103978210353968,3.5532091e-06,1.3721455e-10,0.3860770392185365,1168.024123762372,14036.801232845557,-0.4401705942140732,0.8979141651567982,1.9402696401234374,232.96972867760186,0.469743349380386,0.0,1.0,225.3347382254844,28.117254249628648,65.87959137540102,0.8174790031332929,217.92416,4.26184064780554e-05,10558.8602043123,0.0,0.004499402940648451,0.0044375667,131.75918275080204,,,,0.0,0 days 00:00:00,,,,,,,,,,,,,,,,,,,,,0.0,,,,,,,,,,,,,,,,,,14036.801232845557,0.0,4.348759e-05,5.6835233e-07,105611.98,0.84543365,-256.66437,0.14966496157909914,0.14966496157909914,1.0,-4.393395441687245e-13,1.6708036e-12,2.54748e-16,4.460884658881141e-14,5.4662364123603814e-14,5.4662364123603814e-14,7.48e-16,2.5757758888379042e-14,1.2314640487330479e-12,1186.395563909667,3.3512707406545904e-14,5.90948463543815e-14,7.672847401204547e-13,4.348759e-05,5.6835233e-07,105611.98,0.84543365,-256.66437,0.14966496157909914,0.14966496157909914,1.0,-4.393395441687245e-13,1.6708036e-12,2.54748e-16,4.460884658881141e-14,5.4662364123603814e-14,5.4662364123603814e-14,7.48e-16,2.5757758888379042e-14,1.2314640487330479e-12,1186.395563909667,3.3512707406545904e-14,5.90948463543815e-14,7.672847401204547e-13
103,103,104,407463.0,BAW680,45.24239750231727,18.2695937738186,234.586666464,10607.04,0.8742153119987052,34610D,217.65646,4.877274,-7.43611,228.9893533448769,64431.93381819183,0.42336981548597297,0.398078298081614,29.523764670537112,31.6704724023396,0.0,4.0301468957801065e-05,24069.73125427315,0.7943473172568449,0.2460313722544759,0.5025706983919553,cruise,15,GTF2035_wi,0,43031,1.237,3.16,3.16,8.98259635109076,1.3470274408356098,0.7742598306658084,15.834955161862082,11.546009062083831,23.912561161838127,1487404918061960.5,12.8254156440431,757.985325278686,1268.61890449477,0.00403014689578,0.0224912149939429,0.199039149040807,15.8352362011698,8.849639696851,8.849283057744548,15.225912327020458,0.5264632046524,410987316098100.56,7.669676368010036,590660956110309.5,0.0009805328519834344,5.191210478583988e-06,3.16,35.8,2023-05-05 10:44:00,4.030146895780107e-05,0.7943478455802405,0.0,103,240.69731254273157,4.030146895780107e-05,4.877274,-7.43611,0.7943478455802405,0.0,0.0,0.3852495398082429,1168.6634339811167,13974.894871866654,-0.44249020024803465,0.8967733396374216,1.932575566275399,232.92748138248942,0.46021710151599027,0.0,1.0,225.24396538748366,28.117254249628648,66.73855885004461,0.7958462954457657,217.8831,4.1365827941997155e-05,10573.670720574979,0.0,0.004237687184718481,0.0045348755,133.47711770008922,,,,0.0,0 days 00:00:00,,,,,,,,,,,,,,,,,,,,,0.0,,,,,,,,,,,,,,,,,,13974.894871866654,0.0,4.185824e-05,5.5845203e-07,105759.53,0.822026,-255.80222,0.1282634378612337,0.1282634378612337,1.0,-4.385404013480601e-13,1.6750941e-12,2.5398484e-16,3.365904962593093e-14,4.582071349536789e-14,4.582071349536789e-14,7.48e-16,2.4408497425971724e-14,1.236553724701251e-12,1187.0425095835221,2.895975552021481e-14,5.6455782696572966e-14,6.403396540516879e-13,4.185824e-05,5.5845203e-07,105759.53,0.822026,-255.80222,0.1282634378612337,0.1282634378612337,1.0,-4.385404013480601e-13,1.6750941e-12,2.5398484e-16,3.365904962593093e-14,4.582071349536789e-14,4.582071349536789e-14,7.48e-16,2.4408497425971724e-14,1.236553724701251e-12,1187.0425095835221,2.895975552021481e-14,5.6455782696572966e-14,6.403396540516879e-13
104,104,105,407463.0,BAW680,45.18667602539063,18.42950003487724,233.557777576,10607.04,0.8746587021846726,34610D,217.66623,4.353618,-7.6114583,226.80832131915844,64402.41005352129,0.42343790602024234,0.408857420898698,30.33456440785528,32.8461198048278,24.823922575902483,4.157076233053e-05,24069.73125427315,0.8183276974357093,0.2527880367321273,0.5152851841157785,cruise,15,GTF2035_wi,0,43031,1.237,3.16,3.16,9.1023719542529,1.3649774005967807,0.7668680649990351,16.42347439902959,11.674335449791458,24.8222662796871,1530343231568875.2,13.0884780308356,760.636384682729,1276.22212841288,0.00415707623305,0.0226946536047541,0.204428710449349,16.4230599024139,9.00779161513727,9.007417169938888,15.15808383286446,0.534389170153488,426990617805200.25,7.549948748962249,584884722527930.0,0.0009999208113269271,5.463915925992575e-06,3.16,35.8,2023-05-05 10:45:00,4.157076233052999e-05,0.8183276885363293,0.0,104,240.69731254273157,4.157076233052999e-05,4.353618,-7.6114583,0.8183276885363293,0.0,0.0,0.3852322477919116,1169.255763564407,13970.232472018086,-0.4447360239068364,0.895661693408587,1.9328059146083827,232.9287483590297,0.4741551811702796,0.0,1.0,225.32085052827637,28.117254249628648,68.3013802150211,0.8152424311571617,217.90343,4.2480472803619836e-05,10572.889309892491,0.0,0.00400664592243345,0.004055654,136.6027604300422,,,,0.0,0 days 00:00:00,,,,,,,,,,,,,,,,,,,,,0.0,,,,,,,,,,,,,,,,,,13970.232472018086,0.0,4.2106458e-05,5.2301954e-07,105756.74,0.82160664,-255.65862,0.313341365079174,0.313341365079174,1.0,-4.385496699005376e-13,1.6754215e-12,2.5125358e-16,8.214399360992107e-14,1.094487175061242e-13,1.094487175061242e-13,7.480000000000001e-16,3.45903817801499e-14,1.236871799080976e-12,1187.6856291534536,3.033985006253555e-14,5.798448651779007e-14,1.5290240273247907e-12,4.2106458e-05,5.2301954e-07,105756.74,0.82160664,-255.65862,0.313341365079174,0.313341365079174,1.0,-4.385496699005376e-13,1.6754215e-12,2.5125358e-16,8.214399360992107e-14,1.094487175061242e-13,1.094487175061242e-13,7.480000000000001e-16,3.45903817801499e-14,1.236871799080976e-12,1187.6856291534536,3.033985006253555e-14,5.798448651779007e-14,1.5290240273247907e-12
105,105,106,407463.0,BAW680,45.13069152832031,18.58899797712053,235.615555352,10614.66,0.8750688259790063,34610D,217.60532,3.8854365,-7.824476,225.6383185613333,64372.07548911344,0.4242399365026951,0.416844384013562,30.989773745944788,33.725165374558,0.0,4.28723246757231e-05,24041.15985110917,0.8496380396315861,0.2582481145495399,0.5258608506369308,cruise,15,GTF2035_wi,0,43031,1.237,3.16,3.16,9.274263896965092,1.3907419752918446,0.7630188949483477,16.862717695799812,11.778687309907474,25.55024019975034,1564703786204913.8,13.2945727534824,762.834677381851,1280.0951849617,0.00428723246757,0.0228399219660767,0.208422192006781,16.862582687279,9.12534606363117,9.12495485560395,15.245370583556614,0.5410396604123788,438907110408479.1,7.471135461343813,580963701706669.6,0.0009990465758353715,5.675130483434246e-06,3.16,35.8,2023-05-05 10:46:00,4.28723246757231e-05,0.8496378494446347,0.0,105,240.41159851109177,4.28723246757231e-05,3.8854365,-7.824476,0.8496378494446347,0.0,0.0,0.38488266952485795,1169.8036217907627,13974.235004271392,-0.44643277246719276,0.8948171766720037,1.9332029851519104,232.9309320379922,0.49200567485606156,0.0,1.0,225.42200117438844,28.117254249628648,69.619126583404,0.8429154701599604,217.85025,4.366831994460354e-05,10579.850436708299,0.0,0.003872200314390284,0.0035456903,139.238253166808,,,,0.0,0 days 00:00:00,,,,,,,,,,,,,,,,,,,,,0.0,,,,,,,,,,,,,,,,,,13974.235004271392,0.0,4.251493e-05,4.81762e-07,105828.14,0.83680123,-255.67624,0.36833218114080946,0.36833218114080946,1.0,-4.381595391384461e-13,1.6771861e-12,2.4813825e-16,9.652286732723241e-14,1.284908891942602e-13,1.284908891942602e-13,7.480000000000001e-16,3.766202555552385e-14,1.23902654177737e-12,1188.3317844182557,3.095932979243944e-14,5.911720401631059e-14,1.7955618815083877e-12,4.251493e-05,4.81762e-07,105828.14,0.83680123,-255.67624,0.36833218114080946,0.36833218114080946,1.0,-4.381595391384461e-13,1.6771861e-12,2.4813825e-16,9.652286732723241e-14,1.284908891942602e-13,1.284908891942602e-13,7.480000000000001e-16,3.766202555552385e-14,1.23902654177737e-12,1188.3317844182557,3.095932979243944e-14,5.911720401631059e-14,1.7955618815083877e-12
106,106,107,407463.0,BAW680,45.07447814941406,18.748234340122767,233.043333132,10614.66,0.8754453460537373,34610D,217.58595,3.4579306,-8.127097,225.74287216025863,64341.08571536749,0.42325244592639344,0.430998909196068,31.935817745292702,34.7730704158196,49.63907627129162,4.455275541205336e-05,24041.15985110917,0.8851639728543965,0.2661318145441058,0.5417949156647112,cruise,15,GTF2035_wi,0,43031,1.237,3.16,3.16,8.989825880053349,1.3480733604943715,0.7634064874934459,17.386762739541766,11.938040530913884,26.55041679652756,1596208361538776.5,13.5587248662301,765.26003087835,1299.30319348407,0.00445527554121,0.0231535650297799,0.215499454598034,17.3865352079098,9.30739842097148,9.306983769199988,14.488990694584375,0.5483537392559417,460684111027840.3,7.477310980089999,581261697943310.6,0.0011061641789972554,6.022261688255037e-06,3.16,35.8,2023-05-05 10:47:00,4.4552755412053355e-05,0.8851637875770778,0.0,106,240.41159851109177,4.4552755412053355e-05,3.4579306,-8.127097,0.8851637875770778,0.0,0.0,0.38491693266229265,1170.3065577615575,13872.762519334407,-0.4478798097455414,0.8940937736179005,1.9298958077847166,232.9127321750913,0.5124814832613828,0.0,1.0,225.52194103018513,28.117254249628648,70.42667617880744,0.8765048856895066,217.83548,4.531884031217522e-05,10579.446661910597,0.0,0.003796715821124508,0.00315593,140.85335235761488,,,,0.0,0 days 00:00:00,,,,,,,,,,,,,,,,,,,,,0.0,,,,,,,,,,,,,,,,,,13872.762519334407,0.0,4.3490476e-05,4.356475e-07,105823.38,0.85933065,-256.03403,0.3256050180757597,0.3256050180757597,1.0,-4.3817928180968835e-13,1.6769994e-12,2.44766e-16,8.523410650825783e-14,1.144230141535337e-13,1.144230141535337e-13,7.48e-16,3.540510902722326e-14,1.238820058384589e-12,1188.9805813644348,3.543686063459406e-14,6.112461010131372e-14,1.5873633020984125e-12,4.3490476e-05,4.356475e-07,105823.38,0.85933065,-256.03403,0.3256050180757597,0.3256050180757597,1.0,-4.3817928180968835e-13,1.6769994e-12,2.44766e-16,8.523410650825783e-14,1.144230141535337e-13,1.144230141535337e-13,7.48e-16,3.540510902722326e-14,1.238820058384589e-12,1188.9805813644348,3.543686063459406e-14,6.112461010131372e-14,1.5873633020984125e-12
107,107,108,407463.0,BAW680,45.01849365234375,18.906032017299108,232.014444244,10629.9,0.8757848062728257,34610D,217.4612,3.0869036,-8.50872,226.1684313284451,64309.1498976222,0.4223672536069482,0.410729777007998,30.40221246104093,33.006226989525,-24.817804362614485,4.546210874641176e-05,23984.09943007524,0.9158115135523804,0.2533517705086744,0.516140386454044,cruise,15,GTF2035_wi,0,43031,1.237,3.16,3.16,8.908700296793917,1.3359000362174054,0.7650649655229803,16.502892248128862,11.679045924490811,24.997779870396418,1538627517800463.0,13.0895005610417,760.222370858094,1282.22045676858,0.00454621087464,0.0227700064895848,0.205364888503999,16.5031134947625,9.01909661720713,9.018686608695775,14.817124740095702,0.5331486052265693,431345570602875.4,7.469409378280465,580644282347603.5,0.0010400717564607212,5.508668785790346e-06,3.16,35.8,2023-05-05 10:48:00,4.546210874641176e-05,0.915810851044709,0.0,107,239.84099430075247,4.546210874641176e-05,3.0869036,-8.50872,0.915810851044709,0.0,0.0,0.3842236421827107,1170.7599513176133,13783.663415273657,-0.44990707407978686,0.8930753745865828,1.9223663637979485,232.87119340945324,0.5295830455121763,0.0,1.0,225.58361429121098,28.117254249628648,70.98608322843187,0.9099634611996512,217.71227,4.641131653108243e-05,10594.406958385784,0.0,0.0038447856737624875,0.0027743431,141.97216645686373,,,,0.0,0 days 00:00:00,,,,,,,,,,,,,,,,,,,,,0.0,,,,,,,,,,,,,,,,,,13783.663415273657,0.0,4.4641525e-05,3.679068e-07,105966.61,0.8898067,-255.7047,0.3311002502018428,0.3311002502018428,0.9999999999999999,-4.3740159431665916e-13,1.6801034e-12,2.398105e-16,8.669506772780126e-14,1.1538648834195889e-13,1.1538648834195889e-13,7.479999999999999e-16,3.560477286149906e-14,1.242701861922328e-12,1189.6267366292366,3.185207223177461e-14,5.825002555909588e-14,1.590448517975959e-12,4.4641525e-05,3.679068e-07,105966.61,0.8898067,-255.7047,0.3311002502018428,0.3311002502018428,0.9999999999999999,-4.3740159431665916e-13,1.6801034e-12,2.398105e-16,8.669506772780126e-14,1.1538648834195889e-13,1.1538648834195889e-13,7.479999999999999e-16,3.560477286149906e-14,1.242701861922328e-12,1189.6267366292366,3.185207223177461e-14,5.825002555909588e-14,1.590448517975959e-12
108,108,109,407463.0,BAW680,44.96261855303231,19.062485113376525,231.4999998,10622.28,0.8760884492853452,34610D,217.50641,2.6250095,-9.019911,225.90779133588524,64278.74768516116,0.42311114341333195,0.403808659317842,29.980158135525528,32.5447035891684,-24.817936071259428,4.663478865189437e-05,24012.61591644578,0.935039522846794,0.2498346511293794,0.5086228529663358,cruise,15,GTF2035_wi,0,43031,1.237,3.16,3.16,9.134567855245644,1.3697591896454908,0.764103860338308,16.271852335033554,11.60560943774734,24.56651732308844,1518271815609970.0,12.9721490194294,759.208796149961,1270.75653866717,0.00466347886519,0.0226059438326846,0.201904329658921,16.2723517945842,8.93147090664709,8.931054408812297,15.3417012679749,0.5301114959347959,420298281859881.4,7.471253139765868,580851298163769.1,0.0009733619314032847,5.341128601902749e-06,3.16,35.8,2023-05-05 10:49:00,4.6634788651894374e-05,0.9350403131590667,0.0,108,240.12615916445782,4.6634788651894374e-05,2.6250095,-9.019911,0.9350403131590667,2.8969117e-08,1.1197194e-12,0.3846005162326979,1171.1654636979358,14057.046379382971,-0.4509708023748518,0.8925387024691884,1.9271357687203146,232.89752214944582,0.5409402867528025,0.0,1.0,225.67620167499757,28.117254249628648,71.37942951396087,0.9333158173730669,217.75667,4.781896024010028e-05,10586.59028524302,0.0,0.003907992615489206,0.0024925238,142.75885902792174,,,,0.0,0 days 00:00:00,,,,,,,,,,,,,,,,,,,,,0.0,,,,,,,,,,,,,,,,,,14057.046379382971,0.0,4.630825e-05,3.1230368e-07,105884.24,0.9127093,-255.4562,0.5416289437182736,0.5416289437182736,0.9999999999999999,-4.3783946895518893e-13,1.6780026e-12,2.3597295e-16,1.6692346021333638e-13,1.8786762201917931e-13,1.8786762201917931e-13,7.480000000000001e-16,4.7164912839415634e-14,1.2401631055630528e-12,1190.268242075842,2.924691359323e-14,5.726846711138381e-14,2.640863875907993e-12,4.630825e-05,3.1230368e-07,105884.24,0.9127093,-255.4562,0.5416289437182736,0.5416289437182736,0.9999999999999999,-4.3783946895518893e-13,1.6780026e-12,2.3597295e-16,1.6692346021333638e-13,1.8786762201917931e-13,1.8786762201917931e-13,7.480000000000001e-16,4.7164912839415634e-14,1.2401631055630528e-12,1190.268242075842,2.924691359323e-14,5.726846711138381e-14,2.640863875907993e-12
109,109,110,407463.0,BAW680,44.905498957229874,19.221786871189025,233.557777576,10614.66,0.8763656060665264,34610D,217.56181,2.0752473,-9.614994,225.2492817584949,64248.76752702563,0.4233884201764079,0.419921599600878,31.163614510823606,33.964499076638,49.63749192969289,4.764870179027375e-05,24041.15985110917,0.949644753811649,0.2596967875901967,0.5282093877814561,cruise,15,GTF2035_wi,0,43031,1.237,3.16,3.16,9.138086661803442,1.3702775813042345,0.7617795047784928,16.982532785766107,11.80496009848748,25.73331534646974,1573344979808121.5,13.3382751580725,762.932704549478,1285.73621202362,0.00476487017903,0.0229173546937881,0.209960799800439,16.982249538319,9.16165074921806,9.161214229253217,14.962144394486188,0.5413371064807577,444411913402036.2,7.451421214101168,580012382676663.1,0.0010338316336443128,5.748923436132202e-06,3.16,35.8,2023-05-05 10:50:00,4.764870179027375e-05,0.9496457729673374,0.0,109,240.41159851109177,4.764870179027375e-05,2.0752473,-9.614994,0.9496457729673374,8.653742e-07,3.3448595e-11,0.3849596418802131,1171.535568706198,13976.082321436717,-0.45315922803315334,0.8914295900677722,1.9303560627666907,232.91526667564622,0.5496855713819631,0.0,1.0,225.745990369222,28.117254249628648,72.38022594318089,0.9516024226794415,217.81357,4.9054693732658675e-05,10578.46988702841,0.0,0.0039909971051054075,0.0019837422,144.76045188636178,,,,0.0,0 days 00:00:00,,,,,,,,,,,,,,,,,,,,,0.0,,,,,,,,,,,,,,,,,,13976.082321436717,0.0,4.781243e-05,2.5976598e-07,105800.945,0.9307659,-254.99261,0.8928053807083517,0.8928053807083517,1.0,-4.382826200064824e-13,1.6759231e-12,2.3233208e-16,2.9936744512420393e-13,3.0698914191709186e-13,3.0698914191709186e-13,7.48e-16,6.61879212792735e-14,1.2376404985219707e-12,1190.9223226045888,3.2237680986362335e-14,5.95536171926762e-14,4.290505519220495e-12,4.781243e-05,2.5976598e-07,105800.945,0.9307659,-254.99261,0.8928053807083517,0.8928053807083517,1.0,-4.382826200064824e-13,1.6759231e-12,2.3233208e-16,2.9936744512420393e-13,3.0698914191709186e-13,3.0698914191709186e-13,7.48e-16,6.61879212792735e-14,1.2376404985219707e-12,1190.9223226045888,3.2237680986362335e-14,5.95536171926762e-14,4.290505519220495e-12
110,110,111,407463.0,BAW680,44.84843444824219,19.379817417689733,235.615555352,10629.9,0.876607104572036,34610D,217.47144,1.4435261,-10.234048,225.001374023362,64217.60391251481,0.42215734898462415,0.421800860720726,31.21495465740424,34.054780400888,49.63944252023954,4.719778810045765e-05,23984.09943007524,0.9495114788526776,0.2601246221450353,0.5293919683564927,cruise,15,GTF2035_wi,0,43031,1.237,3.16,3.16,8.898323455029136,1.3343285370694906,0.7610992209121723,17.027264991503795,11.810632207750375,25.854896420221188,1579083637488305.5,13.3317895709955,762.614724706173,1292.83611348874,0.00471977881005,0.0229977329053717,0.210900430360363,17.027390200444,9.17048785757059,9.170055051255412,14.555652457091147,0.5403722529967251,448646500727616.0,7.406413672497305,577604326683080.8,0.001084809051785052,5.795124777935437e-06,3.16,35.8,2023-05-05 10:51:00,4.719778810045765e-05,0.9495104538649937,0.0,110,239.84099430075247,4.719778810045765e-05,1.4435261,-10.234048,0.9495104538649937,0.0,0.0,0.38420555038134147,1171.8580050892044,14086.622846275468,-0.45487245710235885,0.8905565943665023,1.9216709301420054,232.86734955062522,0.5491250189449219,0.0,1.0,225.6979046194386,28.117254249628648,74.56365958216996,0.9545752257031638,217.72958,4.878255773949212e-05,10592.618170208914,0.0,0.004079889060186019,0.0012014161,149.12731916433992,,,,0.0,0 days 00:00:00,,,,,,,,,,,,,,,,,,,,,0.0,,,,,,,,,,,,,,,,,,14086.622846275468,0.0,4.808216e-05,1.9490284e-07,105941.01,0.9426758,-254.0938,0.9706975470726329,0.9706975470726329,1.0,-4.3752100621719234e-13,1.6791512e-12,2.2831792e-16,3.223757789211519e-13,3.2945328304649917e-13,3.2945328304649917e-13,7.48e-16,6.983003576891178e-14,1.241630197419072e-12,1191.5757723303268,3.4088216444723424e-14,5.982013550810194e-14,4.640884143743273e-12,4.808216e-05,1.9490284e-07,105941.01,0.9426758,-254.0938,0.9706975470726329,0.9706975470726329,1.0,-4.3752100621719234e-13,1.6791512e-12,2.2831792e-16,3.223757789211519e-13,3.2945328304649917e-13,3.2945328304649917e-13,7.48e-16,6.983003576891178e-14,1.241630197419072e-12,1191.5757723303268,3.4088216444723424e-14,5.982013550810194e-14,4.640884143743273e-12
111,111,112,407463.0,BAW680,44.79070113877118,19.53878263147866,235.101110908,10645.14,0.8768176490471635,34610D,217.38223,0.6744635,-10.893211,224.87848655281744,64186.3889578574,0.42218192334777394,0.404320351197982,29.97722504098485,32.663202616194,-24.82155786286853,4.665030186554154e-05,23927.1487214334,0.9471923242490996,0.2498102086748737,0.5087765590247723,cruise,15,GTF2035_wi,0,43031,1.237,3.16,3.16,9.0287418778771,1.3538900881474958,0.7608395985181715,16.331046597129973,11.597005803625152,24.70341541805549,1524733440596860.0,12.9546925708213,758.926406178243,1273.8809566842,0.00466503018655,0.0226554900821582,0.202160175598991,16.331601308097,8.92323118440053,8.922814932390445,15.178016695620965,0.5292653331407497,422341475009319.4,7.368204182148477,575524397776033.5,0.000990950318734433,5.359615316137736e-06,3.16,35.8,2023-05-05 10:52:00,4.665030186554155e-05,0.9471926212595382,0.0,111,239.271487214334,4.665030186554155e-05,0.6744635,-10.893211,0.9471926212595382,0.0,0.0,0.383450543942766,1172.1390615805765,13779.516557881672,-0.45709438093002325,0.8894181957449481,1.9171885137755655,232.84254438379747,0.5473101710317018,0.0,1.0,225.66369344427932,28.117254249628648,79.91665810932,0.9516385937033263,217.66194,4.830200153496602e-05,10605.18167094534,0.0,0.004115663051312595,0.00026123362,159.83331621864,,,,0.0,0 days 00:00:00,,,,,,,,,,,,,,,,,,,,,0.0,,,,,,,,,,,,,,,,,,13779.516557881672,0.0,4.8178226e-05,1.3313546e-07,106079.62,0.951494,-253.2511,0.9999999999999999,0.9999999999999999,0.9999999999999999,-4.3676648829756297e-13,1.6823977e-12,2.250823e-16,3.2778165802306653e-13,3.352442393080484e-13,3.352442393080484e-13,7.48e-16,7.080536600617162e-14,1.2456311847858184e-12,1192.2368805376695,2.99445786345902e-14,5.734103566317877e-14,4.619503546479699e-12,4.8178226e-05,1.3313546e-07,106079.62,0.951494,-253.2511,0.9999999999999999,0.9999999999999999,0.9999999999999999,-4.3676648829756297e-13,1.6823977e-12,2.250823e-16,3.2778165802306653e-13,3.352442393080484e-13,3.352442393080484e-13,7.48e-16,7.080536600617162e-14,1.2456311847858184e-12,1192.2368805376695,2.99445786345902e-14,5.734103566317877e-14,4.619503546479699e-12
112,112,113,407463.0,BAW680,44.73395396087129,19.693931021341463,225.326666472,10637.52,0.8769868915385994,34610D,217.45444,-0.16151516,-11.527627,224.47401885237724,64156.411732816414,0.4210113835774915,0.41482422594186,30.65443296011343,33.479063955407,24.822819084774988,4.706332536806833e-05,23955.61037180015,0.9477730176477944,0.2554536080009452,0.520071876047733,cruise,15,GTF2035_wi,0,43031,1.237,3.16,3.16,8.797280264376283,1.319178010393006,0.7593449972456834,16.739646343616094,11.711811722097089,25.365904556308617,1556003096835027.5,13.1507916600761,760.6514487954,1288.77921604381,0.00470633253681,0.0228903100160349,0.20741211297093,16.7395319777035,9.06113166775091,9.060705240832098,14.564036708368103,0.5344343087665555,439031407616158.6,7.361680509191983,575327499368725.4,0.001074853830754016,5.618399085239832e-06,3.16,35.8,2023-05-05 10:53:00,4.7063325368068324e-05,0.9477729555631156,0.0,112,239.55610371800154,4.7063325368068324e-05,-0.16151516,-11.527627,0.9477729555631156,0.0,0.0,0.3837791795677068,1172.364904974704,13601.702090791356,-0.4585280397430634,0.8886799405688101,1.9155891309938073,232.833681161464,0.5480296885302929,0.0,1.0,225.65983012525336,28.117254249628648,76.62592606627749,0.9558513195915223,217.7211,4.884409348695925e-05,10599.207036966862,0.0,0.004126361757442396,0.0007141524,153.25185213255497,,,,0.0,0 days 00:00:00,,,,,,,,,,,,,,,,,,,,,0.0,,,,,,,,,,,,,,,,,,13601.702090791356,0.0,4.911197e-05,1.01352356e-07,105992.625,0.9612854,-252.95314,1.0,1.0,1.0,-4.372298179480471e-13,1.680456e-12,2.228599e-16,3.293228916908098e-13,3.335813667506208e-13,3.335813667506208e-13,7.480000000000001e-16,7.050581927699812e-14,1.2432262076693716e-12,1192.8852390309091,3.3259439580451284e-14,5.883070358245535e-14,4.537274373580957e-12,4.911197e-05,1.01352356e-07,105992.625,0.9612854,-252.95314,1.0,1.0,1.0,-4.372298179480471e-13,1.680456e-12,2.228599e-16,3.293228916908098e-13,3.335813667506208e-13,3.335813667506208e-13,7.480000000000001e-16,7.050581927699812e-14,1.2432262076693716e-12,1192.8852390309091,3.3259439580451284e-14,5.883070358245535e-14,4.537274373580957e-12
113,113,114,407463.0,BAW680,44.67776540982521,19.8468017578125,228.92777758,10645.14,0.8771179704099743,34610D,217.40431,-1.0796274,-12.166203,224.2187390689638,64125.75729985631,0.42141210483796926,0.39759524333504,29.479770946642443,32.155681566291,-24.82293057400429,4.68003447750902e-05,23927.1487214334,0.9475132028576326,0.245664757888687,0.5001816562157468,cruise,15,GTF2035_wi,0,43031,1.237,3.16,3.16,9.021369128994936,1.35278316616366,0.7585689157510439,16.077101425450273,11.507190575200877,24.24692967904067,1503187197326732.5,12.793762629894,757.203566333516,1267.78602354224,0.00468003447751,0.0225392411503913,0.19879762166752,16.0778407831455,8.82006720372964,8.81965444086101,15.34295859442068,0.5241409918227121,413408152274371.7,7.332482782137415,573800392754751.4,0.0009648060676812198,5.201255853433006e-06,3.16,35.8,2023-05-05 10:54:00,4.68003447750902e-05,0.9475137721543249,0.0,113,239.271487214334,4.68003447750902e-05,-1.0796274,-12.166203,0.9475137721543249,0.0,0.0,0.383411599967781,1172.5397307230076,13644.294475984363,-0.4590411658238358,0.8884149976666836,1.9146379179997388,232.82840676398962,0.5476131485833974,0.0,1.0,225.65237045743922,28.117254249628648,73.2935123715544,0.9529255392404665,217.66286,4.839803837196886e-05,10608.493243814222,0.0,0.004102662120704963,0.0016253212,146.5870247431088,,,,0.0,0 days 00:00:00,,,,,,,,,,,,,,,,,,,,,0.0,,,,,,,,,,,,,,,,,,13644.294475984363,0.0,4.9103663e-05,9.758786e-08,106054.28,0.96722275,-251.99431,1.0,1.0,1.0,-4.3689052882714424e-13,1.6818318e-12,2.210161e-16,3.280013589462287e-13,3.2823011628672593e-13,3.2823011628672593e-13,7.480000000000002e-16,6.967007118833402e-14,1.2449412682511316e-12,1193.523554529098,2.865374027478918e-14,5.6387275485970053e-14,4.47846836250268e-12,4.9103663e-05,9.758786e-08,106054.28,0.96722275,-251.99431,1.0,1.0,1.0,-4.3689052882714424e-13,1.6818318e-12,2.210161e-16,3.280013589462287e-13,3.2823011628672593e-13,3.2823011628672593e-13,7.480000000000002e-16,6.967007118833402e-14,1.2449412682511316e-12,1193.523554529098,2.865374027478918e-14,5.6387275485970053e-14,4.47846836250268e-12
114,114,115,407463.0,BAW680,44.621337890625,19.99995640345982,226.869999804,10637.52,0.8772155453042765,34610D,217.4564,-1.9747629,-12.779699,223.42333615468053,64096.27752890966,0.42272018194069827,0.4123001897039,30.633345634941552,33.5675329483276,24.82181219767288,4.6851854596711007e-05,23955.61037180015,0.9432736668046906,0.2552778802911796,0.5191720919129853,cruise,15,GTF2035_wi,0,43031,1.237,3.16,3.16,9.22435302271968,1.3832207753613823,0.7557874195698101,16.78455640434374,11.702635323875503,25.39852157538976,1557542628451908.8,13.1665367618661,761.216828061975,1277.22680237019,0.00468518545967,0.0227950765410529,0.20615009485195,16.7837664741638,9.04362371763407,9.04320002694132,15.300385504379069,0.5361305833567471,434136340574661.25,7.305883189710765,572634493267821.0,0.0009864272451747904,5.5707473278890036e-06,3.16,35.8,2023-05-05 10:55:00,4.6851854596711007e-05,0.9432739157525988,0.0,114,239.55610371800154,4.6851854596711007e-05,-1.9747629,-12.779699,0.9432739157525988,0.0,0.0,0.3837757204504219,1172.6697679313213,13564.746606677252,-0.46126327893912805,0.88726331351089,1.921259090643002,232.86507261659332,0.5454385966854121,0.0,1.0,225.67327176183903,28.117254249628648,71.45937611153987,0.951670854518782,217.70663,4.855885496658279e-05,10601.79031194423,0.0,0.004092836428244481,0.0024116058,142.91875222307974,,,,0.0,0 days 00:00:00,,,,,,,,,,,,,,,,,,,,,0.0,,,,,,,,,,,,,,,,,,13564.746606677252,0.0,4.9492173e-05,1.0878016e-07,105966.0,0.9712495,-250.85684,1.0,1.0,1.0,-4.3736132100440995e-13,1.6796846e-12,2.1993813e-16,3.291065617309624e-13,3.2188191781556756e-13,3.2188191781556756e-13,7.479999999999999e-16,6.861924805283722e-14,1.242323313447888e-12,1194.1645847631812,3.0315482111321107e-14,5.847274274395886e-14,4.3662466524394865e-12,4.9492173e-05,1.0878016e-07,105966.0,0.9712495,-250.85684,1.0,1.0,1.0,-4.3736132100440995e-13,1.6796846e-12,2.1993813e-16,3.291065617309624e-13,3.2188191781556756e-13,3.2188191781556756e-13,7.479999999999999e-16,6.861924805283722e-14,1.242323313447888e-12,1194.1645847631812,3.0315482111321107e-14,5.847274274395886e-14,4.3662466524394865e-12
115,115,116,407463.0,BAW680,44.564969337592686,20.151873332698173,227.384444248,10645.14,0.8772785867140255,34610D,217.38474,-2.8788106,-13.356123,223.36702194029328,64065.64418327472,0.4230124614284596,0.427565821227378,31.76149401881331,34.8432396061036,74.4543613525127,4.61364164329423e-05,23927.1487214334,0.9364521183503216,0.2646791168234442,0.5382467599085979,cruise,15,GTF2035_wi,0,43031,1.237,3.16,3.16,9.10146570584318,1.364799946864522,0.7557214354461026,17.421936541145794,11.89204261198294,26.653601960107284,1594658153062099.2,13.4899054659624,764.378484720418,1293.92350682384,0.00461364164329,0.0231006998654188,0.213782910613689,17.4216198030518,9.25439107296128,9.253964128218604,14.752887224234405,0.5457027170398472,457074260442986.4,7.28792290097973,571649684888075.5,0.0010671765879379483,5.951760610386201e-06,3.16,35.8,2023-05-05 10:56:00,4.6136416432942295e-05,0.9364528069082444,0.0,115,239.271487214334,4.6136416432942295e-05,-2.8788106,-13.356123,0.9364528069082444,0.0,0.0,0.38344611648909427,1172.7536403911415,13686.235723789317,-0.4631909315595682,0.8862585181091235,1.91994733775996,232.8578174578689,0.5411176432320485,0.0,1.0,225.640294598901,28.117254249628648,70.29204367775324,0.9408367600449599,217.63458,4.762021253605072e-05,10609.993978161123,0.0,0.004055854251514006,0.0030724509,140.58408735550648,,,,0.0,0 days 00:00:00,,,,,,,,,,,,,,,,,,,,,0.0,,,,,,,,,,,,,,,,,,13686.235723789317,0.0,4.8811315e-05,1.2925518e-07,106025.94,0.9651267,-250.34532,1.0,1.0,1.0,-4.3703110988966314e-13,1.6808255e-12,2.2103612e-16,3.273402779018179e-13,3.190272047124485e-13,3.190272047124485e-13,7.480000000000001e-16,6.818271540246545e-14,1.243794348358111e-12,1194.8049451273687,3.4051723616433654e-14,6.063772681912374e-14,4.3662815259961604e-12,4.8811315e-05,1.2925518e-07,106025.94,0.9651267,-250.34532,1.0,1.0,1.0,-4.3703110988966314e-13,1.6808255e-12,2.2103612e-16,3.273402779018179e-13,3.190272047124485e-13,3.190272047124485e-13,7.480000000000001e-16,6.818271540246545e-14,1.243794348358111e-12,1194.8049451273687,3.4051723616433654e-14,6.063772681912374e-14,4.3662815259961604e-12
116,116,117,407463.0,BAW680,44.50785827636719,20.30482700892857,228.413333136,10668.0,0.8773113517545076,34610D,217.19504,-3.8179219,-13.904758,223.8593164015572,64033.88268925591,0.42195042791655696,0.419930573830646,31.09909683417288,34.0600430569558,49.62615813475524,4.488150161434918e-05,23841.9280160665,0.9304369136850752,0.259159140284774,0.5274721409687466,cruise,15,GTF2035_wi,0,43031,1.237,3.16,3.16,8.913704885204059,1.3366556723204135,0.7577177223175704,17.02998476268965,11.781010152269884,25.939529438313723,1583078337520868.5,13.279055156396,761.975542647678,1291.11299971328,0.00448815016143,0.0229912158483365,0.209965286915323,17.0300215284779,9.13241336606019,9.132003508030005,14.64153544372695,0.5384327683122246,447180462183474.4,7.26835753034532,570351769066981.8,0.0010708386881305779,5.758881809343098e-06,3.16,35.8,2023-05-05 10:57:00,4.488150161434918e-05,0.930436475004194,0.0,116,238.41928016066504,4.488150161434918e-05,-3.8179219,-13.904758,0.930436475004194,0.0,0.0,0.38241411868061925,1172.797039096698,13631.803039529743,-0.4648094569387868,0.8854107344844371,1.9095921449660116,232.80038952938304,0.5366518074256248,0.0,1.0,225.55990749815706,28.117254249628648,69.5187467421374,0.9269176747677161,217.44896,4.596425324321473e-05,10633.24062662893,0.0,0.003991412482510839,0.0036345157,139.0374934842748,,,,0.0,0 days 00:00:00,,,,,,,,,,,,,,,,,,,,,0.0,,,,,,,,,,,,,,,,,,13631.803039529743,0.0,4.7438392e-05,1.6648771e-07,106233.73,0.9582546,-249.69606,0.9999999999999999,0.9999999999999999,0.9999999999999999,-4.3590071776469466e-13,1.6852933e-12,2.237709e-16,3.227947259553461e-13,3.154037258604519e-13,3.154037258604519e-13,7.479999999999999e-16,6.76784709581209e-14,1.2493926075680027e-12,1195.4537405637977,3.3709455001632506e-14,5.955488992512128e-14,4.299521468863514e-12,4.7438392e-05,1.6648771e-07,106233.73,0.9582546,-249.69606,0.9999999999999999,0.9999999999999999,0.9999999999999999,-4.3590071776469466e-13,1.6852933e-12,2.237709e-16,3.227947259553461e-13,3.154037258604519e-13,3.154037258604519e-13,7.479999999999999e-16,6.76784709581209e-14,1.2493926075680027e-12,1195.4537405637977,3.3709455001632506e-14,5.955488992512128e-14,4.299521468863514e-12
117,117,118,407463.0,BAW680,44.45077669822563,20.456877917778204,227.898888692,10683.24,0.8773094793359815,34610D,217.05066,-4.6311097,-14.36984,223.9289544241836,64002.783592421736,0.42130712551595995,0.406828290862774,30.110004839986008,32.9367798543156,-24.808680483827,4.3891114989903786e-05,23785.2508823965,0.9249932031302056,0.2509167069998834,0.5106967303136555,cruise,15,GTF2035_wi,0,43031,1.237,3.16,3.16,8.868254295019272,1.3298489066838683,0.7582054644631508,16.46818569529787,11.61114875621414,25.01247814948556,1539321280321041.0,12.9721269129192,758.669636120431,1279.88827941054,0.00438911149899,0.0227492423449935,0.203414145431387,16.4683899271578,8.94157890388616,8.941186465242868,14.877682626329472,0.528495948154746,427964090435489.4,7.242214542559609,568854379785518.6,0.001026537175763022,5.424049962122037e-06,3.16,35.8,2023-05-05 10:58:00,4.3891114989903786e-05,0.9249941886197764,0.0,117,237.85250882396508,4.3891114989903786e-05,-4.6311097,-14.36984,0.9249941886197764,0.0,0.0,0.3817588156600447,1172.7941341509181,13528.313645268598,-0.4665249512576749,0.8845080383207514,1.9029332820486549,232.76331496870236,0.5327656555604049,0.0,1.0,225.5021358607839,28.117254249628648,69.18050564792988,0.9206799733601797,217.30367,4.490787779774449e-05,10648.649747176034,0.0,0.003939171826374661,0.003967021,138.36101129585975,,,,0.0,0 days 00:00:00,,,,,,,,,,,,,,,,,,,,,0.0,,,,,,,,,,,,,,,,,,13528.313645268598,0.0,4.627165e-05,2.5556324e-07,106365.48,0.9521217,-249.63582,1.0,1.0,1.0,-4.351808827402323e-13,1.6879214e-12,2.3063717e-16,3.1934843145859724e-13,3.150675641824284e-13,3.150675641824284e-13,7.479999999999999e-16,6.767507411879276e-14,1.2527405143539162e-12,1196.0977194971595,3.139049768817177e-14,5.76967136727913e-14,4.262332827710686e-12,4.627165e-05,2.5556324e-07,106365.48,0.9521217,-249.63582,1.0,1.0,1.0,-4.351808827402323e-13,1.6879214e-12,2.3063717e-16,3.1934843145859724e-13,3.150675641824284e-13,3.150675641824284e-13,7.479999999999999e-16,6.767507411879276e-14,1.2527405143539162e-12,1196.0977194971595,3.139049768817177e-14,5.76967136727913e-14,4.262332827710686e-12
118,118,119,407463.0,BAW680,44.3939208984375,20.60747419084821,226.35555536,10675.62,0.8772722397412284,34610D,217.06891,-5.2779245,-14.758063,223.9503013258028,63972.67358758175,0.42167808299115817,0.40287997997541,29.85812430150205,32.6427322949122,-24.80496111802704,4.350400264638242e-05,23813.57579566791,0.9157442623370092,0.248817702512517,0.5059899507221368,cruise,15,GTF2035_wi,0,43031,1.237,3.16,3.16,8.971966461803868,1.345404652817883,0.7582458550724359,16.320669596426963,11.568765491694704,24.7292669281718,1525953638465622.2,12.9039294329385,757.952161219575,1273.67973119496,0.00435040026464,0.0226499906975506,0.201439989987705,16.3213661474561,8.89360144459084,8.893214554161341,15.13279068048184,0.5263646909046165,421809016238405.06,7.259711399240076,569816664515895.4,0.0009928809202679448,5.327016355210488e-06,3.16,35.8,2023-05-05 10:59:00,4.3504002646382424e-05,0.9157445322741187,0.0,118,238.13575795667913,4.3504002646382424e-05,-5.2779245,-14.758063,0.9157445322741187,0.0,0.0,0.38218130264030326,1172.743950110084,13520.597611677773,-0.4692211644104257,0.8830806865000074,1.9064208401030902,232.78274694519664,0.5275315974706858,0.0,1.0,225.4891310314108,28.117254249628648,68.84294059211565,0.9103464795860428,217.3217,4.4456491643148253e-05,10641.198529703943,0.0,0.0039213772106674585,0.0041892915,137.6858811842313,,,,0.0,0 days 00:00:00,,,,,,,,,,,,,,,,,,,,,0.0,,,,,,,,,,,,,,,,,,13520.597611677773,0.0,4.5759913e-05,3.5300033e-07,106273.914,0.943259,-250.211,1.0,1.0,1.0,-4.3566955373279205e-13,1.6853796e-12,2.3814795e-16,3.19731499911665e-13,3.182775091221899e-13,3.182775091221899e-13,7.48e-16,6.815678036563123e-14,1.2497100743053316e-12,1196.7384386281078,2.9993929972936694e-14,5.713676106409663e-14,4.3033021296882316e-12,4.5759913e-05,3.5300033e-07,106273.914,0.943259,-250.211,1.0,1.0,1.0,-4.3566955373279205e-13,1.6853796e-12,2.3814795e-16,3.19731499911665e-13,3.182775091221899e-13,3.182775091221899e-13,7.48e-16,6.815678036563123e-14,1.2497100743053316e-12,1196.7384386281078,2.9993929972936694e-14,5.713676106409663e-14,4.3033021296882316e-12
119,119,120,407463.0,BAW680,44.33677026780985,20.757595155297256,224.812222028,10668.0,0.8772028333326984,34610D,217.08386,-5.8699303,-15.090612,223.70058258773744,63942.81546328025,0.42320865112271305,0.40865316477808,30.381830301716008,33.2677728226914,0.0,4.3028491026438e-05,23841.9280160665,0.9050465359306338,0.2531819191809667,0.5142514597986882,cruise,15,GTF2035_wi,0,43031,1.237,3.16,3.16,9.224986994735708,1.3833511119402342,0.7573743036974335,16.633924243199576,11.658546706118033,25.22610452378412,1549404499655528.5,13.0838689675148,759.970500090543,1273.46463981948,0.00430284910264,0.0227205987682304,0.20432658238904,16.6338864113457,8.99301046039086,8.992623521370366,15.387478945075006,0.5323938912007388,429218084397085.2,7.263001184182649,570093228616592.6,0.0009723594684573726,5.474822684886009e-06,3.16,35.8,2023-05-05 11:00:00,4.302849102643799e-05,0.9050466581767779,0.0,119,238.41928016066504,4.302849102643799e-05,-5.8699303,-15.090612,0.9050466581767779,0.0,0.0,0.3826099729542392,1172.6507652892763,13553.34762985147,-0.4696067463032399,0.8828757012323334,1.9137547055573805,232.82350734719108,0.521444548230071,0.0,1.0,225.49119933430157,28.117254249628648,68.67489206927341,0.8986142814666362,217.33708,4.391984233661445e-05,10633.662553965363,0.0,0.0038982999907466367,0.004337911,137.34978413854682,,,,0.0,0 days 00:00:00,,,,,,,,,,,,,,,,,,,,,0.0,,,,,,,,,,,,,,,,,,13553.34762985147,0.0,4.5056822e-05,4.5468352e-07,106182.125,0.9314115,-250.99286,0.9836925573123776,0.9836925573123776,0.9999999999999999,-4.361598707241124e-13,1.6828004e-12,2.4598602e-16,3.1395399814440803e-13,3.1712331025939416e-13,3.1712331025939416e-13,7.479999999999999e-16,6.794004178636345e-14,1.2466404717431396e-12,1197.3824802654672,2.9721736976320057e-14,5.795551875135913e-14,4.298082465474813e-12,4.5056822e-05,4.5468352e-07,106182.125,0.9314115,-250.99286,0.9836925573123776,0.9836925573123776,0.9999999999999999,-4.361598707241124e-13,1.6828004e-12,2.4598602e-16,3.1395399814440803e-13,3.1712331025939416e-13,3.1712331025939416e-13,7.479999999999999e-16,6.794004178636345e-14,1.2466404717431396e-12,1197.3824802654672,2.9721736976320057e-14,5.795551875135913e-14,4.298082465474813e-12
120,120,121,407463.0,BAW680,44.27943420410156,20.90789794921875,227.898888692,10668.0,0.8770994335156719,34610D,217.03868,-6.4231067,-15.31992,223.73684136913369,63912.43363297853,0.4217919275175646,0.429114542932666,31.75907602120716,34.8109145504994,99.17363749653992,4.211177170574353e-05,23841.9280160665,0.8910004400201021,0.264658966843393,0.5371708078442399,cruise,15,GTF2035_wi,0,43031,1.237,3.16,3.16,8.816366296019321,1.322083671598166,0.7575758859386187,17.405507768161495,11.89195260303277,26.708738924760176,1593829799575824.0,13.4696946839959,763.34550489182,1301.17662609325,0.00421117717057,0.0231691019902264,0.214557271466333,17.4054572752497,9.26049147510513,9.260101515824124,14.281416122914672,0.5425896759655991,461969623463964.0,7.266144829917136,570244966570521.8,0.0011275766659518357,5.987455218033952e-06,3.16,35.8,2023-05-05 11:01:00,4.211177170574353e-05,0.8910016102607121,0.0,120,238.41928016066504,4.211177170574353e-05,-6.4231067,-15.31992,0.8910016102607121,0.0,0.0,0.3826896192116624,1172.5121379291857,13452.778463537039,-0.4714794549445713,0.8818770456050945,1.9090641203091203,232.7974538260024,0.5131274033546485,0.0,1.0,225.41849150151526,28.117254249628648,68.7375896047479,0.883618887170046,217.29306,4.293990946045409e-05,10633.631205197626,0.0,0.0038517223444102912,0.00435264,137.4751792094958,,,,0.0,0 days 00:00:00,,,,,,,,,,,,,,,,,,,,,0.0,,,,,,,,,,,,,,,,,,13452.778463537039,0.0,4.3816588e-05,5.5791725e-07,106162.5,0.91456264,-252.30006,0.6580719033489455,0.6580719033489455,1.0000000000000002,-4.3625947084348775e-13,1.6818646e-12,2.5394363e-16,1.9158659302033342e-13,2.1523731873670997e-13,2.1523731873670997e-13,7.48e-16,5.163278179086014e-14,1.2456051672110985e-12,1198.0286115844897,3.6161877014577755e-14,6.085736777034503e-14,2.895539966050669e-12,4.3816588e-05,5.5791725e-07,106162.5,0.91456264,-252.30006,0.6580719033489455,0.6580719033489455,1.0000000000000002,-4.3625947084348775e-13,1.6818646e-12,2.5394363e-16,1.9158659302033342e-13,2.1523731873670997e-13,2.1523731873670997e-13,7.48e-16,5.163278179086014e-14,1.2456051672110985e-12,1198.0286115844897,3.6161877014577755e-14,6.085736777034503e-14,2.895539966050669e-12
121,121,122,407463.0,BAW680,44.22229831501589,21.056771627286587,225.326666472,10698.48,0.8769612929189471,34610D,216.76453,-6.9768634,-15.433317,223.9038953032694,63880.674556957325,0.42104869063411593,0.399878548750052,29.59689358962994,32.3578917702792,-49.57357098513677,4.065170300710553e-05,23728.68289674403,0.8872457273990966,0.2466407799135828,0.5007375330393216,cruise,15,GTF2035_wi,0,43031,1.237,3.16,3.16,8.833803245595178,1.3247113776933137,0.7586208122984284,16.178935551159057,11.521325148617086,24.5356715107204,1516815885401546.2,12.8095298397068,756.357412841814,1273.50631956897,0.00406517030071,0.0226076540605265,0.199939274375026,16.1789458851396,8.84387534592209,8.843515841942544,14.983530366829727,0.5216343966185382,418941595234884.8,7.215004264361288,567305591905135.1,0.001004574855823974,5.2481411327681466e-06,3.16,35.8,2023-05-05 11:02:00,4.065170300710553e-05,0.8872446856979767,0.0,121,237.28682896744039,4.065170300710553e-05,-6.9768634,-15.433317,0.8872446856979767,0.0,0.0,0.38135361092840026,1172.3270689862586,13411.170455347517,-0.4728140376015379,0.8811622358265995,1.8975548523865662,232.7332855575571,0.5096063661781658,0.0,1.0,225.33849033778677,28.117254249628648,69.28973955529241,0.879579693146881,217.02077,4.1447910327107774e-05,10663.835130222353,0.0,0.003752088336233328,0.0041959863,138.57947911058483,,,,0.0,0 days 00:00:00,,,,,,,,,,,,,,,,,,,,,0.0,,,,,,,,,,,,,,,,,,13411.170455347517,0.0,4.194983e-05,6.756435e-07,106439.81,0.90321064,-252.95694,0.5085268413023846,0.5085268413023846,1.0000000000000002,-4.347495709745296e-13,1.6877428e-12,2.6301834e-16,1.2993069186675284e-13,1.696458292154661e-13,1.696458292154661e-13,7.48e-16,4.444326343313874e-14,1.2529932620388058e-12,1198.6699590348915,3.0200240186159815e-14,5.6711095686571385e-14,2.27514913264739e-12,4.194983e-05,6.756435e-07,106439.81,0.90321064,-252.95694,0.5085268413023846,0.5085268413023846,1.0000000000000002,-4.347495709745296e-13,1.6877428e-12,2.6301834e-16,1.2993069186675284e-13,1.696458292154661e-13,1.696458292154661e-13,7.48e-16,4.444326343313874e-14,1.2529932620388058e-12,1198.6699590348915,3.0200240186159815e-14,5.6711095686571385e-14,2.27514913264739e-12
122,122,123,407463.0,BAW680,44.16517871921345,21.20492117745536,223.78333314,10683.24,0.8767890523517039,34610D,216.8246,-7.205179,-15.47016,223.76234638380868,63851.077663367694,0.4231674328579865,0.3985761916089,29.65616091246662,32.4353076338916,-24.781854406273087,4.054340812718485e-05,23785.2508823965,0.8800479138276041,0.2471346742705552,0.5009855101442761,cruise,15,GTF2035_wi,0,43031,1.237,3.16,3.16,9.242403167426694,1.385985756590311,0.7580361941219875,16.217872209845307,11.532623413230144,24.53988420671352,1517014725726517.5,12.8583562545354,757.19498244918,1263.10033192338,0.00405434081272,0.0225141328274147,0.19928809580445,16.2176538169458,8.85168872956918,8.851329866489934,15.662557384942684,0.5241154934175362,415087849477146.06,7.239578566844595,568727142916494.6,0.000932072709624124,5.222161106067626e-06,3.16,35.8,2023-05-05 11:03:00,4.054340812718485e-05,0.8800489577788213,0.0,122,237.85250882396508,4.054340812718485e-05,-7.205179,-15.47016,0.8800489577788213,0.0,0.0,0.38215683506313874,1172.0964151454625,13413.03498870326,-0.47468092883397406,0.8801579493484766,1.9090648031385689,232.79745762285114,0.5057680170349194,0.0,1.0,225.3761036419763,28.117254249628648,69.4234301371535,0.8725859073372327,217.08224,4.135062722474e-05,10648.528284931423,0.0,0.0037537935424887792,0.0040462515,138.846860274307,,,,0.0,0 days 00:00:00,,,,,,,,,,,,,,,,,,,,,0.0,,,,,,,,,,,,,,,,,,13413.03498870326,0.0,4.17541e-05,8.0522386e-07,106272.33,0.89037323,-252.46785,0.48589964704139676,0.48589964704139676,0.9999999999999998,-4.3565070550258347e-13,1.6833038e-12,2.7300685e-16,1.2357451361686652e-13,1.607710292607857e-13,1.607710292607857e-13,7.48e-16,4.2963860999175754e-14,1.2476530369153436e-12,1199.308438188328,2.78103352303311e-14,5.65263943549275e-14,2.156427440644754e-12,4.17541e-05,8.0522386e-07,106272.33,0.89037323,-252.46785,0.48589964704139676,0.48589964704139676,0.9999999999999998,-4.3565070550258347e-13,1.6833038e-12,2.7300685e-16,1.2357451361686652e-13,1.607710292607857e-13,1.607710292607857e-13,7.48e-16,4.2963860999175754e-14,1.2476530369153436e-12,1199.308438188328,2.78103352303311e-14,5.65263943549275e-14,2.156427440644754e-12
123,123,124,407463.0,BAW680,44.10782636222193,21.352778843470983,225.326666472,10675.62,0.8765840923415623,34610D,216.82555,-7.3470955,-15.412173,223.3796265324763,63821.421502455225,0.42260894251416503,0.429253407753282,31.84134486353888,34.9454238615076,123.8683424899771,4.059293880500223e-05,23813.57579566791,0.8820641309018948,0.2653445405294907,0.5370579709435325,cruise,15,GTF2035_wi,0,43031,1.237,3.16,3.16,8.964027834982312,1.344240299013995,0.7567380171540622,17.472717671115678,11.903247105357863,26.86524490529931,1591478522616370.5,13.5020811669191,763.322675162061,1297.57785821377,0.0040592938805,0.0231410991880053,0.214626703876641,17.4727119307538,9.2746978928247,9.274321420862805,14.498276584970874,0.542520403196393,462116699037552.2,7.236228486254399,568683164986539.1,0.0010984099287920585,5.988732274765233e-06,3.16,35.8,2023-05-05 11:04:00,4.059293880500223e-05,0.8820638060737159,0.0,123,238.13575795667913,4.059293880500223e-05,-7.3470955,-15.412173,0.8820638060737159,0.0,0.0,0.38261025412600475,1171.8220219499178,13487.876839502409,-0.4759255559330444,0.8794855685057161,1.9094895432003762,232.79981914190415,0.5069306315150988,0.0,1.0,225.3849652949155,28.117254249628648,69.60976230419061,0.8751305234173321,217.08434,4.1432612884777515e-05,10640.815118847906,0.0,0.0037573519181512438,0.003911963,139.21952460838122,,,,0.0,0 days 00:00:00,,,,,,,,,,,,,,,,,,,,,0.0,,,,,,,,,,,,,,,,,,13487.876839502409,0.0,4.1417752e-05,9.1669375e-07,106180.9,0.885631,-251.1142,0.4745696817328348,0.4745696817328348,1.0,-4.361398995045805e-13,1.6805414e-12,2.815993e-16,1.200763828537957e-13,1.5343704062703179e-13,1.5343704062703179e-13,7.480000000000001e-16,4.175674531868181e-14,1.244401500862534e-12,1199.9495191313051,3.520383511246688e-14,6.087706169029667e-14,2.069539906595132e-12,4.1417752e-05,9.1669375e-07,106180.9,0.885631,-251.1142,0.4745696817328348,0.4745696817328348,1.0,-4.361398995045805e-13,1.6805414e-12,2.815993e-16,1.200763828537957e-13,1.5343704062703179e-13,1.5343704062703179e-13,7.480000000000001e-16,4.175674531868181e-14,1.244401500862534e-12,1199.9495191313051,3.520383511246688e-14,6.087706169029667e-14,2.069539906595132e-12
124,124,125,407463.0,BAW680,44.05000305175781,21.501202250635902,224.812222028,10713.72,0.8763467662015987,34610D,216.48503,-7.5813494,-15.296615,223.4078467376185,63789.580157591685,0.42201015420072807,0.409657962606844,30.3615590721353,33.2987029852834,0.0,3.96585597180768e-05,23672.22389822947,0.895710575184965,0.2530129922677941,0.5121961336770087,cruise,15,GTF2035_wi,0,43031,1.237,3.16,3.16,8.918451828126223,1.3374140812645148,0.7574285853119147,16.65016603352124,11.649123754758069,25.349490641761008,1555228355883380.0,13.047735932782,758.367899051247,1280.4214647219,0.00396585597181,0.0227797695800029,0.204828981303422,16.6493514926417,8.99170558262496,8.99134899867375,14.878419972498564,0.5275996390078141,433432110877759.1,7.162954314055,564557830082758.1,0.0010275963430142175,5.485156376295127e-06,3.16,35.8,2023-05-05 11:05:00,3.96585597180768e-05,0.8957118971477616,0.0,124,236.72223898229473,3.96585597180768e-05,-7.5813494,-15.296615,0.8957118971477616,0.0,0.0,0.38093742210970816,1171.504361755123,13415.460527669135,-0.4780289371427442,0.8783440870491349,1.8961872664505137,232.72563789671872,0.5130769602794741,0.0,1.0,225.35141305085298,28.117254249628648,70.1835458988263,0.8898037411637824,216.74486,4.0538255656944715e-05,10678.628227050585,0.0,0.003684800168940399,0.0037469545,140.3670917976526,,,,0.0,0 days 00:00:00,,,,,,,,,,,,,,,,,,,,,0.0,,,,,,,,,,,,,,,,,,13415.460527669135,0.0,3.9891056e-05,1.0202887e-06,106534.79,0.8902383,-249.33983,0.5311104407082109,0.5311104407082109,1.0,-4.3421235567099727e-13,1.6880665e-12,2.8958476e-16,1.3363685593152946e-13,1.6645828013580404e-13,1.6645828013580404e-13,7.480000000000002e-16,4.397101302519759e-14,1.2538541113617059e-12,1200.5958643617876,3.166957312208844e-14,5.809801998327272e-14,2.2331144866655704e-12,3.9891056e-05,1.0202887e-06,106534.79,0.8902383,-249.33983,0.5311104407082109,0.5311104407082109,1.0,-4.3421235567099727e-13,1.6880665e-12,2.8958476e-16,1.3363685593152946e-13,1.6645828013580404e-13,1.6645828013580404e-13,7.480000000000002e-16,4.397101302519759e-14,1.2538541113617059e-12,1200.5958643617876,3.166957312208844e-14,5.809801998327272e-14,2.2331144866655704e-12
125,125,126,407463.0,BAW680,43.99223715572034,21.64849417550224,223.78333314,10713.72,0.8760758195343107,34610D,216.41406,-7.591144,-15.117603,223.5696214104493,63759.218598519554,0.42304342830568437,0.405105791252732,30.09819131642088,32.9854225708174,-49.51320415610103,3.934486914542849e-05,23672.22389822947,0.8969399001770444,0.250818260970174,0.5072243526440195,cruise,15,GTF2035_wi,0,43031,1.237,3.16,3.16,9.099762580957767,1.364606358175663,0.7581013005689128,16.49210510991783,11.604864263389633,25.07112895249013,1542089613176854.5,12.981519914837,757.70050213849,1271.90106143885,0.00393448691454,0.0226549560987396,0.202552895626366,16.4927112854087,8.94077634684246,8.94042458700698,15.267262809809074,0.5256171382857258,426001109436315.6,7.173364881251447,565060387472951.8,0.0009787743889457003,5.373170678393515e-06,3.16,35.8,2023-05-05 11:06:00,3.934486914542849e-05,0.8969404897150343,0.0,125,236.72223898229473,3.934486914542849e-05,-7.591144,-15.117603,0.8969404897150343,0.0,0.0,0.3810623452724967,1171.1417577218117,13394.553755276498,-0.4792121055472612,0.8776991272053086,1.899582642747847,232.74461616520023,0.5134273049455005,0.0,1.0,225.37109117380317,28.117254249628648,70.13304111196302,0.8912530342327446,216.6745,4.023221008526642e-05,10678.653479444018,0.0,0.003662953508423357,0.003778777,140.26608222392605,,,,0.0,0 days 00:00:00,,,,,,,,,,,,,,,,,,,,,0.0,,,,,,,,,,,,,,,,,,13394.553755276498,0.0,3.9373812e-05,1.0858828e-06,106517.16,0.88574964,-247.32852,0.5311104407082111,0.5311104407082111,1.0000000000000002,-4.3430056466783223e-13,1.6869099e-12,2.9464097e-16,1.326944344871537e-13,1.604965626535525e-13,1.604965626535525e-13,7.480000000000001e-16,4.300601276638384e-14,1.2526093672110629e-12,1201.2408577266795,2.980011596589811e-14,5.745242740009547e-14,2.149779836000111e-12,3.9373812e-05,1.0858828e-06,106517.16,0.88574964,-247.32852,0.5311104407082111,0.5311104407082111,1.0000000000000002,-4.3430056466783223e-13,1.6869099e-12,2.9464097e-16,1.326944344871537e-13,1.604965626535525e-13,1.604965626535525e-13,7.480000000000001e-16,4.300601276638384e-14,1.2526093672110629e-12,1201.2408577266795,2.980011596589811e-14,5.745242740009547e-14,2.149779836000111e-12
126,126,127,407463.0,BAW680,43.93441927635063,21.79530552455357,222.754444252,10698.48,0.8757710695667544,34610D,216.45087,-7.5096817,-14.897612,224.0917259640001,63729.12040720313,0.4239739385960154,0.417264033401872,31.022218516552886,33.970796568502,24.747915986922163,3.914958122283981e-05,23728.68289674403,0.890305608858662,0.2585184876379407,0.5221599158094682,cruise,15,GTF2035_wi,0,43031,1.237,3.16,3.16,9.137074539647736,1.3702034683053317,0.7598071505306885,16.985565715321062,11.767187898870349,25.887162779546205,1580606617875291.2,13.2724800515446,760.541146428192,1282.05704133322,0.00391495812228,0.0228628579644877,0.208632016700936,16.985398284251,9.12536906037729,9.125011819985884,15.01982392718542,0.5341037950494469,443400399143116.94,7.233469197437124,568196895072170.4,0.001020354410053629,5.671311983305445e-06,3.16,35.8,2023-05-05 11:07:00,3.914958122283981e-05,0.8903060532148834,0.0,126,237.28682896744039,3.914958122283981e-05,-7.5096817,-14.897612,0.8903060532148834,0.0,0.0,0.3819062322858649,1170.7339655646406,13337.762402998067,-0.4808740221361184,0.8767896981800323,1.9071887830199188,232.7870215426466,0.5098115285112103,0.0,1.0,225.38963512368406,28.117254249628648,69.73571983488831,0.8843789632120347,216.71126,4.002039705595813e-05,10663.612140082556,0.0,0.003659390493861565,0.0039243274,139.47143966977663,,,,0.0,0 days 00:00:00,,,,,,,,,,,,,,,,,,,,,0.0,,,,,,,,,,,,,,,,,,13337.762402998067,0.0,3.8936665e-05,1.1053057e-06,106350.92,0.8740377,-246.33246,0.48717251618443513,0.48717251618443513,0.9999999999999999,-4.3519624245198353e-13,1.6822423e-12,2.9613815e-16,1.2088984981233965e-13,1.4475008449936978e-13,1.4475008449936978e-13,7.479999999999998e-16,4.041575069078986e-14,1.2470460785189323e-12,1201.8818534725012,3.1856330548145213e-14,5.917671902828021e-14,1.9306422348664876e-12,3.8936665e-05,1.1053057e-06,106350.92,0.8740377,-246.33246,0.48717251618443513,0.48717251618443513,0.9999999999999999,-4.3519624245198353e-13,1.6822423e-12,2.9613815e-16,1.2088984981233965e-13,1.4475008449936978e-13,1.4475008449936978e-13,7.479999999999998e-16,4.041575069078986e-14,1.2470460785189323e-12,1201.8818534725012,3.1856330548145213e-14,5.917671902828021e-14,1.9306422348664876e-12
127,127,128,407463.0,BAW680,43.87664794921875,21.94120134626116,223.268888696,10706.1,0.8754326912027907,34610D,216.31123,-7.5070133,-14.697284,224.5076401804634,63698.09818868658,0.4241244122940347,0.42003484298931,31.21361974268672,34.1451403685356,24.73736795872893,3.8166887961900976e-05,23700.43978414306,0.8829648067287743,0.2601134978557226,0.524983748828273,cruise,15,GTF2035_wi,0,43031,1.237,3.16,3.16,9.070977519920282,1.3603004170053346,0.7614630227502622,17.07239826737897,11.801165202545244,26.06870790317844,1589175593998680.2,13.3261332781229,760.816449700625,1285.77471773758,0.00381668879619,0.0229150986499703,0.210017421494655,17.0725701842678,9.16502366857266,9.164673881491415,14.846684363035411,0.5349287230197808,447849750332853.94,7.242450154653979,568512771990371.8,0.0010434043560110132,5.735770613548176e-06,3.16,35.8,2023-05-05 11:08:00,3.8166887961900976e-05,0.8829658532107044,0.0,127,237.00439784143066,3.8166887961900976e-05,-7.5070133,-14.697284,0.8829658532107044,0.0,0.0,0.3816979142512809,1170.2812191420967,13371.884558326909,-0.4819683453947986,0.8761886292559384,1.9054148794035297,232.77714516409765,0.5049243473882791,0.0,1.0,225.35239273459547,28.117254249628648,69.685727952068,0.8768722799561592,216.5721,3.901048684752705e-05,10671.257136023967,0.0,0.0035937893113731434,0.0040287627,139.371455904136,,,,0.0,0 days 00:00:00,,,,,,,,,,,,,,,,,,,,,0.0,,,,,,,,,,,,,,,,,,13371.884558326909,0.0,3.7685782e-05,1.1061468e-06,106405.97,0.86030316,-246.18163,0.34981748125810747,0.34981748125810747,1.0,-4.3489005677849123e-13,1.6827081e-12,2.96203e-16,8.648116351396662e-14,1.052345548619868e-13,1.052345548619868e-13,7.48e-16,3.410336691948928e-14,1.2478180886653338e-12,1202.522333118689,3.281258838647891e-14,5.956967746061835e-14,1.407184319161407e-12,3.7685782e-05,1.1061468e-06,106405.97,0.86030316,-246.18163,0.34981748125810747,0.34981748125810747,1.0,-4.3489005677849123e-13,1.6827081e-12,2.96203e-16,8.648116351396662e-14,1.052345548619868e-13,1.052345548619868e-13,7.48e-16,3.410336691948928e-14,1.2478180886653338e-12,1202.522333118689,3.281258838647891e-14,5.956967746061835e-14,1.407184319161407e-12
128,128,129,407463.0,BAW680,43.81859730865995,22.087227957589285,224.297777584,10713.72,0.8750611971827646,34610D,216.16837,-7.4953413,-14.504855,225.0624696123197,63666.88456894389,0.4252319355467246,0.414089296174698,30.835128433303343,33.666520729104,24.72643452706753,3.720571602972687e-05,23672.22389822947,0.8760037226275964,0.2569594036108612,0.518271339125688,cruise,15,GTF2035_wi,0,43031,1.237,3.16,3.16,9.228141554472652,1.38387789355674,0.7635970468378395,16.83325341482832,11.73945730410285,25.68489494916768,1571059524709879.2,13.2247347269436,759.769491906927,1276.60006119242,0.00372057160297,0.0227676826595891,0.207044648087349,16.833260364552,9.09379541093294,9.093457082351003,15.222112004302794,0.5317915835294006,438100652754151.8,7.258956158441629,569191884728205.4,0.000993912299983272,5.582666417706867e-06,3.16,35.8,2023-05-05 11:09:00,3.720571602972687e-05,0.8760034880430301,0.0,128,236.72223898229473,3.720571602972687e-05,-7.4953413,-14.504855,0.8760034880430301,0.0,0.0,0.38149544844855343,1169.7842039330885,13454.228850550553,-0.4841813117386878,0.8749676893251565,1.9068120427076354,232.78492468500846,0.5002497843047311,0.0,1.0,225.33296974475238,28.117254249628648,69.59691913780662,0.8697073580736885,216.42923,3.801902136649707e-05,10678.921540431096,0.0,0.0035338678840017225,0.0041367565,139.19383827561325,,,,0.0,0 days 00:00:00,,,,,,,,,,,,,,,,,,,,,0.0,,,,,,,,,,,,,,,,,,13454.228850550553,0.0,3.660231e-05,1.1046526e-06,106462.09,0.8504054,-245.90076,0.1603177296398722,0.1603177296398722,1.0,-4.345777199789368e-13,1.6831907e-12,2.960878e-16,3.951080779629605e-14,4.8816495068274265e-14,4.8816495068274265e-14,7.479999999999999e-16,2.508669637060307e-14,1.2486130268887484e-12,1203.1659093626822,3.0833383294979373e-14,5.872647525493261e-14,6.567882963303344e-13,3.660231e-05,1.1046526e-06,106462.09,0.8504054,-245.90076,0.1603177296398722,0.1603177296398722,1.0,-4.345777199789368e-13,1.6831907e-12,2.960878e-16,3.951080779629605e-14,4.8816495068274265e-14,4.8816495068274265e-14,7.479999999999999e-16,2.508669637060307e-14,1.2486130268887484e-12,1203.1659093626822,3.0833383294979373e-14,5.872647525493261e-14,6.567882963303344e-13
129,129,130,407463.0,BAW680,43.759921316373145,22.23380510197129,225.841110916,10721.34,0.8746582662804416,34610D,216.02211,-7.4761257,-14.322784,225.1281840362331,63636.049440510586,0.4270361534724333,0.424264819937702,31.704550208374982,34.630059416902,-24.71604252373121,3.638680435891199e-05,23644.035218918973,0.8723357731275858,0.2642045850697915,0.5322275621431963,cruise,15,GTF2035_wi,0,43031,1.237,3.16,3.16,9.447652406830793,1.4168040911448403,0.764078467188366,17.314997779215094,11.885749322925648,26.67480384707513,1594339625245125.8,13.4932725377393,762.591164969745,1281.24487623352,0.00363868043589,0.0229347865169939,0.212132409968851,17.315029708451,9.24937364521218,9.24903710230863,15.322034265541664,0.5403007651516494,452930986007106.8,7.249622217920609,568623805819161.0,0.0009942949495047948,5.849823884855974e-06,3.16,35.8,2023-05-05 11:10:00,3.638680435891199e-05,0.8723367978251222,0.0,129,236.44035218918975,3.638680435891199e-05,-7.4761257,-14.322784,0.8723367978251222,0.0,0.0,0.38129915482711846,1169.2451641717068,13639.325141793686,-0.4859045079595573,0.8740119044638811,1.910537328582564,232.8056427531705,0.49745039879038994,0.0,1.0,225.33634310392446,28.117254249628648,69.56787375968717,0.8658243322193317,216.28299,3.717363306701866e-05,10686.556063120157,0.0,0.0034801136486998984,0.0042499485,139.13574751937435,,,,0.0,0 days 00:00:00,,,,,,,,,,,,,,,,,,,,,0.0,,,,,,,,,,,,,,,,,,13639.325141793686,0.0,3.563809e-05,1.1015295e-06,106518.56,0.84479195,-245.55211,0.09155962137269127,0.09155962137269127,1.0,-4.342631767265088e-13,1.6836618e-12,2.9584706e-16,2.2342640196406004e-14,2.7357470252115743e-14,2.7357470252115743e-14,7.480000000000001e-16,2.166322477874745e-14,1.2493986511714204e-12,1203.8164185450964,3.162310704176421e-14,6.016957617542087e-14,3.731374318255551e-13,3.563809e-05,1.1015295e-06,106518.56,0.84479195,-245.55211,0.09155962137269127,0.09155962137269127,1.0,-4.342631767265088e-13,1.6836618e-12,2.9584706e-16,2.2342640196406004e-14,2.7357470252115743e-14,2.7357470252115743e-14,7.480000000000001e-16,2.166322477874745e-14,1.2493986511714204e-12,1203.8164185450964,3.162310704176421e-14,6.016957617542087e-14,3.731374318255551e-13
130,130,131,407463.0,BAW680,43.700225830078125,22.38208859465843,228.413333136,10713.72,0.8742240668824026,34610D,215.98674,-7.4590616,-14.195081,226.7647029070828,63604.34489030221,0.42816679467964835,0.439798695103212,32.8822361790794,35.7332817474274,74.113555475346,3.6213283297965904e-05,23672.22389822947,0.8732713334340078,0.2740186348256617,0.5519475532564143,cruise,15,GTF2035_wi,0,43031,1.237,3.16,3.16,9.43380125768076,1.4147285597345929,0.7696958243073594,17.866442975785503,12.090976515670963,28.21743281782813,1571163846636398.8,13.8464510625317,766.276677213247,1295.46696957013,0.0036213283298,0.0232130409136273,0.219899347551606,17.8666408737137,9.47309524718553,9.472752207726218,14.93833648514245,0.5514407103539718,474637852897744.06,7.355077264820961,573830990195253.0,0.0010569449703716014,6.232479212918459e-06,3.16,35.8,2023-05-05 11:11:00,3.6213283297965904e-05,0.8732717387524962,0.0,130,236.72223898229473,3.6213283297965904e-05,-7.4590616,-14.195081,0.8732717387524962,0.0,0.0,0.3818162598942084,1168.664325000638,13637.707648871648,-0.4585705984530867,0.8886579804595117,1.9165968655147292,232.83926643808846,0.4978129360499922,0.0,1.0,225.36963506799458,28.117254249628648,69.05291210775773,0.8662320015412218,216.24614,3.696886980746131e-05,10679.193543946121,0.0,0.0034581544653127594,0.0044197934,138.10582421551547,,,,0.0,0 days 00:00:00,,,,,,,,,,,,,,,,,,,,,0.0,,,,,,,,,,,,,,,,,,13637.707648871648,0.0,3.5446024e-05,1.036657e-06,106426.66,0.8467632,-245.30672,0.18372647978527387,0.18372647978527387,1.0,-4.3475570044529464e-13,1.6805953e-12,2.9084647e-16,4.4002354229512354e-14,5.277637701460111e-14,5.277637701460111e-14,7.479999999999999e-16,2.567898231969447e-14,1.2458396556794835e-12,1204.47366680984,3.474719198661688e-14,6.237260277849361e-14,7.197488004917594e-13,3.5446024e-05,1.036657e-06,106426.66,0.8467632,-245.30672,0.18372647978527387,0.18372647978527387,1.0,-4.3475570044529464e-13,1.6805953e-12,2.9084647e-16,4.4002354229512354e-14,5.277637701460111e-14,5.277637701460111e-14,7.479999999999999e-16,2.567898231969447e-14,1.2458396556794835e-12,1204.47366680984,3.474719198661688e-14,6.237260277849361e-14,7.197488004917594e-13
131,131,132,407463.0,BAW680,43.64388676012977,22.532697405133927,228.92777758,10736.58,0.8737223361229087,34610D,215.7228,-7.602197,-14.1727,227.97916060844085,63571.462654123134,0.427952001357413,0.439722145060504,32.79592395467016,35.518914774375,24.69209143140707,3.5506267655947124e-05,23587.7393998215,0.883398422406125,0.273299366288918,0.5506902576596714,cruise,15,GTF2035_wi,0,43031,1.237,3.16,3.16,9.192180971188936,1.378500765640435,0.7742912819941914,17.759298987554125,12.081184256208877,28.10117360530876,1572910473869296.2,13.8052034112444,765.494503731311,1300.27738543048,0.00355062676559,0.0232313694121719,0.219861072530252,17.7594573871875,9.46397384628809,9.463637827830375,14.569838884190052,0.5490588557568504,475404060018553.0,7.377069477833616,574539628254874.6,0.001102014325563648,6.221085129265628e-06,3.16,35.8,2023-05-05 11:12:00,3.5506267655947124e-05,0.8833980577683783,0.0,131,235.87739399821504,3.5506267655947124e-05,-7.602197,-14.1727,0.8833980577683783,0.0,0.0,0.3809190751009025,1167.9932102144785,13637.17226521287,-0.45242191050924685,0.8918040226928576,1.9090384243373677,232.79731094359698,0.5022997814878895,0.0,1.0,225.3561476663545,28.117254249628648,69.10016558097756,0.8759848513543029,215.98161,3.623501295765731e-05,10702.029917209511,0.0,0.003395777863552496,0.0044138934,138.20033116195512,,,,0.0,0 days 00:00:00,,,,,,,,,,,,,,,,,,,,,0.0,,,,,,,,,,,,,,,,,,13637.17226521287,0.0,3.471806e-05,9.75374e-07,106628.734,0.85625887,-245.02306,0.33881986424585836,0.33881986424585836,0.9999999999999999,-4.3364870130072e-13,1.6845094e-12,2.8612257e-16,8.041257396012169e-14,9.677918124851368e-14,9.677918124851368e-14,7.479999999999999e-16,3.27799807693635e-14,1.2508607068580702e-12,1205.0931023940407,3.6368532619401504e-14,6.236174639019673e-14,1.3197943663722403e-12,3.471806e-05,9.75374e-07,106628.734,0.85625887,-245.02306,0.33881986424585836,0.33881986424585836,0.9999999999999999,-4.3364870130072e-13,1.6845094e-12,2.8612257e-16,8.041257396012169e-14,9.677918124851368e-14,9.677918124851368e-14,7.479999999999999e-16,3.27799807693635e-14,1.2508607068580702e-12,1205.0931023940407,3.6368532619401504e-14,6.236174639019673e-14,1.3197943663722403e-12
132,132,133,407463.0,BAW680,43.58830338817531,22.68369402204241,225.841110916,10744.2,0.8731778040694205,34610D,215.57391,-7.775807,-14.189331,229.53383880506536,63538.66673016847,0.42412863855063365,0.4254832171281,31.38972656531441,33.8309934851396,-49.364438705625055,3.522702981029797e-05,23559.63221991729,0.8928042943684829,0.2615810547109534,0.5272330962224533,cruise,15,GTF2035_wi,0,43031,1.237,3.16,3.16,8.405392845467368,1.2605128297957706,0.7798405525789719,16.91591784780861,11.855087297776558,26.05154453800928,1588365478786610.8,13.3558952918691,759.692092678066,1303.83515787302,0.00352270298103,0.0230321989882936,0.21274160856405,16.9154967425698,9.23670417541018,9.236378805218669,13.650784864679782,0.5315596618809384,457134289782933.7,7.448891579677854,577887840231863.1,0.0012104583026127035,5.823013052482123e-06,3.16,35.8,2023-05-05 11:13:00,3.522702981029797e-05,0.8928050196868503,0.0,132,235.59632219917293,3.522702981029797e-05,-7.775807,-14.189331,0.8928050196868503,0.0,0.0,0.3807279465692216,1167.2648790825938,13410.774953936036,-0.45355324321468815,0.891229182404525,1.8941036458793894,232.71397671702067,0.5069173105660789,0.0,1.0,225.3050862020111,28.117254249628648,68.93652456067306,0.8849261668672664,215.8313,3.5929674223051664e-05,10709.731737719665,0.0,0.0033696482676543837,0.0044003017,137.87304912134613,,,,0.0,0 days 00:00:00,,,,,,,,,,,,,,,,,,,,,0.0,,,,,,,,,,,,,,,,,,13410.774953936036,0.0,3.434317e-05,8.853841e-07,106683.15,0.86189824,-244.8293,0.5338675935937097,0.5338675935937097,1.0,-4.333450310755816e-13,1.6849561e-12,2.7918587e-16,1.2612919981061795e-13,1.536039336367986e-13,1.536039336367986e-13,7.48e-16,4.187475931365163e-14,1.2516110820972169e-12,1205.7042292463298,3.8677012266686256e-14,6.034237023968085e-14,2.0599477860424317e-12,3.434317e-05,8.853841e-07,106683.15,0.86189824,-244.8293,0.5338675935937097,0.5338675935937097,1.0,-4.333450310755816e-13,1.6849561e-12,2.7918587e-16,1.2612919981061795e-13,1.536039336367986e-13,1.536039336367986e-13,7.48e-16,4.187475931365163e-14,1.2516110820972169e-12,1205.7042292463298,3.8677012266686256e-14,6.034237023968085e-14,2.0599477860424317e-12
133,133,134,407463.0,BAW680,43.53350830078125,22.831953181776893,225.326666472,10728.96,0.8725981819267887,34610D,215.59923,-7.961216,-14.225789,230.29241983765093,63507.27700360315,0.451881710581962,0.312948116418194,25.21764056756195,26.4240207430832,-567.7126321796252,3.51768443781396e-05,23615.87372613756,0.8906742665036305,0.2101470047296829,0.4230788905411603,descent,15,GTF2035_wi,0,43031,1.237,3.16,3.16,7.712551617431669,1.1566114393867457,0.7823719161047596,13.211318319809443,10.756938511959884,19.78637017811675,1292647651589323.0,11.464159518608,713.431390174535,1157.22791689741,0.00351768443781,0.0185233275351407,0.156474058209097,13.2120103715416,8.44740546277387,8.447108320159048,13.695912709448791,0.4058447885430548,262737018239515.2,4.385314849894354,3249630747742226.5,0.0010416180370311577,2.354634997223852e-06,3.16,35.8,2023-05-05 11:14:00,3.51768443781396e-05,0.8906737846404101,0.0,133,236.15873726137565,3.51768443781396e-05,-7.961216,-14.225789,0.8906737846404101,0.0,0.0,0.38159200007570043,1166.4896400058817,13802.792593789523,-0.4554110247975974,0.8902813030120325,1.9947589402253283,233.26475087254798,0.5058312097661489,0.0,1.0,225.81070455486187,28.117254249628648,68.64713091795844,0.8825758624874567,215.85458,3.5859816399102825e-05,10694.63643454102,0.0,0.0033780813067392046,0.0044267206,137.29426183591687,,,,0.0,0 days 00:00:00,,,,,,,,,,,,,,,,,,,,,0.0,,,,,,,,,,,,,,,,,,13802.792593789523,0.0,3.428613e-05,7.874968e-07,106518.11,0.8587487,-244.72827,0.5536505095449741,0.5536505095449741,1.0,-4.3423686447813623e-13,1.6801933e-12,2.7164037e-16,1.3014217060965028e-13,1.5927340008468037e-13,1.5927340008468037e-13,7.480000000000001e-16,4.2700818461302837e-14,1.2459564666406465e-12,1206.3066890846326,2.436884538663213e-14,4.438255222892142e-14,2.198417707076502e-12,3.428613e-05,7.874968e-07,106518.11,0.8587487,-244.72827,0.5536505095449741,0.5536505095449741,1.0,-4.3423686447813623e-13,1.6801933e-12,2.7164037e-16,1.3014217060965028e-13,1.5927340008468037e-13,1.5927340008468037e-13,7.480000000000001e-16,4.2700818461302837e-14,1.2459564666406465e-12,1206.3066890846326,2.436884538663213e-14,4.438255222892142e-14,2.198417707076502e-12
134,134,135,407463.0,BAW680,43.47688293457031,22.98422879950945,233.043333132,10553.7,0.8719864828980693,34610D,216.81287,-7.8723664,-13.849022,230.6836257857759,63482.05936303559,0.45632473204887614,0.259752153463632,22.00284140067616,22.1104628581004,-913.9191088179276,3.802284572707964e-05,24270.50189404938,0.8434678054885897,0.1833570116723013,0.3668316670984673,descent,15,GTF2035_wi,0,43031,1.237,3.16,3.16,9.198278781071007,1.3793920724256037,0.7815044721733919,11.054408708576776,10.140210740553243,15.86521270493584,1107568019090898.0,10.4311887715476,701.070152373954,1061.00364076359,0.00380228457271,0.0168638708228548,0.129876076731816,11.0552314290502,7.70143925413623,7.701146434633424,17.915318240459904,0.3749864797674583,191661821269384.4,4.462573070262772,3306881070015233.0,0.0006195400348306951,1.4284223841503626e-06,3.16,35.8,2023-05-05 11:15:00,3.802284572707964e-05,0.843467543179157,0.0,134,242.70501894049386,3.802284572707964e-05,-7.8723664,-13.849022,0.843467543179157,0.0,0.0,0.3899744441708558,1165.6715210823638,13780.44026920552,-0.4565834500224632,0.8896805905298737,2.066811846152483,233.64410653304495,0.48468935471803004,0.0,1.0,226.04279745315023,28.117254249628648,67.50807552107179,0.835454154952571,217.06331,3.8710311743746886e-05,10519.945962239464,0.0,0.003250210910914859,0.0048682815,135.01615104214358,,,,0.0,0 days 00:00:00,,,,,,,,,,,,,,,,,,,,,0.0,,,,,,,,,,,,,,,,,,13780.44026920552,0.0,3.7145204e-05,5.0269716e-07,104790.87,0.8156836,-244.85413,0.2715626158449335,0.2715626158449335,0.9999999999999999,-4.4364368109255247e-13,1.6378019e-12,2.4968708e-16,6.357841005904089e-14,7.841677245467083e-14,7.841677245467083e-14,7.48e-16,2.9068426926610006e-14,1.1941581741497888e-12,1206.9271481266028,1.1530327389887842e-14,3.683825820593507e-14,1.080617648915472e-12,3.7145204e-05,5.0269716e-07,104790.87,0.8156836,-244.85413,0.2715626158449335,0.2715626158449335,0.9999999999999999,-4.4364368109255247e-13,1.6378019e-12,2.4968708e-16,6.357841005904089e-14,7.841677245467083e-14,7.841677245467083e-14,7.48e-16,2.9068426926610006e-14,1.1941581741497888e-12,1206.9271481266028,1.1530327389887842e-14,3.683825820593507e-14,1.080617648915472e-12
135,135,136,407463.0,BAW680,43.42021179199219,23.1359934252362,232.528888688,10271.76,0.8713401550002609,34610D,218.83954,-7.8849196,-12.993689,231.338424036044,63460.05652163491,0.4658768618041922,0.34294347488752,28.310946650301968,29.7185319075994,-444.9076097210336,4.336741568258002e-05,25354.37540474077,0.7728895526185368,0.235924555419183,0.467875833075549,descent,15,GTF2035_wi,0,43031,1.237,3.16,3.16,10.28429661425992,1.5421984887727145,0.7800852849772318,14.859837696813702,11.380804893535192,21.295062234253727,1363858301305110.2,12.7959667685097,730.122748796823,1136.40391701986,0.00433674156826,0.0186214696693998,0.17147173744376,14.8592659537997,9.20828164951638,9.207882327455929,16.753013950161698,0.4491781196447776,287542281275427.6,4.588625306379586,3400289009086411.0,0.0007832216837336647,3.0465307216815294e-06,3.16,35.8,2023-05-05 11:16:00,4.336741568258002e-05,0.7728900064710391,0.0,135,253.5437540474077,4.336741568258002e-05,-7.8849196,-12.993689,0.7728900064710391,0.0,0.0,0.4036171132474572,1164.8071108664321,14053.451697020337,-0.4581167839538031,0.8888920138351026,2.1977348165952475,234.30441925645232,0.4529667704261852,0.0,1.0,226.48002124125443,28.117254249628648,66.35689712008141,0.7667435498155604,219.08322,4.416162153760812e-05,10238.58155143996,0.0,0.0033695614453534972,0.0043950207,132.71379424016283,,,,0.0,0 days 00:00:00,,,,,,,,,,,,,,,,,,,,,0.0,,,,,,,,,,,,,,,,,,14053.451697020337,0.0,4.2739008e-05,1.5979172e-07,102042.09,0.75567204,-245.12704,0.0,0.0,1.0,-4.58628109915023e-13,1.5868315e-12,2.2368576e-16,0.0,0.0,0.0,7.48e-16,1.5638329885409242e-14,1.128203393581422e-12,1207.5450270707286,1.81821777314671e-14,4.8636517963328e-14,0.0,4.2739008e-05,1.5979172e-07,102042.09,0.75567204,-245.12704,0.0,0.0,1.0,-4.58628109915023e-13,1.5868315e-12,2.2368576e-16,0.0,0.0,0.0,7.48e-16,1.5638329885409242e-14,1.128203393581422e-12,1207.5450270707286,1.81821777314671e-14,4.8636517963328e-14,0.0
136,136,137,407463.0,BAW680,43.362213134765625,23.29050463299419,232.528888688,10134.6,0.870659883922133,34610D,219.7985,-8.601136,-12.635354,232.82246248611904,63431.74557498461,0.46573392214410236,0.413350267077312,33.50275698648683,35.580549778323,0.0,4.560766510064661e-05,25895.65316756602,0.7343992905773878,0.2791896415540569,0.5517539554310755,descent,15,GTF2035_wi,0,43031,1.237,3.16,3.16,10.320189053338517,1.5475576782746574,0.7833750274926448,17.79000321078622,12.293161317846105,25.639926537686392,1568937004222518.2,14.5237896064532,749.568929832158,1205.03374164813,0.00456076651006,0.0200442919024041,0.206675133538656,17.7902748891615,10.3109221590346,10.31045192339624,15.014161604306272,0.5020480708009656,378439332833809.2,4.656029758254552,3450237436245039.5,0.0010244194515282104,4.57088126487371e-06,3.16,35.8,2023-05-05 11:17:00,4.560766510064662e-05,0.7343990464737535,0.0,136,258.95653167566024,4.560766510064662e-05,-8.601136,-12.635354,0.7343990464737535,0.0,0.0,0.41043519461644107,1163.8973260337725,13907.032333396255,-0.4597434018580751,0.88805180279529,2.2440569405793016,234.52972758077473,0.43444777152470987,0.0,1.0,226.58949206084222,28.117254249628648,66.30507619629662,0.7281146248349465,220.04523,4.6421100644246e-05,10101.447461901853,0.0,0.0033701113852819733,0.003822024,132.61015239259325,,,,0.0,0 days 00:00:00,,,,,,,,,,,,,,,,,,,,,0.0,,,,,,,,,,,,,,,,,,13907.032333396255,0.0,4.5261804e-05,8.3012885e-08,100761.61,0.722513,-245.55272,0.0,0.0,1.0000000000000002,-4.65615611529115e-13,1.5799178e-12,2.1832634e-16,0.0,0.0,0.0,7.479999999999998e-16,1.545225529972316e-14,1.1143022270999491e-12,1208.1773797542562,2.831067913800311e-14,5.862166555711804e-14,0.0,4.5261804e-05,8.3012885e-08,100761.61,0.722513,-245.55272,0.0,0.0,1.0000000000000002,-4.65615611529115e-13,1.5799178e-12,2.1832634e-16,0.0,0.0,0.0,7.479999999999998e-16,1.545225529972316e-14,1.1143022270999491e-12,1208.1773797542562,2.831067913800311e-14,5.862166555711804e-14,0.0
137,137,138,407463.0,BAW680,43.30461405091366,23.443123953683035,232.014444244,10134.6,0.8699451481851078,34610D,219.75314,-9.545577,-12.932599,233.7864093909254,63398.24281799812,0.46680715756667346,0.414913001904214,33.66102371201579,35.6497697033274,-24.71490834497007,4.435635143092891e-05,25895.65316756602,0.7183853970352966,0.2805085309334649,0.5545045715462108,descent,15,GTF2035_wi,0,43031,1.237,3.16,3.16,10.399279266641951,1.559430615910513,0.786699592312077,17.824903184146866,12.324964180177536,25.7299317107353,1573185271338741.8,14.5828784028129,750.230839327064,1204.89447919474,0.00443563514309,0.0200515947648307,0.207456500952107,17.8248848516637,10.3461347281949,10.345675831761914,15.077695625785337,0.5039012170415795,379670205627778.5,4.6604542848536665,3453516123904383.5,0.0010196014694963524,4.6026297478016915e-06,3.16,35.8,2023-05-05 11:18:00,4.435635143092891e-05,0.7183857428641707,0.0,137,258.95653167566024,4.435635143092891e-05,-9.545577,-12.932599,0.7183857428641707,0.0,0.0,0.4105199139539113,1162.9414695191756,13783.392729358822,-0.4611432563016227,0.8873256995982568,2.2485714562210997,234.55146536647052,0.42478693447995025,0.0,1.0,226.5588938076587,28.117254249628648,65.90552790526823,0.7123187531659624,219.99841,4.514623069903334e-05,10101.647236047365,0.0,0.0033651906592504586,0.003964828,131.81105581053646,,,,0.0,0 days 00:00:00,,,,,,,,,,,,,,,,,,,,,0.0,,,,,,,,,,,,,,,,,,13783.392729358822,0.0,4.3695854e-05,5.2735015e-08,100742.055,0.7059676,-246.46013,0.0,0.0,1.0,-4.657279055279023e-13,1.5786483e-12,2.1537474e-16,0.0,0.0,0.0,7.479999999999999e-16,1.5431340372527552e-14,1.112920433893458e-12,1208.8053759352756,2.8248986026103583e-14,5.884329386045715e-14,0.0,4.3695854e-05,5.2735015e-08,100742.055,0.7059676,-246.46013,0.0,0.0,1.0,-4.657279055279023e-13,1.5786483e-12,2.1537474e-16,0.0,0.0,0.0,7.479999999999999e-16,1.5431340372527552e-14,1.112920433893458e-12,1208.8053759352756,2.8248986026103583e-14,5.884329386045715e-14,0.0
138,138,139,407463.0,BAW680,43.24735479839777,23.59412057059152,229.442222024,10126.98,0.8691960873381335,34610D,219.7765,-10.501379,-13.248922,234.99356208395503,63364.58179428611,0.4678628049727354,0.419352127231828,34.03305311555454,35.9271564316062,24.712650070273607,4.329576100438859e-05,25925.99627713964,0.6999450478803652,0.2836087759629545,0.5609140994097755,descent,15,GTF2035_wi,0,43031,1.237,3.16,3.16,10.464169896823943,1.569172430324629,0.7907196419055511,17.963406205423638,12.3938244192933,25.977829358366844,1584886103512577.2,14.7100349629794,751.675183772068,1207.63691438791,0.00432957610044,0.0201119651779906,0.209676063615914,17.9635782158031,10.4254388748331,10.424987517065087,15.056361319601203,0.5079565543125871,384416641908709.1,4.663655818943937,3455841380440013.0,0.0010282081846348108,4.6969961651987966e-06,3.16,35.8,2023-05-05 11:19:00,4.329576100438859e-05,0.699945649718072,0.0,138,259.2599627713964,4.329576100438859e-05,-10.501379,-13.248922,0.699945649718072,0.0,0.0,0.41095725352148743,1161.9397279187656,13776.410644632862,-0.46324134741371936,0.8862321671245756,2.255670061757918,234.58556782329651,0.41397741973936425,0.0,1.0,226.53439336012434,28.117254249628648,65.3178123939427,0.6944776990173439,220.01772,4.407387329533091e-05,10094.321093803028,0.0,0.0033864088492481415,0.004137027,130.6356247878854,,,,0.0,0 days 00:00:00,,,,,,,,,,,,,,,,,,,,,0.0,,,,,,,,,,,,,,,,,,13776.410644632862,0.0,4.2318217e-05,3.0423163e-08,100651.734,0.68330693,-247.56192,0.0,0.0,0.9999999999999999,-4.662265666935147e-13,1.5771969e-12,2.1355858e-16,0.0,0.0,0.0,7.479999999999999e-16,1.5404173303458163e-14,1.1109703629427543e-12,1209.4294233486592,2.8741778018982304e-14,5.947285416571963e-14,0.0,4.2318217e-05,3.0423163e-08,100651.734,0.68330693,-247.56192,0.0,0.0,0.9999999999999999,-4.662265666935147e-13,1.5771969e-12,2.1355858e-16,0.0,0.0,0.0,7.479999999999999e-16,1.5404173303458163e-14,1.1109703629427543e-12,1209.4294233486592,2.8741778018982304e-14,5.947285416571963e-14,0.0
139,139,140,407463.0,BAW680,43.18986511230469,23.744712652162065,230.471110912,10134.6,0.8684136672361437,34610D,219.71301,-11.489843,-13.615808,235.63776330662492,63330.54874117056,0.469687305382598,0.42262532992044,34.38373837926242,36.2494058147638,-24.712008280960177,4.150762317896648e-05,25895.65316756602,0.6756918380736906,0.2865311531605201,0.5671451362666645,descent,15,GTF2035_wi,0,43031,1.237,3.16,3.16,10.697912166853898,1.604242780121061,0.7930018603493112,18.12411158364571,12.454009623466346,26.29176433795221,1599703914591948.5,14.8314218091302,753.214567737166,1206.62309669632,0.0041507623179,0.0201482070551389,0.21131266496022,18.1247029073819,10.4879141048098,10.4874787944919,15.300894732504714,0.5124362779114319,387944812987880.4,4.6609685061427015,3453831631644982.5,0.0010050729062108684,4.7802530672312035e-06,3.16,35.8,2023-05-05 11:20:00,4.150762317896647e-05,0.6756925139633414,0.0,139,258.95653167566024,4.150762317896647e-05,-11.489843,-13.615808,0.6756925139633414,0.0,0.0,0.4105948943301165,1160.8933924323512,13710.375714755179,-0.4647847200041355,0.8854237200632685,2.2607779758675917,234.6100481074963,0.39938585560176404,0.0,1.0,226.48257769159872,28.117254249628648,64.77181255056854,0.6701643658977235,219.95255,4.2231364818241306e-05,10102.214093724717,0.0,0.0034384422803674397,0.0043418882,129.54362510113708,,,,0.0,0 days 00:00:00,,,,,,,,,,,,,,,,,,,,,0.0,,,,,,,,,,,,,,,,,,13710.375714755179,0.0,4.0386276e-05,7.601962e-08,100701.75,0.6542737,-248.35262,0.0,0.0,1.0,-4.659592115145981e-13,1.5767346e-12,2.1735802e-16,0.0,0.0,0.0,7.48e-16,1.5405438778722003e-14,1.1107754421258977e-12,1210.0509319212892,2.830939632660417e-14,5.993706238958073e-14,0.0,4.0386276e-05,7.601962e-08,100701.75,0.6542737,-248.35262,0.0,0.0,1.0,-4.659592115145981e-13,1.5767346e-12,2.1735802e-16,0.0,0.0,0.0,7.48e-16,1.5405438778722003e-14,1.1107754421258977e-12,1210.0509319212892,2.830939632660417e-14,5.993706238958073e-14,0.0
140,140,141,407463.0,BAW680,43.13246154785156,23.8943055618641,230.985555356,10126.98,0.8675974439973927,34610D,219.76508,-12.38731,-13.823859,237.11825109327648,63296.16500279129,0.4694636397019305,0.43962337842319,35.641601730442886,37.454085416394,49.42199247828885,3.990606057916383e-05,25925.99627713964,0.6460839546539955,0.2970133477536907,0.5886485824765372,descent,15,GTF2035_wi,0,43031,1.237,3.16,3.16,10.51896190836296,1.5774245159232991,0.7978896448514019,18.72736346250648,12.665592189184292,27.8716887371594,1576358153511722.8,15.1988130053943,757.215959505452,1225.11552529019,0.00399060605792,0.0204911901224216,0.219811689211595,18.727042708197,10.727131411029,10.726703350555278,14.709575951080458,0.5241778057063882,411071586678993.2,4.662529845257691,3454917852646450.5,0.0010948074625407743,5.17218408791606e-06,3.16,35.8,2023-05-05 11:21:00,3.9906060579163824e-05,0.6460842525584337,0.0,140,259.2599627713964,3.9906060579163824e-05,-12.38731,-13.823859,0.6460842525584337,0.0,0.0,0.41097860874241343,1159.8018697258663,13903.427987036852,-0.4660004111960047,0.8847845030091532,2.262469681685963,234.61814502440717,0.3820789804057026,0.0,1.0,226.40348908077402,28.117254249628648,64.00909187737108,0.6408950887543802,219.9988,4.057984743837767e-05,10094.975454061314,0.0,0.0035136570369220976,0.0045143794,128.01818375474215,,,,0.0,0 days 00:00:00,,,,,,,,,,,,,,,,,,,,,0.0,,,,,,,,,,,,,,,,,,13903.427987036852,0.0,3.8338683e-05,1.99314e-07,100612.69,0.62351376,-249.41774,0.0,0.0,1.0000000000000002,-4.664515335639547e-13,1.5756479e-12,2.265562e-16,0.0,0.0,0.0,7.479999999999999e-16,1.5394108650199747e-14,1.1091963419682878e-12,1210.671509451481,3.2031568650831456e-14,6.234773922667954e-14,0.0,3.8338683e-05,1.99314e-07,100612.69,0.62351376,-249.41774,0.0,0.0,1.0000000000000002,-4.664515335639547e-13,1.5756479e-12,2.265562e-16,0.0,0.0,0.0,7.479999999999999e-16,1.5394108650199747e-14,1.1091963419682878e-12,1210.671509451481,3.2031568650831456e-14,6.234773922667954e-14,0.0
141,141,142,407463.0,BAW680,43.0740966796875,24.04575081758721,232.014444244,10142.22,0.8667461993003025,34610D,219.64607,-13.200762,-14.039553,238.52822032561457,63260.52340106085,0.4721148837722559,0.42472919169118,34.6070516502386,36.1744114641516,-24.709139504645087,3.7844395407600575e-05,25865.338820476758,0.6206080637653287,0.2883920970853216,0.5726336942129706,descent,15,GTF2035_wi,0,43031,1.237,3.16,3.16,10.80563779612503,1.6204367365893666,0.8028516017531189,18.08693739840642,12.50734556285338,26.4154481439666,1598236071163174.5,14.9194954378173,754.532225563987,1206.5217601092,0.00378443954076,0.0201450525889415,0.21236459584559,18.0872057320758,10.541774210218,10.54137527824383,15.3759412389838,0.5162816714029285,388746511542132.5,4.657035071036746,3450803536333984.5,0.0010010112038170127,4.823929659249061e-06,3.16,35.8,2023-05-05 11:22:00,3.784439540760058e-05,0.6206088499891721,0.0,141,258.65338820476757,3.784439540760058e-05,-13.200762,-14.039553,0.6206088499891721,0.0,0.0,0.4102392254024736,1158.6635311973832,13986.075289798311,-0.46797194637216055,0.8837433209980439,2.268508702899294,234.6470056421707,0.36658796090700896,0.0,1.0,226.35409027009064,28.117254249628648,63.298902693380356,0.6156626540612906,219.87767,3.8478658913867757e-05,10110.57054865331,0.0,0.0036051466348044413,0.0047110463,126.59780538676071,,,,0.0,0 days 00:00:00,,,,,,,,,,,,,,,,,,,,,0.0,,,,,,,,,,,,,,,,,,13986.075289798311,0.0,3.5930127e-05,3.4192664e-07,100736.08,0.5963311,-250.18976,0.0,0.0,0.9999999999999999,-4.657830120214559e-13,1.5754954e-12,2.373616e-16,0.0,0.0,0.0,7.479999999999999e-16,1.5411622479041255e-14,1.1097123752783516e-12,1211.3024794283504,2.8308230883959234e-14,6.02354337489965e-14,0.0,3.5930127e-05,3.4192664e-07,100736.08,0.5963311,-250.18976,0.0,0.0,0.9999999999999999,-4.657830120214559e-13,1.5754954e-12,2.373616e-16,0.0,0.0,0.0,7.479999999999999e-16,1.5411622479041255e-14,1.1097123752783516e-12,1211.3024794283504,2.8308230883959234e-14,6.02354337489965e-14,0.0
142,142,143,407463.0,BAW680,43.01513671875,24.19777093931686,234.07222202,10134.6,0.8658608692503004,34610D,219.68307,-13.867926,-14.005529,239.36843903824308,63225.91634941061,0.47240559884202016,0.445094527428816,36.19441589704645,37.7991332820236,24.70546641585157,3.6299733192146494e-05,25895.65316756602,0.5931717908027828,0.3016201324753871,0.5991129803416451,descent,15,GTF2035_wi,0,43031,1.237,3.16,3.16,10.799057725389211,1.6194666558942237,0.8056117185344386,18.899838659345825,12.76670558352983,28.49188660122291,1567040573806134.0,15.3895200078292,759.589237505138,1225.0144583172,0.00362997331921,0.0205442361441007,0.222547263714408,18.8995666410118,10.8325888659683,10.83219566015595,14.954122991563942,0.5312514631868511,416116240177242.4,4.658870600617269,3452118614681130.0,0.0010729431226717617,5.2978609366240866e-06,3.16,35.8,2023-05-05 11:23:00,3.629973319214649e-05,0.5931724939101414,0.0,142,258.95653167566024,3.629973319214649e-05,-13.867926,-14.005529,0.5931724939101414,0.0,0.0,0.41065085317635913,1157.4796282773013,14016.215671650178,-0.4695999273161155,0.8828793282576611,2.272415841132516,234.66564175851278,0.3505079278983662,0.0,1.0,226.29379495898093,28.117254249628648,62.400117126764926,0.5883807710121277,219.90747,3.687249071250751e-05,10103.399941436617,0.0,0.003736213876194938,0.004967072,124.80023425352985,,,,0.0,0 days 00:00:00,,,,,,,,,,,,,,,,,,,,,0.0,,,,,,,,,,,,,,,,,,14016.215671650178,0.0,3.4026132e-05,5.2347474e-07,100649.6,0.5656568,-250.38023,0.0,0.0,0.9999999999999999,-4.66261597803737e-13,1.574129e-12,2.5129233e-16,0.0,0.0,0.0,7.479999999999999e-16,1.540156784964709e-14,1.1078673475943753e-12,1211.939882824592,3.1744461757484074e-14,6.312366195557663e-14,0.0,3.4026132e-05,5.2347474e-07,100649.6,0.5656568,-250.38023,0.0,0.0,0.9999999999999999,-4.66261597803737e-13,1.574129e-12,2.5129233e-16,0.0,0.0,0.0,7.479999999999999e-16,1.540156784964709e-14,1.1078673475943753e-12,1211.939882824592,3.1744461757484074e-14,6.312366195557663e-14,0.0
143,143,144,407463.0,BAW680,42.95584468518273,24.349822998046875,237.158888684,10142.22,0.864941127296426,34610D,219.58076,-14.032084,-13.728467,240.93204817122688,63189.72193351356,0.4725581844344028,0.444627923055512,36.09777202201375,37.5265715500932,24.698222905170287,3.4093903019322974e-05,25865.338820476758,0.5637782744190009,0.3008147668501146,0.5982090359398936,descent,15,GTF2035_wi,0,43031,1.237,3.16,3.16,10.630104139314264,1.5941531991575286,0.8110630901537639,18.763269343320378,12.760824649793408,28.26738114540085,1570413444949636.2,15.3604188082307,759.229570536852,1227.2577546854,0.00340939030193,0.0205308183622774,0.222313961527756,18.7632857750466,10.8283049221374,10.827935755545852,14.726005046090112,0.5301737450052898,415008047125545.94,4.655542339803743,3449592505711864.5,0.0011012200311190663,5.274439943338529e-06,3.16,35.8,2023-05-05 11:24:00,3.4093903019322974e-05,0.563779054474727,0.0,143,258.65338820476757,3.4093903019322974e-05,-14.032084,-13.728467,0.563779054474727,0.0,0.0,0.41036124303193733,1156.2497244804733,14228.67839573352,-0.4710558779810473,0.882103372524731,2.27040797893681,234.65606827838022,0.33280723447990185,0.0,1.0,226.2013629881541,28.117254249628648,60.87770667176586,0.5595601558390936,219.79613,3.4617743694061274e-05,10111.781146664116,0.0,0.003924664393598789,0.005595752,121.75541334353171,,,,0.0,0 days 00:00:00,,,,,,,,,,,,,,,,,,,,,0.0,,,,,,,,,,,,,,,,,,14228.67839573352,0.0,3.2127133e-05,8.3407144e-07,100703.27,0.5377024,-250.00034,0.0,0.0,1.0,-4.659739368088581e-13,1.5731659e-12,2.7523052e-16,0.0,0.0,0.0,7.480000000000001e-16,1.5416726010217782e-14,1.1071919613402883e-12,1212.5768003497758,3.252707493944249e-14,6.305748775007117e-14,0.0,3.2127133e-05,8.3407144e-07,100703.27,0.5377024,-250.00034,0.0,0.0,1.0,-4.659739368088581e-13,1.5731659e-12,2.7523052e-16,0.0,0.0,0.0,7.480000000000001e-16,1.5416726010217782e-14,1.1071919613402883e-12,1212.5768003497758,3.252707493944249e-14,6.305748775007117e-14,0.0
144,144,145,407463.0,BAW680,42.89546643273305,24.503893171037944,237.158888684,10149.84,0.8639854737104685,34610D,219.45644,-13.819393,-13.245,241.80610027879155,63153.62416149155,0.47313992536400185,0.431768573201394,35.097211043461456,36.3542183459742,-24.68966132715815,3.182674542995901e-05,25835.053215009153,0.5340781693963865,0.2924767586955121,0.5816573374545045,descent,15,GTF2035_wi,0,43031,1.237,3.16,3.16,10.61832513002342,1.5924108227727072,0.8142359973425138,18.176834973860995,12.606803469823314,26.846954125443048,1591753315241536.2,15.0740950261941,756.053250218443,1215.56127119833,0.003182674543,0.020257440969289,0.215884286600697,18.1771091729871,10.6570364404855,10.656697272494284,14.946000154052678,0.5207423791452944,397168494179369.94,4.652618352414998,3447394914303398.0,0.0010590626633453404,4.967650828553347e-06,3.16,35.8,2023-05-05 11:25:00,3.182674542995901e-05,0.5340776408770036,0.0,144,258.3505321500915,3.182674542995901e-05,-13.819393,-13.245,0.5340776408770036,0.0,0.0,0.4101129465267574,1154.9718150243814,14115.830027478221,-0.4725946532240693,0.8812799179284762,2.27024910106196,234.6553104295309,0.3148923653086101,0.0,1.0,226.11769188397577,28.117254249628648,59.047010148627045,0.5303971968754393,219.66028,3.229309420932478e-05,10120.316494925686,0.0,0.0041393273950899355,0.006662766,118.09402029725409,,,,0.0,0 days 00:00:00,,,,,,,,,,,,,,,,,,,,,0.0,,,,,,,,,,,,,,,,,,14115.830027478221,0.0,3.0405545e-05,1.2146869e-06,100756.805,0.5105443,-249.47443,0.0,0.0,1.0,-4.656869200532874e-13,1.5719781e-12,3.0456962e-16,0.0,0.0,0.0,7.480000000000001e-16,1.543435585093147e-14,1.106291248238501e-12,1213.2239632648518,3.0352426291025874e-14,6.123376446628027e-14,0.0,3.0405545e-05,1.2146869e-06,100756.805,0.5105443,-249.47443,0.0,0.0,1.0,-4.656869200532874e-13,1.5719781e-12,3.0456962e-16,0.0,0.0,0.0,7.480000000000001e-16,1.543435585093147e-14,1.106291248238501e-12,1213.2239632648518,3.0352426291025874e-14,6.123376446628027e-14,0.0
145,145,146,407463.0,BAW680,42.83537292480469,24.65645013853561,234.586666464,10142.22,0.8629959130802253,34610D,219.42859,-13.198204,-12.548798,241.8941035143336,63118.52695044809,0.4721473371012124,0.431318884708564,34.99133366233799,36.2269836406478,0.0,2.981607855318768e-05,25865.338820476758,0.5027076818652396,0.2915944471861499,0.5790101024316108,descent,15,GTF2035_wi,0,43031,1.237,3.16,3.16,10.44116278728732,1.5658631035632458,0.814583979555378,18.113253993829765,12.591798879990614,26.63003086208053,1595012274863121.8,15.0372909874878,755.270314648067,1217.84491346467,0.00298160785532,0.0202540116657844,0.215659442354282,18.1134918203239,10.6477396139057,10.6474221495305,14.709481280476007,0.5184462646475324,396997633700121.5,4.654854908394844,3449037502779838.5,0.001086967629480285,4.945448887230967e-06,3.16,35.8,2023-05-05 11:26:00,2.9816078553187677e-05,0.5027079765434933,0.0,145,258.65338820476757,2.9816078553187677e-05,-13.198204,-12.548798,0.5027079765434933,0.0,0.0,0.4106458215836755,1153.6485796812035,13881.014479287704,-0.4733711482531472,0.8808630744908637,2.2686324654107333,234.64759639504558,0.2963163878555065,0.0,1.0,226.02626585419216,28.117254249628648,57.20066741022837,0.4994902129946734,219.62189,3.0231756414932022e-05,10113.619666294886,0.0,0.004324509916635577,0.008110614,114.40133482045674,,,,0.0,0 days 00:00:00,,,,,,,,,,,,,,,,,,,,,0.0,,,,,,,,,,,,,,,,,,13881.014479287704,0.0,2.8883767e-05,1.6248792e-06,100670.74,0.4831426,-248.9437,0.0,0.0,1.0000000000000002,-4.661638368087962e-13,1.5699041e-12,3.3618862e-16,0.0,0.0,0.0,7.48e-16,1.5432813309340677e-14,1.1037403604602598e-12,1213.8680741523024,3.104797345031766e-14,6.116998928447632e-14,0.0,2.8883767e-05,1.6248792e-06,100670.74,0.4831426,-248.9437,0.0,0.0,1.0000000000000002,-4.661638368087962e-13,1.5699041e-12,3.3618862e-16,0.0,0.0,0.0,7.48e-16,1.5432813309340677e-14,1.1037403604602598e-12,1213.8680741523024,3.104797345031766e-14,6.116998928447632e-14,0.0
146,146,147,407463.0,BAW680,42.77618408203125,24.80625499378551,235.101110908,10142.22,0.8619728993722375,34610D,219.34233,-12.309141,-11.715231,241.5237298784655,63083.53561678575,0.46987378771275307,0.420373560379706,34.01593504374444,35.1915376444054,24.6692780073791,2.782921720498428e-05,25865.338820476758,0.4744075794725622,0.283466125364537,0.5618307195282793,descent,15,GTF2035_wi,0,43031,1.237,3.16,3.16,10.084215991623982,1.5123517629064245,0.8134966683209736,17.595586904849096,12.432191087999486,25.63454135761151,1568682822349942.5,14.7197909865095,751.260300063644,1213.72946692059,0.0027829217205,0.0200682950991395,0.210186780189853,17.5957688222027,10.4735743196673,10.47328285640384,14.44287571441829,0.506783395509383,383409201736933.06,4.655070273560626,3449211216122519.0,0.001106608530029767,4.674141511617057e-06,3.16,35.8,2023-05-05 11:27:00,2.7829217204984278e-05,0.4744077865736226,0.0,146,258.65338820476757,2.7829217204984278e-05,-12.309141,-11.715231,0.4744077865736226,0.0,0.0,0.410807314846603,1152.2806253574863,14271.765966301944,-0.4753508691196003,0.8797963123514673,2.2588991226253077,234.60104917381062,0.279400222916998,0.0,1.0,225.90821142494534,28.117254249628648,55.663083444005814,0.47170897817638247,219.52643,2.8208158139926262e-05,10114.388458277996,0.0,0.00449739902230192,0.009640096,111.32616688801163,,,,0.0,0 days 00:00:00,,,,,,,,,,,,,,,,,,,,,0.0,,,,,,,,,,,,,,,,,,14271.765966301944,0.0,2.7466735e-05,2.1010846e-06,100657.34,0.45993587,-248.63986,0.0,0.0,0.9999999999999999,-4.662430646786992e-13,1.5681921e-12,3.7289612e-16,0.0,0.0,0.0,7.480000000000002e-16,1.5446233875364486e-14,1.101949058078641e-12,1214.502488407024,3.0756872688138155e-14,5.961771463189824e-14,0.0,2.7466735e-05,2.1010846e-06,100657.34,0.45993587,-248.63986,0.0,0.0,0.9999999999999999,-4.662430646786992e-13,1.5681921e-12,3.7289612e-16,0.0,0.0,0.0,7.480000000000002e-16,1.5446233875364486e-14,1.101949058078641e-12,1214.502488407024,3.0756872688138155e-14,5.961771463189824e-14,0.0
147,147,148,407463.0,BAW680,42.71507263183594,24.959938742897727,237.673333128,10149.84,0.8609126943013704,34610D,219.18034,-10.841887,-10.450685,239.98926838724643,63049.51968174201,0.46617252509155666,0.398730080817052,32.21804987964563,33.328463439255,24.654900308137123,2.6178484786290805e-05,25835.053215009153,0.4550755267863418,0.2684837489970469,0.5304270839249349,descent,15,GTF2035_wi,0,43031,1.237,3.16,3.16,9.624611677334745,1.443439793849843,0.8086269601378714,16.66375402584029,12.125009556463985,24.0726584251562,1494961549710032.5,14.1156925521299,743.752617724985,1201.42625784163,0.00261784847863,0.0196983449727711,0.199365040408526,16.6642317196275,10.1209030852138,10.120638142242166,14.264957570171886,0.4863872721297093,356177598574963.7,4.653685594595309,3448258052989552.5,0.0011007025557702881,4.161661150782689e-06,3.16,35.8,2023-05-05 11:28:00,2.61784847862908e-05,0.4550756223889447,0.0,147,258.3505321500915,2.61784847862908e-05,-10.841887,-10.450685,0.4550756223889447,0.0,0.0,0.4106295630469071,1150.86295478191,14284.724369892661,-0.4775191414493038,0.878621345944611,2.2406073870372682,234.51309159452285,0.26759209584438254,0.0,1.0,225.77578136963385,28.117254249628648,54.84816315058592,0.4530262381127136,219.35788,2.6546914309923412e-05,10122.415918424707,0.0,0.004658366193711174,0.010711555,109.69632630117184,,,,0.0,0 days 00:00:00,,,,,,,,,,,,,,,,,,,,,0.0,,,,,,,,,,,,,,,,,,14284.724369892661,0.0,2.639341e-05,2.6215855e-06,100717.01,0.44511384,-248.50766,0.0,0.0,1.0,-4.659221974559471e-13,1.5665939e-12,4.1301806e-16,0.0,0.0,0.0,7.480000000000001e-16,1.5469749876311684e-14,1.1006716775169324e-12,1215.1542789237744,2.898397973462269e-14,5.654821904553898e-14,0.0,2.639341e-05,2.6215855e-06,100717.01,0.44511384,-248.50766,0.0,0.0,1.0,-4.659221974559471e-13,1.5665939e-12,4.1301806e-16,0.0,0.0,0.0,7.480000000000001e-16,1.5469749876311684e-14,1.1006716775169324e-12,1215.1542789237744,2.898397973462269e-14,5.654821904553898e-14,0.0
148,148,149,407463.0,BAW680,42.6536275572696,25.11340473973474,238.702222016,10157.46,0.8598184081476894,34610D,218.98906,-8.85481,-8.77063,237.15391113553912,63017.30163186236,0.46200718049494777,0.36996224609565,29.97698726767389,31.0139641272486,-49.27596395001755,2.543111246761865e-05,25804.79633031101,0.4525181216386417,0.2498082272306157,0.4910173793439702,descent,15,GTF2035_wi,0,43031,1.237,3.16,3.16,9.26726197319452,1.389853619197671,0.7994223710936743,15.506118230130047,11.724370957201351,22.130613462453628,1403296532313821.8,13.3527032681285,734.041982787234,1179.322333304,0.00254311124676,0.019150749991828,0.184981123047825,15.5069820636243,9.65921037697009,9.658964738751498,14.391803832135585,0.4598045586385685,321080079685435.25,4.652949986679104,3447839409401834.5,0.001043704610789363,3.509684582637552e-06,3.16,35.8,2023-05-05 11:29:00,2.5431112467618654e-05,0.45251854209119474,0.0,148,258.04796330311007,2.5431112467618654e-05,-8.85481,-8.77063,0.45251854209119474,0.0,0.0,0.41050690349912394,1149.399725807976,14149.168754622176,-0.4792164129006499,0.8776967754336539,2.2206545381368024,234.41641913640154,0.26559333769127214,0.0,1.0,225.67846947996458,28.117254249628648,54.77706014940356,0.45117698036428217,219.16273,2.58172538402139e-05,10130.071469925297,0.0,0.004801348675848942,0.011090476,109.55412029880712,,,,0.0,0 days 00:00:00,,,,,,,,,,,,,,,,,,,,,0.0,,,,,,,,,,,,,,,,,,14149.168754622176,0.0,2.5884974e-05,3.021416e-06,100779.72,0.43945596,-248.46648,0.0,0.0,0.9999999999999999,-4.655843551493669e-13,1.5647699e-12,4.4383833e-16,0.0,0.0,0.0,7.479999999999999e-16,1.5481249967245233e-14,1.0991855106686838e-12,1215.8071922093502,2.546579594692795e-14,5.246834171108196e-14,0.0,2.5884974e-05,3.021416e-06,100779.72,0.43945596,-248.46648,0.0,0.0,0.9999999999999999,-4.655843551493669e-13,1.5647699e-12,4.4383833e-16,0.0,0.0,0.0,7.479999999999999e-16,1.5481249967245233e-14,1.0991855106686838e-12,1215.8071922093502,2.546579594692795e-14,5.246834171108196e-14,0.0
149,149,150,407463.0,BAW680,42.592551021252646,25.26510549146076,233.557777576,10142.22,0.858691115363952,34610D,218.92848,-6.603231,-6.807329,233.7406984337631,62987.324644594686,0.4415401774640093,0.36077872908768,28.29200543329544,29.3263662178752,-49.238241798686914,2.5267494566079947e-05,25865.338820476758,0.4541761939975807,0.2357667119441286,0.4601791044922668,descent,15,GTF2035_wi,0,43031,1.237,3.16,3.16,6.463010894104705,0.9692883300230584,0.7880257209016174,14.662832553173727,11.408674650487695,20.628191079193723,1332381812756390.0,12.6058843922703,722.166448443009,1225.45486701191,0.00252674945661,0.0193012704409905,0.18038936454384,14.6631831089376,9.34598399081255,9.345747847179608,10.373963534107004,0.4282106906618904,319103352091614.56,4.658700719096912,3452216686715404.0,0.001784555930553989,3.147408325522805e-06,3.16,35.8,2023-05-05 11:30:00,2.5267494566079947e-05,0.4541766965436889,0.0,149,258.65338820476757,2.5267494566079947e-05,-6.603231,-6.807329,0.4541766965436889,0.0,0.0,0.4115838817293095,1147.8923748035536,14072.054429183645,-0.48013084650833726,0.8771968822511782,2.1442885263014166,234.0391794690048,0.26640937567656126,0.0,1.0,225.33611855515576,28.117254249628648,54.98553266393017,0.45343167666000644,219.09996,2.5677915792120822e-05,10114.727233668034,0.0,0.004887564968242941,0.011194795,109.97106532786034,,,,0.0,0 days 00:00:00,,,,,,,,,,,,,,,,,,,,,0.0,,,,,,,,,,,,,,,,,,14072.054429183645,0.0,2.5963556e-05,3.2994396e-06,100632.805,0.4385925,-248.41081,0.0,0.0,1.0,-4.663957911588038e-13,1.5614545e-12,4.652693e-16,0.0,0.0,0.0,7.480000000000001e-16,1.5449032789646807e-14,1.095058728856972e-12,1216.456189416756,4.2301887897519516e-14,5.116592798219806e-14,0.0,2.5963556e-05,3.2994396e-06,100632.805,0.4385925,-248.41081,0.0,0.0,1.0,-4.663957911588038e-13,1.5614545e-12,4.652693e-16,0.0,0.0,0.0,7.480000000000001e-16,1.5449032789646807e-14,1.095058728856972e-12,1216.456189416756,4.2301887897519516e-14,5.116592798219806e-14,0.0
150,150,151,407463.0,BAW680,42.53169250488281,25.41574651544744,236.64444424,10126.98,0.8575295292755474,34610D,218.8489,-4.3471627,-4.835991,229.3461757358958,62959.03263916139,0.4023013282783084,0.1995390673891906,16.63152668153904,15.0615386475465,-934.7263175312688,2.5358152000940385e-05,25925.99627713964,0.4615636784789843,0.138596055679492,0.2682797193045368,descent,15,GTF2035_wi,0,43031,1.237,3.16,3.16,6.478604469471601,0.9716263849838492,0.7733507660546549,7.531403811026381,8.747204851457571,8.885836240063009,778139670440840.2,8.35835929826607,666.764648285266,1028.78880909383,0.00253581520009,0.0154001359119778,0.0997695336945953,7.53076932377325,6.47848397344322,6.478319695227678,15.000659259148192,0.2963923796330491,146567435603629.38,4.646296807306446,3443025070029648.5,0.0007470079573333115,2.2250424313243649e-07,3.16,35.8,2023-05-05 11:31:00,2.535815200094038e-05,0.46156455943125435,0.0,150,259.2599627713964,2.535815200094038e-05,-4.3471627,-4.835991,0.46156455943125435,0.0,0.0,0.412699112623208,1146.3391817967959,13938.46206300375,-0.48127647460257805,0.876568853538679,2.0082148840427934,233.33650664562924,0.27053326537199396,0.0,1.0,224.70917287905385,28.117254249628648,56.09047601219926,0.4617816538956365,219.02232,2.582923472859537e-05,10098.9347619939,0.0,0.004892445272445229,0.010412569,112.18095202439852,,,,0.0,0 days 00:00:00,,,,,,,,,,,,,,,,,,,,,0.0,,,,,,,,,,,,,,,,,,13938.46206300375,0.0,2.638488e-05,3.2916205e-06,100488.92,0.44802713,-248.04242,0.0,0.0,1.0,-4.671912462780434e-13,1.5581259e-12,4.646666e-16,0.0,0.0,0.0,7.479999999999999e-16,1.539481743449424e-14,1.0909346794836127e-12,1217.1028699547612,9.756704778856992e-15,2.829879016838892e-14,0.0,2.638488e-05,3.2916205e-06,100488.92,0.44802713,-248.04242,0.0,0.0,1.0,-4.671912462780434e-13,1.5581259e-12,4.646666e-16,0.0,0.0,0.0,7.479999999999999e-16,1.539481743449424e-14,1.0909346794836127e-12,1217.1028699547612,9.756704778856992e-15,2.829879016838892e-14,0.0
151,151,152,407463.0,BAW680,42.47128244173729,25.56467455486919,226.869999804,9837.42,0.8563349941321685,34610D,220.50336,-0.46313393,-1.8601638,223.5448303222045,62942.40111247985,0.393685919368519,0.200043514661788,16.584661263797944,15.15971952097212,-860.6529090899091,3.190822886365543e-05,27100.55462966473,0.4917154598917473,0.1382055105316495,0.2615673639949936,descent,15,GTF2035_wi,0,43031,1.237,3.16,3.16,6.320930495176683,0.9479378845796312,0.7509555436291023,7.579761255439169,8.67607084036652,8.328306738215863,751824135802239.8,8.35642726951659,663.710156528847,1030.4373310972,0.00319082288637,0.0153863170403077,0.100021757330894,7.57985976048606,6.50069520008371,6.500487781031868,14.585756262754916,0.2901310328219243,198867473708564.1,4.7513140665041576,3520845551845388.5,0.0007820770710420452,2.932057847241421e-07,3.16,35.8,2023-05-05 11:32:00,3.1908228863655424e-05,0.49171501179113564,0.0,151,271.00554629664737,3.1908228863655424e-05,-0.46313393,-1.8601638,0.49171501179113564,6.620978e-06,2.1334075e-10,0.4281593340833969,1144.7419438173165,13387.890116427698,-0.48425826198298894,0.874925102909509,2.069378804231738,233.65740435307433,0.29288995202577356,0.0,1.0,225.1018209258878,28.117254249628648,58.95749105733665,0.4927046984191924,220.70564,3.265316445452449e-05,9807.941254471332,0.0,0.0038976450297508337,0.008796908,117.9149821146733,,,,0.0,0 days 00:00:00,,,,,,,,,,,,,,,,,,,,,0.0,,,,,,,,,,,,,,,,,,13387.890116427698,0.0,3.410135e-05,2.2718511e-06,97768.7,0.46763918,-247.85207,0.0,0.0,1.0,-4.821282902951956e-13,1.5367785e-12,3.8605938e-16,0.0,0.0,0.0,7.479999999999999e-16,1.484451205661972e-14,1.054650206753932e-12,1217.7421227477307,9.8999664359758e-15,2.83703312841465e-14,0.0,3.410135e-05,2.2718511e-06,97768.7,0.46763918,-247.85207,0.0,0.0,1.0,-4.821282902951956e-13,1.5367785e-12,3.8605938e-16,0.0,0.0,0.0,7.479999999999999e-16,1.484451205661972e-14,1.054650206753932e-12,1217.7421227477307,9.8999664359758e-15,2.83703312841465e-14,0.0
152,152,153,407463.0,BAW680,42.41290283203125,25.707321166992188,222.239999808,9570.72,0.8551160490918458,34610D,222.26282,2.426669,-0.72041667,217.6257919412472,62925.81645121605,0.38369172510889904,0.1919007006462726,15.932450139564994,14.55895044258996,-910.736725006314,4.0445953895841584e-05,28220.15301166464,0.5204715104370836,0.1327704178297082,0.2470400763067817,descent,15,GTF2035_wi,0,43031,1.237,3.16,3.16,6.4975701325834825,0.9743727194655049,0.7281723228844309,7.279652048345295,8.388565881724707,7.19432138317435,698299737915861.8,8.13474059585103,658.76707258137,1012.80912713922,0.00404459538958,0.0151491999377818,0.0959503503231363,7.27947522129498,6.33369093531059,6.3334347734997385,15.388630595113783,0.2802330515561149,268215434835315.38,4.84593648488551,3590955127974815.0,0.0007019376140100499,3.85192171176858e-07,3.16,35.8,2023-05-05 11:33:00,4.0445953895841584e-05,0.5204711596343022,0.0,152,282.20153011664644,4.0445953895841584e-05,2.426669,-0.72041667,0.5204711596343022,0.00015244109,3.041637e-09,0.44231838655711564,1143.1120759863393,12940.623537726264,-0.4848089570821412,0.8746200747369836,2.119942272830645,233.91641169499573,0.3153936243095686,0.0,1.0,225.44105388428127,28.117254249628648,63.43203897367765,0.519778921012164,222.50899,4.14484943977415e-05,9539.00398051316,0.0,0.002520207883187595,0.007887876,126.8640779473553,,,,0.0,0 days 00:00:00,,,,,,,,,,,,,,,,,,,,,0.0,,,,,,,,,,,,,,,,,,12940.623537726264,0.0,4.2921856e-05,1.2832055e-06,95181.29,0.49604976,-248.05196,0.0,0.0,1.0,-4.963477003529295e-13,1.517133e-12,3.0985127e-16,0.0,0.0,0.0,7.480000000000001e-16,1.432806007526341e-14,1.0207852935801354e-12,1218.357049947879,8.25012883226091e-15,2.7215510886214905e-14,0.0,4.2921856e-05,1.2832055e-06,95181.29,0.49604976,-248.05196,0.0,0.0,1.0,-4.963477003529295e-13,1.517133e-12,3.0985127e-16,0.0,0.0,0.0,7.480000000000001e-16,1.432806007526341e-14,1.0207852935801354e-12,1218.357049947879,8.25012883226091e-15,2.7215510886214905e-14,0.0
153,153,154,407463.0,BAW680,42.35641479492188,25.84502480246804,216.581110924,9288.78,0.8538697574689039,34610D,224.45428,4.344446,0.9395936,212.53776660631576,62909.88400107649,0.3845228644304943,0.1987716036264336,16.580601365378854,15.47468568279044,-937.5849916565558,5.207411941747169e-05,29444.15627541902,0.5336584052995814,0.1381716780448237,0.2542612404278335,descent,15,GTF2035_wi,0,43031,1.237,3.16,3.16,6.860175290271432,1.0286690559534244,0.7076677174481621,7.736612723995843,8.609116721037212,7.397790706968982,707903541876855.2,8.40102067802496,661.63264341008,1013.9826410661,0.00520741194175,0.0152739650109051,0.0993858018132168,7.73734284139522,6.50687635740025,6.506537535187649,15.814984123292996,0.285904931122861,232477797892475.0,4.938050546649266,3659086285638724.0,0.000678585953962692,3.3825778264146574e-07,3.16,35.8,2023-05-05 11:34:00,5.207411941747169e-05,0.533659285460507,0.0,153,294.4415627541903,5.207411941747169e-05,4.344446,0.9395936,0.533659285460507,0.00040068742,1.3858945e-09,0.4569973394930882,1141.4456526015617,12904.845558158388,-0.4861666206596479,0.8738661321715003,2.2149004714637948,234.38839769340873,0.33040143904002256,0.0,1.0,225.94407791394926,28.117254249628648,67.95092820223933,0.5323796334049999,224.7429,5.3536457435132406e-05,9254.80453589888,0.0,0.0014255788617271038,0.007540844,135.90185640447865,,,,0.0,0 days 00:00:00,,,,,,,,,,,,,,,,,,,,,0.0,,,,,,,,,,,,,,,,,,12904.845558158388,0.0,5.263367e-05,4.916988e-07,92355.68,0.52290887,-248.36957,0.0,0.0,1.0,-5.118861649782747e-13,1.4970651e-12,2.4883927e-16,0.0,0.0,0.0,7.480000000000001e-16,1.3804164570743127e-14,9.851788681926794e-13,1218.9520527352634,7.973069422952762e-15,2.818994784358372e-14,0.0,5.263367e-05,4.916988e-07,92355.68,0.52290887,-248.36957,0.0,0.0,1.0,-5.118861649782747e-13,1.4970651e-12,2.4883927e-16,0.0,0.0,0.0,7.480000000000001e-16,1.3804164570743127e-14,9.851788681926794e-13,1218.9520527352634,7.973069422952762e-15,2.818994784358372e-14,0.0
154,154,155,407463.0,BAW680,42.2999267578125,25.982104214754973,214.008888704,8999.220000000001,0.8525918825487472,34610D,226.99585,4.599634,3.883513,209.22285696132548,62893.30339971111,0.3864940961206978,0.215744838043566,17.92557225335096,17.14966292313768,-965.7268623523807,6.884144432109408e-05,30745.63335831328,0.5420471695189643,0.1493797687779246,0.2736102707537937,descent,15,GTF2035_wi,0,43031,1.237,3.16,3.16,6.9057302715286,1.035384140283306,0.6927194466853512,8.574706651252422,9.1038463383006,8.215918470006011,746519380887477.4,8.91801694273299,668.361517574439,1036.78962829892,0.00688414443211,0.0156805161300874,0.107872419021783,8.57483146156884,6.87939211482973,6.878918560140683,15.058438123901391,0.2997035536418351,136829828558741.69,5.032296645501536,3728708971222697.5,0.0007578623452237763,2.12697844966435e-07,3.16,35.8,2023-05-05 11:35:00,6.884144432109405e-05,0.5420469131554713,0.0,154,307.4563335831328,6.884144432109405e-05,4.599634,3.883513,0.5420469131554713,0.0006259111,0.0,0.47185436324946706,1139.7370100993205,12716.186574562853,-0.4890101395234065,0.8722780998301507,2.3202672155494892,234.89161158057289,0.34407586894642633,0.44793902970033417,0.0,226.4709939198274,,,,,,,,,,,,,,0.0,0 days 00:00:00,,,,,,,,,,,,,,,,,,,,,0.0,,,,,,,,,,,,,,,,,,0.0,0.0,7.2751216e-05,1.5858528e-07,89557.086,0.5478776,-248.70346,0.0,0.0,1.0,-5.272881316654687e-13,1.52756e-12,2.232917e-16,0.0,0.0,0.0,7.480000000000001e-16,1.397482585465586e-14,1.0002718585725321e-12,1219.5470555226482,9.81296034811963e-15,3.059710552720897e-14,0.0,7.2751216e-05,1.5858528e-07,89557.086,0.5478776,-248.70346,0.0,0.0,0.8508733283373442,-5.272881316654687e-13,1.52756e-12,2.232917e-16,0.0,0.0,0.0,7.480000000000001e-16,1.397482585465586e-14,1.0002718585725321e-12,1219.5470555226482,9.81296034811963e-15,3.059710552720897e-14,0.0
155,155,156,407463.0,BAW680,42.24394226074219,26.116811578924004,211.436666484,8702.04,0.8512868679130345,34610D,229.85912,3.6144574,6.52329,208.1425099882724,62875.37782745776,0.3781157177914603,0.21885671262789,18.04271240063568,17.10823683624538,-969.7720728583585,8.665357486336588e-05,32129.4059030942,0.5087473499671139,0.1503559366719639,0.27579433749281,descent,15,GTF2035_wi,0,43031,1.237,3.16,3.16,6.752392621531169,1.0122737742701386,0.6848368808773122,8.553765339680464,9.169131009120589,7.661321982987859,720342285296626.2,8.97735327807566,670.216388646728,1045.60314630287,0.00866535748634,0.0157988834880616,0.109428356313945,8.55411841812269,6.92633478793829,6.925734648272463,14.624786616516058,0.3035945626326033,137641508367772.58,5.1277506483026265,3799112126028522.5,0.0008020631105816153,2.690068350169972e-07,3.16,35.8,2023-05-05 11:36:00,8.665357486336587e-05,0.5087473134497563,0.0,155,321.29405903094204,8.665357486336587e-05,3.6144574,6.52329,0.5087473134497563,0.00097559637,0.0,0.4869489170113731,1137.9920886601699,12499.586928362954,-0.4885516317400502,0.8725349867622125,2.392065640469264,235.22305306542864,0.33217125435886263,0.7938471018605029,0.0,226.7193479380253,,,,,,,,,,,,,,0.0,0 days 00:00:00,,,,,,,,,,,,,,,,,,,,,0.0,,,,,,,,,,,,,,,,,,0.0,0.0,0.00010633958,9.252714e-08,86742.2,0.57277113,-249.3809,0.0,0.0,1.0,-5.427911769383528e-13,1.6027652e-12,2.189465e-16,0.0,0.0,0.0,7.480000000000001e-16,1.4746608626403258e-14,1.059974009726519e-12,1220.1361915483021,1.116387283153118e-14,3.1038434070257464e-14,0.0,0.00010633958,9.252714e-08,86742.2,0.57277113,-249.3809,0.0,0.0,0.5741188193811594,-5.427911769383528e-13,1.6027652e-12,2.189465e-16,0.0,0.0,0.0,7.480000000000001e-16,1.4746608626403258e-14,1.059974009726519e-12,1220.1361915483021,1.116387283153118e-14,3.1038434070257464e-14,0.0
156,156,157,407463.0,BAW680,42.18896484375,26.24914689497514,207.835555376,8404.86,0.8499518989149819,34610D,232.75214,2.4542158,7.6910887,206.9920901832658,62857.335115057125,0.3620143539062057,0.21378370684834,17.355211128665626,16.08896409946588,-973.5259056274512,0.000121192186287,33563.18238101127,0.5329504567300511,0.1446267594055469,0.2657324084002392,descent,15,GTF2035_wi,0,43031,1.237,3.16,3.16,6.388770638533119,0.9575413266985976,0.6768058549917841,8.043957574048557,8.93612781469902,6.316316021505349,656857660983021.4,8.7421240090564,668.465177195023,1048.98961192915,0.0121192186287,0.01579214297389,0.10689185342417,8.04448204973294,6.76867310541068,6.7678528945219245,14.16049598777592,0.2999210029954305,133635233627316.22,5.223023976528551,3869362630666853.0,0.0008397927768103953,2.0811940049156181e-07,3.16,35.8,2023-05-05 11:37:00,0.00012119218628704609,0.5329500970585667,0.0,156,335.6318238101128,0.00012119218628704609,2.4542158,7.6910887,0.5329500970585667,0.0015744235,3.4549932e-10,0.5023563530724571,1136.207125729949,12295.009084390791,-0.48966972987009855,0.8719079972387824,2.4358197096906506,235.42074418552903,0.35804960123147883,0.9583262588837212,0.0,227.02451160465426,,,,,,,,,,,,,,0.0,0 days 00:00:00,,,,,,,,,,,,,,,,,,,,,0.0,,,,,,,,,,,,,,,,,,0.0,0.0,0.00014882935,3.1101195e-08,83822.13,0.60702837,-250.19414,0.0,0.0,1.0,-5.588834268121383e-13,1.6813867e-12,2.1606938e-16,0.0,0.0,0.0,7.479999999999999e-16,1.5556612259191424e-14,1.1225032982599765e-12,1220.710174435404,1.2091651291810906e-14,3.0318976332197057e-14,0.0,0.00014882935,3.1101195e-08,83822.13,0.60702837,-250.19414,0.0,0.0,0.2873635237977442,-5.588834268121383e-13,1.6813867e-12,2.1606938e-16,0.0,0.0,0.0,7.479999999999999e-16,1.5556612259191424e-14,1.1225032982599765e-12,1220.710174435404,1.2091651291810906e-14,3.0318976332197057e-14,0.0
157,157,158,407463.0,BAW680,42.134765625,26.37911016290838,202.176666492,8107.68,0.8485892452678052,34610D,235.50731,1.5240203,7.898433,204.83728861603805,62839.979903928455,0.33899132758982936,0.197472139389762,15.70846425755181,14.0626393608139,-976.580551791111,0.0002127834496455,35048.33357414719,0.7172383644480804,0.1309038688129317,0.2401513161620153,descent,15,GTF2035_wi,0,43031,1.237,3.16,3.16,6.27575601701225,0.9400280255374038,0.6658310456543555,7.031229344268018,8.316794153646256,4.041812964977927,549500536792559.75,8.23214416998611,663.388880748571,1030.19637869858,0.0212783449646,0.0154267030951424,0.098736069694881,7.03131968040695,6.40033512578402,6.39897353012209,14.71157236028404,0.2894774898389089,201607289816756.44,5.31900275563658,3940155509465671.0,0.0007640639783805879,2.965614223969576e-07,3.16,35.8,2023-05-05 11:38:00,0.0002127834496455274,0.7172380885632136,0.0,157,350.483335741472,0.0002127834496455274,1.5240203,7.898433,0.7172380885632136,0.0077513,3.6403634e-07,0.5184482710423167,1134.3851554784917,12008.309606548099,-0.49249809320306936,0.8703135229279968,2.455203171945064,235.50732097958647,0.49515961868530006,0.9999999960508348,0.0,227.8290196280124,,,,,,,,,,,,,,0.0,0 days 00:00:00,,,,,,,,,,,,,,,,,,,,,0.0,,,,,,,,,,,,,,,,,,0.0,0.0,0.0002067299,-2.72915e-08,80807.91,0.67669225,-250.56696,0.0,0.0,0.9999999999999999,-5.75504897456522e-13,1.7641443e-12,2.138358e-16,0.0,0.0,0.0,7.480000000000001e-16,1.641414827420867e-14,1.1886394214245075e-12,1221.276032668816,1.076061112291293e-14,2.8005656785967567e-14,0.0,0.0002067299,-2.72915e-08,80807.91,0.67669225,-250.56696,0.0,0.0,0.0,-5.75504897456522e-13,1.7641443e-12,2.138358e-16,0.0,0.0,0.0,7.480000000000001e-16,1.641414827420867e-14,1.1886394214245075e-12,1221.276032668816,1.076061112291293e-14,2.8005656785967567e-14,0.0
158,158,159,407463.0,BAW680,42.08152770996094,26.50570262562145,202.176666492,7810.5,0.8472030214724829,34610D,238.091,1.4031515,6.048528,200.86191841119617,62824.271439670905,0.3248598063656319,0.1934917752735438,15.154055155053747,13.46611512032482,-979.134586532378,0.0003064760726574,36586.25608468333,0.8121897565476389,0.1262837929587812,0.230331904887419,descent,15,GTF2035_wi,0,43031,1.237,3.16,3.16,6.061601429609054,0.9073824786411964,0.649356655200682,6.733629079039913,8.08806753455635,2.959570967978244,498418438598585.5,8.06348320085801,660.671954092774,1029.69405013217,0.0306476072657,0.0153823075122303,0.0967458876367719,6.73305756016241,6.28942618393568,6.287499215869164,14.462179882467188,0.2839946116647341,240662329887485.0,5.416956174900389,4012470720706541.0,0.0007800496823496003,3.484583345277383e-07,3.16,35.8,2023-05-05 11:39:00,0.00030647607265749414,0.8121905547690773,0.0,158,365.8625608468333,0.00030647607265749414,1.4031515,6.048528,0.8121905547690773,0.028701793,1.01693e-06,0.5353248938960532,1132.531678163452,12009.482565760929,-0.49287534014772083,0.8700999362569041,2.5094948903828382,235.74663804472996,0.5752294433937062,inf,0.0,228.54401832531784,,,,,,,,,,,,,,0.0,0 days 00:00:00,,,,,,,,,,,,,,,,,,,,,0.0,,,,,,,,,,,,,,,,,,0.0,0.0,0.0002400948,-4.0122693e-08,77990.01,0.65030843,-250.77287,0.0,0.0,1.0000000000000002,-5.910571916240467e-13,1.900491e-12,2.1403028e-16,0.0,0.0,0.0,7.480000000000001e-16,1.798466903529752e-14,1.3094337497794582e-12,1221.8318545653185,1.1858221392782086e-14,2.7441158362714206e-14,0.0,0.0002400948,-4.0122693e-08,77990.01,0.65030843,-250.77287,0.0,0.0,0.0,-5.910571916240467e-13,1.900491e-12,2.1403028e-16,0.0,0.0,0.0,7.480000000000001e-16,1.798466903529752e-14,1.3094337497794582e-12,1221.8318545653185,1.1858221392782086e-14,2.7441158362714206e-14,0.0
159,159,160,407463.0,BAW680,42.02824401855469,26.63217024369673,198.575555384,7513.320000000001,0.8457854836252138,34610D,240.62564,1.2362585,3.5776308,196.73032578218653,62809.117384515856,0.30901915879347625,0.1827977004589088,14.196607716349725,12.355668898322,-1006.8832779627838,0.0003332772511432,38178.372603429336,0.7020276930277631,0.1183050643029143,0.2143507589949957,descent,15,GTF2035_wi,0,43031,1.237,3.16,3.16,6.32202178336291,0.9461962814628097,0.6326413096165705,6.178620259324213,7.709474248498167,1.4755199263198502,428370851048824.25,7.76859003580441,656.859452506872,1007.76251511269,0.0333277251143,0.0151015198352752,0.0913988502294544,6.177834449161,6.05229481710567,6.050278396952882,15.672216043697231,0.2764673639330002,282865252531056.44,5.51531191468023,4085071545645577.0,0.0006648766252092468,4.0352303635342514e-07,3.16,35.8,2023-05-05 11:40:00,0.00033327725114323136,0.7020281853043168,0.0,159,381.7837260342934,0.00033327725114323136,1.2362585,3.5776308,0.7020281853043168,0.101890355,1.7290861e-06,0.5527362642793269,1130.6363418553417,11781.918294213503,-0.4946939734065902,0.8690672428961984,2.5587258285260637,235.95972090961368,0.5098416707127322,inf,0.0,228.3340132264586,,,,,,,,,,,,,,0.0,0 days 00:00:00,,,,,,,,,,,,,,,,,,,,,0.0,,,,,,,,,,,,,,,,,,0.0,0.0,0.00026479378,-5.636764e-08,75070.3,0.5982588,-250.14519,0.0,0.0,1.0,-6.071811486030657e-13,2.0406335e-12,2.152825e-16,0.0,0.0,0.0,7.480000000000001e-16,1.959816287814833e-14,1.4334523365375724e-12,1222.3881543826255,1.0453128767335162e-14,2.5924516117242817e-14,0.0,0.00026479378,-5.636764e-08,75070.3,0.5982588,-250.14519,0.0,0.0,0.0,-6.071811486030657e-13,2.0406335e-12,2.152825e-16,0.0,0.0,0.0,7.480000000000001e-16,1.959816287814833e-14,1.4334523365375724e-12,1222.3881543826255,1.0453128767335162e-14,2.5924516117242817e-14,0.0
160,160,161,407463.0,BAW680,41.97578042240466,26.75598854242369,194.974444276,7208.52,0.8443430938349662,34610D,243.29057,1.1629677,1.235545,192.37964835957635,62794.9207767995,0.3150486153567754,0.1950405558767948,15.26947433107342,13.7443692272747,-958.8109943578156,0.0003014213096219,39869.12713248813,0.5010816035951775,0.1272456194256118,0.2292120103634654,descent,15,GTF2035_wi,0,43031,1.237,3.16,3.16,6.45456813843313,0.9662396763836388,0.615252932986161,6.871754619321668,8.12674944301316,2.0863461004710726,457202002209049.94,8.14985929496666,661.684798300413,1023.12321534547,0.0301421309622,0.0154288755160374,0.0975202779383974,6.87218461363735,6.32063417953117,6.318729579786083,15.321818474806456,0.2860110252161592,227944736468125.88,5.616567685966649,4159800350571621.0,0.0007074103230411881,3.317579337394249e-07,3.16,35.8,2023-05-05 11:41:00,0.00030142130962197667,0.5010816725387824,0.0,160,398.69127132488137,0.00030142130962197667,1.1629677,1.235545,0.5010816725387824,0.20388307,1.5092942e-06,0.5708919254702879,1128.7077850674186,11610.347795912568,-0.516428175990725,0.8563305080650184,2.69548796098737,236.53318178650377,0.37363733014870254,inf,0.0,228.12368247413988,,,,,,,,,,,,,,0.0,0 days 00:00:00,,,,,,,,,,,,,,,,,,,,,0.0,,,,,,,,,,,,,,,,,,0.0,0.0,0.00028930066,-6.947746e-08,71967.65,0.51485425,-249.57314,0.0,0.0,0.9999999999999999,-6.243229881955748e-13,2.1879954e-12,2.1675475e-16,0.0,0.0,0.0,7.480000000000001e-16,2.1292495739208935e-14,1.5636723835331896e-12,1222.933636982029,1.2944740108219504e-14,2.7660807666891746e-14,0.0,0.00028930066,-6.947746e-08,71967.65,0.51485425,-249.57314,0.0,0.0,0.0,-6.243229881955748e-13,2.1879954e-12,2.1675475e-16,0.0,0.0,0.0,7.480000000000001e-16,2.1292495739208935e-14,1.5636723835331896e-12,1222.933636982029,1.2944740108219504e-14,2.7660807666891746e-14,0.0
161,161,162,407463.0,BAW680,41.92181396484375,26.876116665926848,192.9166665,6918.96,0.8428971976114031,34610D,245.67416,0.32265052,-0.028535932,189.0862772560604,62779.65130246843,0.3278344479413615,0.1921142172599024,15.733434942463395,14.33294779553836,-986.1596925591016,0.000319918506655,41531.01048705535,0.4334642846087794,0.1311119578538616,0.2345129242054575,descent,15,GTF2035_wi,0,43031,1.237,3.16,3.16,8.639777001657151,1.2932025256923698,0.6017796394347434,7.166494716309158,8.297736246088116,2.0553714983807247,455739993092895.75,8.44007997931763,669.280238201868,972.933459511177,0.0319918506655,0.0150465960722406,0.0960571086299512,7.16647389776918,6.3839760281175,6.381934329217327,20.295480300741207,0.3016307766573513,112228095667190.4,5.711557953133539,4229839212521157.0,0.0004561462390062712,1.952865140610019e-07,3.16,35.8,2023-05-05 11:42:00,0.0003199185066550638,0.4334643660173334,0.0,161,415.3101048705536,0.0003199185066550638,0.32265052,-0.028535932,0.4334643660173334,0.28813073,1.5030826e-06,0.5889188658032364,1126.7745422469573,11406.861399107225,-0.5208999629359441,0.8536177297908778,2.8613012892062457,237.19490641559392,0.33093701539896214,inf,0.0,228.52257283286409,,,,,,,,,,,,,,0.0,0 days 00:00:00,,,,,,,,,,,,,,,,,,,,,0.0,,,,,,,,,,,,,,,,,,0.0,0.0,0.00031306397,-4.0962284e-08,69168.445,0.4643139,-248.40167,0.0,0.0,1.0,-6.398066482355038e-13,2.3725937e-12,2.167685e-16,0.0,0.0,0.0,7.480000000000001e-16,2.3491000860952445e-14,1.732787104207093e-12,1223.49204015842,9.110874442054652e-15,2.7245791983173175e-14,0.0,0.00031306397,-4.0962284e-08,69168.445,0.4643139,-248.40167,0.0,0.0,0.0,-6.398066482355038e-13,2.3725937e-12,2.167685e-16,0.0,0.0,0.0,7.480000000000001e-16,2.3491000860952445e-14,1.732787104207093e-12,1223.49204015842,9.110874442054652e-15,2.7245791983173175e-14,0.0
162,162,163,407463.0,BAW680,41.86833785752118,26.99366369912791,189.315555392,6621.780000000001,0.8414297372290264,34610D,248.19987,-0.63734573,-1.322672,187.10351829240184,62763.91786752597,0.362296990427296,0.306031382313434,24.4682340011184,25.4994125346176,-303.9312857025476,0.0003325724378567,43294.510101342894,0.36407130988736,0.2039019500093199,0.3629072670713341,descent,15,GTF2035_wi,0,43031,1.237,3.16,3.16,7.024191792827844,1.051292716335663,0.5924318107542246,12.750430628472811,10.78549158522609,9.453833954329872,804949307374696.2,11.506008893712,701.205253906707,1143.15008602722,0.0332572437857,0.0176036209881337,0.153015691156717,12.7497062673088,8.69228502816907,8.689395174832276,12.13182906821596,0.3753097763289685,243468475650632.9,5.8066716712101965,4299871866911445.0,0.0012564313889828602,1.8188487742005297e-06,3.16,35.8,2023-05-05 11:43:00,0.0003325724378567231,0.3640716843262491,0.0,162,432.94510101342894,0.0003325724378567231,-0.63734573,-1.322672,0.3640716843262491,0.35829544,1.1967239e-06,0.607678301050549,1124.8124740630594,11230.689875261645,-0.5292037617636222,0.8484947722497951,3.1440282958135435,238.24872602115255,0.2849940706808392,inf,0.0,229.27169016548729,,,,,,,,,,,,,,0.0,0 days 00:00:00,,,,,,,,,,,,,,,,,,,,,0.0,,,,,,,,,,,,,,,,,,0.0,0.0,0.00032568083,7.2124027e-09,66221.25,0.39485058,-247.17892,0.0,0.0,1.0,-6.561164104654267e-13,2.5734757e-12,2.1544258e-16,0.0,0.0,0.0,7.48e-16,2.5889113267600097e-14,1.9173592832779694e-12,1224.0453695696804,4.4234333970716183e-14,4.340161546479706e-14,0.0,0.00032568083,7.2124027e-09,66221.25,0.39485058,-247.17892,0.0,0.0,0.0,-6.561164104654267e-13,2.5734757e-12,2.1544258e-16,0.0,0.0,0.0,7.48e-16,2.5889113267600097e-14,1.9173592832779694e-12,1224.0453695696804,4.4234333970716183e-14,4.340161546479706e-14,0.0
163,163,164,407463.0,BAW680,41.81483459472656,27.108639803799715,187.257777616,6530.34,0.8399447401570389,34610D,249.04308,-1.4146421,-1.8229012,184.9887596766238,62739.44963352485,0.3147593195752056,0.23449553830776,18.009938254800655,17.16916917752742,-887.7806269344605,0.0003717809730116,43849.1550078052,0.3790255642412032,0.1500828187900054,0.2666784300646346,descent,15,GTF2035_wi,0,43031,1.237,3.16,3.16,5.240880766999693,0.784183655298961,0.5847433640803107,8.584803546524787,9.139503341465806,3.568028088139909,527137769806474.3,9.08610661529829,670.586684615961,1104.68946890608,0.0371780973012,0.0165560782568025,0.11724776915388,8.58458458876371,7.08185642367967,7.079224502705888,11.114431756924793,0.3043753209202079,157196276556202.22,5.838373590477544,4323295244903941.0,0.0013069231651396888,3.204132352771073e-07,3.16,35.8,2023-05-05 11:44:00,0.00037178097301161734,0.37902553190362614,0.0,163,438.491550078052,0.00037178097301161734,-1.4146421,-1.8229012,0.37902553190362614,0.6902675,1.2999692e-06,0.6133794175203219,1122.826964412632,10921.532669172644,-0.795614337956938,0.6058034542963114,2.9634994910403387,237.58605078058116,0.29918539558831614,inf,0.0,228.73135886653,,,,,,,,,,,,,,0.0,0 days 00:00:00,,,,,,,,,,,,,,,,,,,,,0.0,,,,,,,,,,,,,,,,,,0.0,0.0,0.00036399998,6.2961206e-08,65295.297,0.40216678,-243.70572,0.0,0.0,0.9999999999999999,-6.612943100708163e-13,2.6401856e-12,2.1758704e-16,0.0,0.0,0.0,7.48e-16,2.669117309006324e-14,1.978891234503563e-12,1224.5989799647684,3.6387968909552727e-14,3.325634483923717e-14,0.0,0.00036399998,6.2961206e-08,65295.297,0.40216678,-243.70572,0.0,0.0,0.0,-6.612943100708163e-13,2.6401856e-12,2.1758704e-16,0.0,0.0,0.0,7.48e-16,2.669117309006324e-14,1.978891234503563e-12,1224.5989799647684,3.6387968909552727e-14,3.325634483923717e-14,0.0
164,164,165,407463.0,BAW680,41.73668812897245,27.188351653343027,181.084444288,6263.64,0.8387721071593828,34610D,251.29906,-2.1694021,-2.8066833,184.53146077899552,62721.43969527005,0.2210771481959359,0.1555078650942006,11.561439631710163,8.01691413238734,-1422.6242541757592,0.0004709604820433,45499.818771015496,0.3991215650926443,0.0963453302642513,0.1705726636667821,descent,15,GTF2035_wi,0,43031,1.237,3.16,3.16,6.498845072114234,0.971766061609247,0.5806737355281038,4.007490288660709,6.642576091487879,2.783842583590404,2046114641593440.8,6.72145434551215,643.183491179679,967.265029538258,0.0470960482043,0.014978769878182,0.0777539325471003,4.00845706619367,5.1909424591906,5.188498881256403,18.77632937462517,0.2467182812805987,472612683350473.25,5.920821858374553,4383894127657869.0,0.0004644289837795483,6.556515724996748e-07,3.16,35.8,2023-05-05 11:45:00,0.00047096048204337037,0.3991215794316905,0.0,164,454.998187710155,0.00047096048204337037,-2.1694021,-2.8066833,0.3991215794316905,0.94575405,6.149629e-07,0.6307557983413655,1121.259020125006,10604.622360549285,-0.4307260128480892,0.9024827432455358,2.7054475995445144,236.57393121514727,0.3221550859417943,inf,0.0,227.9117914910908,,,,,,,,,,,,,,0.0,0 days 00:00:00,,,,,,,,,,,,,,,,,,,,,0.0,,,,,,,,,,,,,,,,,,0.0,0.0,0.00046022044,1.6602523e-07,62602.59,0.39970008,-242.24792,0.0,0.0,1.0,-6.762564839231501e-13,2.8345004e-12,2.2376226e-16,0.0,0.0,0.0,7.48e-16,2.902893389023559e-14,2.1582439713246642e-12,1225.4063370463023,9.352408352219439e-15,2.20542498339516e-14,0.0,0.00046022044,1.6602523e-07,62602.59,0.39970008,-242.24792,0.0,0.0,0.0,-6.762564839231501e-13,2.8345004e-12,2.2376226e-16,0.0,0.0,0.0,7.48e-16,2.902893389023559e-14,2.1582439713246642e-12,1225.4063370463023,9.352408352219439e-15,2.20542498339516e-14,0.0
165,165,166,407463.0,BAW680,41.695587158203125,27.30352228338068,190.34444428,5836.92,0.8371465268331503,34610D,254.38936,-1.8725145,-2.6172771,183.8456170409017,62709.87825563834,0.28335598433858805,0.20319990096549,15.535359920549238,13.47671484974996,-1042.4543818212032,0.0008548122084697,48245.27240847915,0.5705469973246373,0.1294613326712436,0.2261382287677678,descent,15,GTF2035_wi,0,43031,1.237,3.16,3.16,6.895154520721449,1.0283791158446192,0.5749909473461825,6.738452318919897,8.154681473265024,0.9326499806825774,665432773465742.0,8.4204036701985,665.492583471918,1026.51319422698,0.085481220847,0.0156810387695501,0.101599950482745,6.73835742487498,6.47915944701542,6.473625712723121,15.971155825473332,0.293777605573216,177960507639973.78,6.0500412636567305,4478786089213669.0,0.0006589620337997334,2.663892068932613e-07,3.16,35.8,2023-05-05 11:46:00,0.0008548122084697571,0.570547560518584,0.0,165,482.4527240847915,0.0008548122084697571,-1.8725145,-2.6172771,0.570547560518584,1.1945462,2.834993e-07,0.6606908146397795,1119.0855833607739,11120.003261315258,-0.10684782871328428,0.994275385141992,3.119025305394907,238.15898682979704,0.4747949356722065,inf,0.0,230.16196167344967,,,,,,,,,,,,,,0.0,0 days 00:00:00,,,,,,,,,,,,,,,,,,,,,0.0,,,,,,,,,,,,,,,,,,0.0,0.0,0.0008345628,3.743285e-07,58386.375,0.53348345,-240.08827,0.0,0.0,1.0,-6.995806740216034e-13,3.1615105e-12,2.3979198e-16,0.0,0.0,0.0,7.479999999999999e-16,3.299288019752715e-14,2.46192986227238e-12,1225.8277830024076,1.9779295184803875e-14,2.881797251484657e-14,0.0,0.0008345628,3.743285e-07,58386.375,0.53348345,-240.08827,0.0,0.0,0.0,-6.995806740216034e-13,3.1615105e-12,2.3979198e-16,0.0,0.0,0.0,7.479999999999999e-16,3.299288019752715e-14,2.46192986227238e-12,1225.8277830024076,1.9779295184803875e-14,2.881797251484657e-14,0.0
166,166,167,407463.0,BAW680,41.68482971191406,27.436606667258523,184.685555396,5524.5,0.8352007635315998,34610D,256.6175,-1.5034935,-2.2499604,181.94533487886767,62694.34289571779,0.28940229197820855,0.221070391460568,16.891155499273502,15.13118916442744,-1017.0112173518652,0.0012034902638444,50339.16226230437,0.6794205245352167,0.1407596291606125,0.2431184143199791,descent,15,GTF2035_wi,0,43031,1.237,3.16,3.16,6.736601300181457,1.0023827609510485,0.5665718639911143,7.565559645917531,8.595884829228792,0.6201310837423692,387996279583561.1,8.95333509366516,670.577196687585,1052.63317938722,0.120349026384,0.0160383767119622,0.110535195730284,7.56559458221372,6.89191915836727,6.883634770940581,14.682172747518363,0.3043548516861003,142338566678287.03,6.145917719966904,4549232875888961.0,0.0007796214712052562,2.898170071972699e-07,3.16,35.8,2023-05-05 11:47:00,0.0012034902638444409,0.6794201610422304,0.0,166,503.39162262304365,0.0012034902638444409,-1.5034935,-2.2499604,0.6794201610422304,1.4460247,2.3229758e-08,0.6833798401741115,1116.4841321825404,11073.062853662623,-0.10546611079765174,0.9944228977015853,3.283071149038074,238.73654580323333,0.5779557142161449,inf,0.0,231.3396153659192,,,,,,,,,,,,,,0.0,0 days 00:00:00,,,,,,,,,,,,,,,,,,,,,0.0,,,,,,,,,,,,,,,,,,0.0,0.0,0.0011674669,6.306527e-07,55211.336,0.646471,-236.39651,0.0,0.0,1.0,-7.171179967527635e-13,3.4069407e-12,2.5955032e-16,0.0,0.0,0.0,7.48e-16,3.597524685315002e-14,2.689822810704501e-12,1225.9380889672475,2.781565519871243e-14,3.135237977325092e-14,0.0,0.0011674669,6.306527e-07,55211.336,0.646471,-236.39651,0.0,0.0,0.0,-7.171179967527635e-13,3.4069407e-12,2.5955032e-16,0.0,0.0,0.0,7.48e-16,3.597524685315002e-14,2.689822810704501e-12,1225.9380889672475,2.781565519871243e-14,3.135237977325092e-14,0.0
167,167,168,407463.0,BAW680,41.67425537109375,27.569129250266336,184.171110952,5219.7,0.8332270997302591,34610D,258.4608,-1.8413317,-1.0545303,181.28345636963024,62677.45174021852,0.26087343111753014,0.223839907944588,16.167664900058988,13.86087460725972,-1092.7007742162016,0.0016279113132772,52452.30439060802,0.8071450774086745,0.1347305408338249,0.2292763439662289,descent,15,GTF2035_wi,0,43031,1.237,3.16,3.16,4.878474514178142,0.7238294532735561,0.5624942343258756,6.929716217469156,8.250295996715979,1.216135547792029,876865868957322.0,8.62443553796457,663.285942151034,1103.42739679892,0.162791131328,0.016566355637814,0.111919953972294,6.93043730362986,6.75585846514294,6.744878401286807,10.89433305409184,0.2892680909292123,258784110388495.2,6.234930751663283,4614500860709068.0,0.0012874551572804346,3.803953791839117e-07,3.16,35.8,2023-05-05 11:48:00,0.0016279113132772129,0.8071440820001593,0.0,167,524.5230439060801,0.0016279113132772129,-1.8413317,-1.0545303,0.8071440820001593,1.6723732,2.813876e-08,0.7069884802215469,1113.8453858231494,10847.829234067227,-0.12319129490828322,0.9923829426480589,3.2900512769647494,238.76054991818373,0.6991815713189113,inf,0.0,232.28387732880137,,,,,,,,,,,,,,0.0,0 days 00:00:00,,,,,,,,,,,,,,,,,,,,,0.0,,,,,,,,,,,,,,,,,,0.0,0.0,0.0015802452,8.923109e-07,52218.35,0.7527942,-232.87221,0.0,0.0,0.9999999999999999,-7.336528232737096e-13,3.654275e-12,2.797198e-16,0.0,0.0,0.0,7.48e-16,3.899580344018338e-14,2.9206218184706926e-12,1226.046517383749,5.0500561331479364e-14,3.174515481662783e-14,0.0,0.0015802452,8.923109e-07,52218.35,0.7527942,-232.87221,0.0,0.0,0.0,-7.336528232737096e-13,3.654275e-12,2.797198e-16,0.0,0.0,0.0,7.48e-16,3.899580344018338e-14,2.9206218184706926e-12,1226.046517383749,5.0500561331479364e-14,3.174515481662783e-14,0.0
168,168,169,407463.0,BAW680,41.66217041015625,27.69865556196733,179.541110956,4892.04,0.8312498619346403,34610D,260.51993,-2.1331663,0.6729278,180.45823888714403,62661.28407531846,0.12206880919650183,0.1536716951648766,7.250148525271716,4.47304548171974,-1523.9087503539092,0.0020981202861449,54803.46181981545,0.900570288912964,0.0604179043772643,0.1013086282154786,descent,15,GTF2035_wi,0,43031,1.237,3.16,3.16,4.60571559849504,0.6811939944448393,0.5577164485621418,2.236006362937077,4.868150150923169,6.710270229547879,4974576784740161.0,6.15768944569838,626.218702656308,1021.08777049292,0.209812028614,0.0158267933742916,0.0768358475824383,2.23652274085987,4.85479564718695,4.844631028547068,14.270614397894883,0.210527950282763,887454168963262.0,6.328923106924124,4683371849529803.0,0.0006992790555653345,1.215165816957758e-06,3.16,35.8,2023-05-05 11:49:00,0.0020981202861449387,0.9005709879936715,0.0,168,548.0346181981545,0.0020981202861449387,-2.1331663,0.6729278,0.9005709879936715,1.877822,2.2566871e-08,0.7328405446439258,1111.2018636144403,10779.400431084943,-0.1557131064397826,0.9878023225741438,2.8952113973097986,237.32604186459275,0.7960662020658426,inf,0.0,231.87405835295297,,,,,,,,,,,,,,0.0,0 days 00:00:00,,,,,,,,,,,,,,,,,,,,,0.0,,,,,,,,,,,,,,,,,,0.0,0.0,0.0020461183,1.0389183e-06,48888.293,0.8469397,-229.57176,0.0,0.0,1.0,-7.520531628366328e-13,3.929373e-12,2.910208e-16,0.0,0.0,0.0,7.480000000000001e-16,4.234417853223345e-14,3.177319826470233e-12,1226.1704355740367,2.0485972522052738e-14,2.179384274563894e-14,0.0,0.0020461183,1.0389183e-06,48888.293,0.8469397,-229.57176,0.0,0.0,0.0,-7.520531628366328e-13,3.929373e-12,2.910208e-16,0.0,0.0,0.0,7.480000000000001e-16,4.234417853223345e-14,3.177319826470233e-12,1226.1704355740367,2.0485972522052738e-14,2.179384274563894e-14,0.0
169,169,170,407463.0,BAW680,41.64701843261719,27.82668373801492,179.026666512,4434.84,0.8292712478128421,34610D,263.3748,-3.6112795,1.3730778,177.60228543662564,62654.03392679319,0.06532479406179034,0.1430465360786452,7.286445239999999,2.26406183353806,-1548.5076128578708,0.0025731612270028,58226.06833821284,0.9085587884175196,0.0607203769999999,0.0996230999291643,descent,15,GTF2035_wi,0,43031,1.237,3.16,3.16,4.874110957147287,0.7185747702410517,0.5459070085176005,1.131142404405063,4.887109600165576,7.003790103456093,5193493804613527.0,5.81414076329738,616.526012639318,993.409111672962,0.2573161227,0.0156579933146098,0.0715232680393226,1.13203091676903,4.56784382278329,4.556120190962341,16.028953834682476,0.1937183783709255,1023569059003979.2,6.461595134355148,4780627198131523.0,0.0005543517488534702,1.396677662302252e-06,3.16,35.8,2023-05-05 11:50:00,0.002573161227002882,0.9085578478757875,0.0,169,582.2606833821284,0.002573161227002882,-3.6112795,1.3730778,0.9085578478757875,1.86783,1.1354835e-07,0.7701684003176273,1108.5565033687658,10580.977548965897,-0.15734947104334474,0.9875429833492715,2.890460920011871,237.3077531499578,0.8259380947683556,inf,0.0,232.20446534816168,,,,,,,,,,,,,,0.0,0 days 00:00:00,,,,,,,,,,,,,,,,,,,,,0.0,,,,,,,,,,,,,,,,,,0.0,0.0,0.0025083716,6.7680804e-07,44368.39,0.8508266,-227.78677,0.0,0.0,0.9999999999999999,-7.770300628147512e-13,4.359865e-12,2.6310813e-16,0.0,0.0,0.0,7.48e-16,4.758796309618645e-14,3.5828349980105576e-12,1226.3258026989809,1.7046719927585946e-14,2.0286974183902328e-14,0.0,0.0025083716,6.7680804e-07,44368.39,0.8508266,-227.78677,0.0,0.0,0.0,-7.770300628147512e-13,4.359865e-12,2.6310813e-16,0.0,0.0,0.0,7.48e-16,4.758796309618645e-14,3.5828349980105576e-12,1226.3258026989809,1.7046719927585946e-14,2.0286974183902328e-14,0.0
170,170,171,407463.0,BAW680,41.63199214612023,27.952284702034888,173.882222072,3970.02,0.8272763812447317,34610D,266.33502,-4.8459573,0.33161628,173.28555829919418,62646.74748155318,0.09808181637368747,0.1558905358094602,7.512722910000001,3.7968839083951735,-1547.917077028053,0.0028835247845137,61881.11662551753,0.8347853019293542,0.06260602425,0.1004915665003844,descent,15,GTF2035_wi,0,43031,1.237,3.16,3.16,5.142506315799533,0.7565474029538036,0.5296700870020586,0.0,4.920017281829313,7.156509855635735,5307397345718960.0,6.179302605503733,619.895878648864,1013.562122325928,0.2806062663486666,0.0160643197329871,0.0779452679047301,1.8984419541975868,4.838387857047763,4.824724261886921,15.335927203609849,0.1992601343153736,1093825835441652.4,6.597537670561303,4880296433297668.0,0.0006065417960313176,1.494093822075871e-06,3.16,35.8,2023-05-05 11:51:00,0.0028835247845137237,0.8347855642032754,0.0,170,618.8111662551753,0.0028835247845137237,-4.8459573,0.33161628,0.8347855642032754,1.6928942,4.8352806e-08,0.8094169890565185,1105.8894189360124,10470.732067532614,-0.1586375639224361,0.987336884408131,3.1843247097813023,238.39203538139188,0.7811706269606368,inf,0.0,232.71949259927905,,,,,,,,,,,,,,0.0,0 days 00:00:00,,,,,,,,,,,,,,,,,,,,,0.0,,,,,,,,,,,,,,,,,,0.0,0.0,0.0028187714,3.5457487e-07,39725.1,0.7952965,-226.82574,0.0,0.0,1.0,-8.026927273023546e-13,4.835347e-12,2.382693e-16,0.0,0.0,0.0,7.48e-16,5.3410775887757004e-14,4.03265435146838e-12,1226.479880998371,2.2878246356754086e-14,2.2108520500926294e-14,0.0,0.0028187714,3.5457487e-07,39725.1,0.7952965,-226.82574,0.0,0.0,0.0,-8.026927273023546e-13,4.835347e-12,2.382693e-16,0.0,0.0,0.0,7.48e-16,5.3410775887757004e-14,4.03265435146838e-12,1226.479880998371,2.2878246356754086e-14,2.2108520500926294e-14,0.0
171,171,172,407463.0,BAW680,41.6170023255429,28.0765196334484,172.853333184,3505.2000000000003,0.8252604246059502,34610D,269.30627,-5.4578724,-2.1561275,166.5030196758847,62639.23475864319,0.12221934349838416,0.1687345355402752,7.742796,5.329705983252288,-1471.09397575287,0.003056752783369,65719.77183764074,0.728567621435877,0.0645233,0.1012238382349944,descent,15,GTF2035_wi,0,43031,1.237,3.16,3.16,5.41090167445178,0.79509546241385,0.5061230405707078,0.0,4.96498027521603,7.279107830827002,5398835049796790.0,6.544464447710086,623.26574465841,1033.715132978894,0.3038964099973333,0.0164706461513645,0.0843672677701376,2.664852991626144,5.108931891312237,5.0933283328115,14.64290057253722,0.2052406987710882,1152366022325319.2,6.738900011359552,4984061441079550.0,0.0006677106290656597,1.5760002171668518e-06,3.16,35.8,2023-05-05 11:52:00,0.003056752783369099,0.7285677507222141,0.0,171,657.1977183764075,0.003056752783369099,-5.4578724,-2.1561275,0.7285677507222141,1.5068166,7.938921e-09,0.8501430935328667,1103.1941434842608,10044.815352955282,-0.1602624815010444,0.9870744333752786,3.475370531471595,239.3819231070072,0.7018139042374716,inf,0.0,232.8882394825797,,,,,,,,,,,,,,0.0,0 days 00:00:00,,,,,,,,,,,,,,,,,,,,,0.0,,,,,,,,,,,,,,,,,,0.0,0.0,0.0029957748,1.7385366e-07,35063.68,0.6964146,-226.99202,0.0,0.0,0.9999999999999999,-8.28460466182255e-13,5.3467543e-12,2.2479508e-16,0.0,0.0,0.0,7.480000000000001e-16,5.971061747268664e-14,4.5182940292788236e-12,1226.6335853792361,3.054344430878074e-14,2.3930066817950267e-14,0.0,0.0029957748,1.7385366e-07,35063.68,0.6964146,-226.99202,0.0,0.0,0.0,-8.28460466182255e-13,5.3467543e-12,2.2479508e-16,0.0,0.0,0.0,7.480000000000001e-16,5.971061747268664e-14,4.5182940292788236e-12,1226.6335853792361,3.054344430878074e-14,2.3930066817950267e-14,0.0
172,172,173,407463.0,BAW680,41.60247802734375,28.19564464480378,162.04999986,3063.24,0.8232426211519271,34610D,272.06152,-6.8741302,-3.2342603,159.25856170833222,62631.49196264318,0.13987528198435603,0.1815785352710902,10.282146575826808,6.8625280581094,-1014.0946307638858,0.0032718655364634,69546.28509278147,0.6549749869441106,0.0856845547985567,0.1313981510630911,descent,15,GTF2035_wi,0,43031,1.237,3.16,3.16,4.978181532653622,0.730439289307095,0.4816443321259391,3.430510523287118,5.686784090707158,6.047890729076431,4480551816898417.5,6.90962628991644,626.635610667956,1053.86814363186,0.327186553646,0.0168769725697419,0.0907892676355451,3.4312640290547,5.37947592557671,5.36193240373608,13.949873941464594,0.2112744212845126,1203724841342436.8,6.873479435968277,5082824020926938.0,0.0007373507288888247,1.6485228538949936e-06,3.16,35.8,2023-05-05 11:53:00,0.003271865536463457,0.6549751474359126,0.0,172,695.4628509278148,0.003271865536463457,-6.8741302,-3.2342603,0.6549751474359126,1.3246869,7.586798e-09,0.8905314573753259,1100.4964010912413,9260.95043495167,-0.162156808524507,0.9867650021404014,3.7539107548812054,240.2628121629906,0.6480401972456458,inf,0.0,233.26765683925186,,,,,,,,,,,,,,0.0,0 days 00:00:00,,,,,,,,,,,,,,,,,,,,,0.0,,,,,,,,,,,,,,,,,,0.0,0.0,0.0032149798,7.241658e-08,30648.752,0.63272005,-227.61955,0.0,0.0,1.0,-8.528712116410326e-13,5.8667238e-12,2.1797388e-16,0.0,0.0,0.0,7.48e-16,6.614605539811278e-14,5.013852423951406e-12,1226.7825163321243,4.0277399223246956e-14,2.5751613134974228e-14,0.0,0.0032149798,7.241658e-08,30648.752,0.63272005,-227.61955,0.0,0.0,0.0,-8.528712116410326e-13,5.8667238e-12,2.1797388e-16,0.0,0.0,0.0,7.48e-16,6.614605539811278e-14,5.013852423951406e-12,1226.7825163321243,4.0277399223246956e-14,2.5751613134974228e-14,0.0
173,173,174,407463.0,BAW680,41.58892822265625,28.305462923916902,150.732222092,2758.44,0.8212454994156414,34610D,273.98694,-8.600167,-2.2216172,153.30631869380505,62621.20981606736,0.055306778464018595,0.1718746089661918,8.12036844,2.6681575415552,-1051.9495606001208,0.003702728178149,72288.85076520542,0.6574001557843898,0.067669737,0.1021675470655342,descent,15,GTF2035_wi,0,43031,1.237,3.16,3.16,4.670995625834861,0.6833539167514393,0.4620110194681848,1.3333796274939032,5.004272757371487,7.452376714523447,5528064826133747.0,6.37706268062733,606.442726115026,1049.05473691202,0.370272817815,0.017290832163776,0.0859373044830959,1.3340787707776,4.97010807051455,4.9517730010916114,14.1704594701674,0.1787750776141549,1853665623367216.0,6.968254015073094,5152407233082082.0,0.0006896555110586992,2.5233316430749143e-06,3.16,35.8,2023-05-05 11:54:00,0.003702728178149072,0.6573999196609637,0.0,173,722.8885076520543,0.003702728178149072,-8.600167,-2.2216172,0.6573999196609637,1.1321723,4.5780966e-09,0.9191447422256943,1097.826307499758,8818.97284703344,-0.16302087188817366,0.9866226205235819,3.5539627713799207,239.63662347738443,0.6626818941911733,inf,0.0,232.7998246654263,,,,,,,,,,,,,,0.0,0 days 00:00:00,,,,,,,,,,,,,,,,,,,,,0.0,,,,,,,,,,,,,,,,,,0.0,0.0,0.0036416505,1.1609867e-07,27633.566,0.64049387,-228.83527,0.0,0.0,1.0000000000000002,-8.695552868628683e-13,6.250199e-12,2.2026516e-16,0.0,0.0,0.0,7.480000000000001e-16,7.091663297351936e-14,5.380643678115466e-12,1226.9214549091132,3.8267440645648166e-14,2.43753945432725e-14,0.0,0.0036416505,1.1609867e-07,27633.566,0.64049387,-228.83527,0.0,0.0,0.0,-8.695552868628683e-13,6.250199e-12,2.2026516e-16,0.0,0.0,0.0,7.480000000000001e-16,7.091663297351936e-14,5.380643678115466e-12,1226.9214549091132,3.8267440645648166e-14,2.43753945432725e-14,0.0
174,174,175,407463.0,BAW680,41.57596032094148,28.409993451947138,141.4722221,2442.21,0.819249949866163,34610D,276.06436,-10.275785,-0.67885184,145.28299399834307,62613.08944762735,5.75380972585568e-06,0.1681539171409426,8.283211327500002,0.000286568956464,-1026.9001351456425,0.004247226173776,75226.16723112341,0.6628938298163132,0.0690267610625,0.1025862076161857,descent,15,GTF2035_wi,0,43031,1.237,3.16,3.16,2.7223648122626325,0.3967922227541861,0.4361810562384979,0.0,4.991798066034463,7.506155590757931,5568174925530537.0,5.91061960543386,582.586412043826,1101.19655744899,0.424722617378,0.017618116953983,0.0840769585704713,0.000143284478232,4.77218756068389,4.752004721851336,8.77471900794515,0.1494888225985951,2768934922579410.5,7.072044251034999,5228724949925236.0,0.0014879071674559507,3.756287192212236e-06,3.16,35.8,2023-05-05 11:55:00,0.004247226173776049,0.6628942170462019,0.0,174,752.2616723112342,0.004247226173776049,-10.275785,-0.67885184,0.6628942170462019,0.92988557,0.0,0.949294667276564,1095.1583174106772,7903.178807195334,-0.009523086119597377,0.9999546543872672,3.4954819122112064,239.4475812531661,0.6817612512830192,inf,0.0,232.7790396106664,,,,,,,,,,,,,,0.0,0 days 00:00:00,,,,,,,,,,,,,,,,,,,,,0.0,,,,,,,,,,,,,,,,,,0.0,0.0,0.0041753147,2.409546e-07,24446.654,0.6713978,-230.67542,0.0,0.0,1.0000000000000002,-8.871889327254779e-13,6.666905e-12,2.295202e-16,0.0,0.0,0.0,7.479999999999999e-16,7.611382797398272e-14,5.77971598241774e-12,1227.0544267011312,8.676420112511727e-14,2.3847723052062195e-14,0.0,0.0041753147,2.409546e-07,24446.654,0.6713978,-230.67542,0.0,0.0,0.0,-8.871889327254779e-13,6.666905e-12,2.295202e-16,0.0,0.0,0.0,7.479999999999999e-16,7.611382797398272e-14,5.77971598241774e-12,1227.0544267011312,8.676420112511727e-14,2.3847723052062195e-14,0.0
175,175,176,407463.0,BAW680,41.57524496822034,28.50492255632268,132.726666552,2133.6,0.8172112883358676,34610D,278.26624,-9.454985,-0.13107854,133.6793369989521,62604.80623629985,,,8.443824000000001,,-938.3103973957471,0.004740503808724,78185.15360874706,0.6448730658617204,0.0703652,0.1030717633096273,descent,15,GTF2035_wi,0,43031,1.237,3.16,3.16,2.236676759445743,0.3248985392198243,0.3997525518176258,0.0,4.977819266826892,7.532074592178564,5587506190816079.0,,,,,,,,,,,,,7.185251773656164,5312219748062115.0,,,3.16,35.8,2023-05-05 11:56:00,0.00474050380872405,0.6448737784306529,0.0,175,781.8515360874705,0.00474050380872405,-9.454985,-0.13107854,0.6448737784306529,0.7856998,2.4842755e-11,0.9788276363445588,1092.4326978659888,7208.358998097335,0.08948237188869004,0.9959884061178493,,,0.6774348640671094,,,,,,,,,,,,,,,,,0.0,0 days 00:00:00,,,,,,,,,,,,,,,,,,,,,0.0,,,,,,,,,,,,,,,,,,0.0,0.0,0.004646729,2.795519e-07,21390.771,0.6667152,-232.10239,0.0,0.0,1.0,-9.040654017895702e-13,7.122114e-12,2.324863e-16,0.0,0.0,0.0,7.479999999999999e-16,8.181511986833367e-14,6.218048736541984e-12,1227.0617618687895,,,0.0,0.004646729,2.795519e-07,21390.771,0.6667152,-232.10239,0.0,0.0,0.0,-9.040654017895702e-13,7.122114e-12,2.324863e-16,0.0,0.0,0.0,7.479999999999999e-16,8.181511986833367e-14,6.218048736541984e-12,1227.0617618687895,,,0.0
176,176,177,407463.0,BAW680,41.58100891113281,28.5911698774858,125.524444336,1851.66,0.8151624154110879,34610D,280.04956,-8.180437,-0.65693665,121.38154297701904,62596.36241229986,,,8.59201899,,-1013.2226137225174,0.0052273572321708,80970.13989322592,0.6399049250543568,0.07160015825,0.1031640974877328,descent,15,GTF2035_wi,0,43031,1.237,3.16,3.16,2.236676759445743,0.3248985392198243,0.3618198634321901,0.0,4.968169328563519,7.546002666345193,5597894218204260.0,,,,,,,,,,,,,7.291520801558595,5390636030690584.0,,,3.16,35.8,2023-05-05 11:57:00,0.0052273572321708045,0.6399051840020575,0.0,176,809.7013989322592,0.0052273572321708045,-8.180437,-0.65693665,0.6399051840020575,0.8075559,0.0,1.0072387925788115,1089.6934297955559,7300.9587847935645,-0.4050066298338326,0.9143137480048306,,,0.683816906781928,,,,,,,,,,,,,,,,,0.0,0 days 00:00:00,,,,,,,,,,,,,,,,,,,,,0.0,,,,,,,,,,,,,,,,,,0.0,0.0,0.0051136217,2.5192134e-07,18564.553,0.6690239,-233.00002,0.0,0.0,0.9999999999999999,-9.196538273868587e-13,7.519795e-12,2.3035643e-16,0.0,0.0,0.0,7.480000000000001e-16,8.678018428131869e-14,6.60014060381971e-12,1227.002658874719,,,0.0,0.0051136217,2.5192134e-07,18564.553,0.6690239,-233.00002,0.0,0.0,0.0,-9.196538273868587e-13,7.519795e-12,2.3035643e-16,0.0,0.0,0.0,7.480000000000001e-16,8.678018428131869e-14,6.60014060381971e-12,1227.002658874719,,,0.0
177,177,178,407463.0,BAW680,41.55441284179688,28.67132013494318,120.89444434,1546.86,0.8133259507880957,34610D,281.48813,-6.2967296,-3.3782525,106.0680380230054,62587.77039330985,,,8.75380059,,-444.0282082347862,0.005793196886019,84070.7439843838,0.6582988903302334,0.07294833825,0.1025730314599527,descent,15,GTF2035_wi,0,43031,1.237,3.16,3.16,2.236676759445743,0.3248985392198243,0.3153636946349317,0.9204250363099618,4.967969739696206,7.549513424091626,5600512659719353.0,,,,,,,,,,,,,7.40824197912504,5476780592371482.0,,,3.16,35.8,2023-05-05 11:58:00,0.00579319688601903,0.6582990955026145,0.0,177,840.707439843838,0.00579319688601903,-6.2967296,-3.3782525,0.6582990955026145,0.7661013,0.0,1.040464468030406,1087.2381068372963,,,,,,0.7132244036605155,,,,,,,,,,,,,,,,,0.0,0 days 00:00:00,,,,,,,,,,,,,,,,,,,,,0.0,,,,,,,,,,,,,,,,,,0.0,0.0,0.005667909,1.9594921e-07,15517.576,0.69468504,-233.73068,0.0,0.0,0.9999999999999999,-9.365635686675393e-13,7.89754e-12,2.260419e-16,0.0,0.0,0.0,7.48e-16,9.146673720206562e-14,6.960976560616532e-12,1227.2753727707686,,,,0.005667909,1.9594921e-07,15517.576,0.69468504,-233.73068,0.0,0.0,0.0,-9.365635686675393e-13,7.89754e-12,2.260419e-16,0.0,0.0,0.0,7.48e-16,9.146673720206562e-14,6.960976560616532e-12,1227.2753727707686,,,
