,Unnamed: 0,index,icao24,callsign,latitude,longitude,groundspeed,altitude,cos_sza,flight_id,air_temperature,eastward_wind,northward_wind,true_airspeed,aircraft_mass,engine_efficiency,fuel_flow,fuel_burn,thrust,rocd,specific_humidity_emissions,air_pressure,rhi_emissions,fuel_flow_per_engine,thrust_setting,flight_phase,WAR,engine_model,SAF,LHV,ei_h2o,ei_co2_conservative,ei_co2_optimistic,water_injection_kg_s,mach,thrust_per_engine,ei_nox_py,ei_nvpm_mass_py,ei_nvpm_number_py,PT3,TT3,TT4,specific_humidity_gsp,FAR,fuel_flow_gsp,thrust_gsp,W3,W3_no_specific_humid,WAR_gsp,thrust_setting_meem,nvpm_ei_n,ei_mass_meem,ei_number_meem,ei_nox,nvpm_ei_m,ei_co2,wingspan,time,issr_specific_humidity,issr_rhi,issr_issr,cocip_waypoint,cocip_level,cocip_specific_humidity,cocip_u_wind,cocip_v_wind,cocip_rhi,cocip_tau_cirrus,cocip_specific_cloud_ice_water_content,cocip_rho_air,cocip_sdr,cocip_segment_length,cocip_sin_a,cocip_cos_a,cocip_G,cocip_T_sat_liquid,cocip_rh,cocip_rh_critical_sac,cocip_sac,cocip_T_critical_sac,cocip_width,cocip_depth,cocip_rhi_1,cocip_air_temperature_1,cocip_specific_humidity_1,cocip_altitude_1,cocip_persistent_1,cocip_dT_dz,cocip_ds_dz,cocip_dz_max,cocip_rho_air_1,cocip_iwc_1,cocip_n_ice_per_m_1,cocip_ef,cocip_contrail_age,cocip_global_yearly_mean_rf,cocip_atr20,cocip_sdr_mean,cocip_sdr_min,cocip_sdr_max,cocip_rsr_mean,cocip_rsr_min,cocip_rsr_max,cocip_olr_mean,cocip_olr_min,cocip_olr_max,cocip_rf_sw_mean,cocip_rf_sw_min,cocip_rf_sw_max,cocip_rf_lw_mean,cocip_rf_lw_min,cocip_rf_lw_max,cocip_rf_net_mean,cocip_rf_net_min,cocip_rf_net_max,cocip_cocip,cocip_mean_contrail_altitude,cocip_mean_rhi,cocip_std_rhi,cocip_mean_n_ice_per_m,cocip_std_n_ice_per_m,cocip_mean_r_ice_vol,cocip_mean_width,cocip_mean_depth,cocip_mean_tau_contrail,cocip_mean_tau_cirrus,cocip_max_age,cocip_mean_rf_sw,cocip_mean_rf_lw,cocip_mean_rf_net,cocip_mean_olr,cocip_mean_sdr,cocip_mean_rsr,cocip_contrail_length,cocip_persistent_contrail_length,accf_issr_specific_humidity,accf_issr_potential_vorticity,accf_issr_geopotential,accf_issr_relative_humidity,accf_issr_olr,accf_issr_pcfa,accf_issr_issr,accf_issr_sac,accf_issr_aCCF_CH4,accf_issr_aCCF_O3,accf_issr_aCCF_H2O,accf_issr_aCCF_nCont,accf_issr_aCCF_dCont,accf_issr_aCCF_Cont,accf_issr_aCCF_CO2,accf_issr_aCCF_merged,accf_issr_aCCF_NOx,accf_issr_Fin,accf_issr_nox_impact,accf_issr_co2_impact,accf_issr_contrails_atr20,accf_sac_specific_humidity,accf_sac_potential_vorticity,accf_sac_geopotential,accf_sac_relative_humidity,accf_sac_olr,accf_sac_pcfa,accf_sac_issr,accf_sac_sac,accf_sac_aCCF_CH4,accf_sac_aCCF_O3,accf_sac_aCCF_H2O,accf_sac_aCCF_nCont,accf_sac_aCCF_dCont,accf_sac_aCCF_Cont,accf_sac_aCCF_CO2,accf_sac_aCCF_merged,accf_sac_aCCF_NOx,accf_sac_Fin,accf_sac_nox_impact,accf_sac_co2_impact,accf_sac_contrails_atr20
0,0,2,adbb36,NKS2975,42.33370971679688,-71.06150540438568,102.8888888,701.0400000000001,0.4412440622024429,34610D,276.21408,1.4608289,-9.443659,97.75548662380956,67654.92231860415,0.23274150474143768,1.19644477367723,66.09886097171746,122.5763800726776,1608.3135862210563,0.0033892379900906,93181.80291069952,0.6473894686544488,0.5508238414309788,0.6485885682889395,climb,0,GTF,0,43031,1.237,3.16,3.16,0,0.293410353437705,61.288182832323706,16.342343821989655,20.13151318406702,1308938489470123.2,25.4971349495546,775.174259270737,1563.40694282309,0.338923799009,0.0236355042734888,0.598222386838615,61.2881900363388,25.3103288982762,25.22483592606179,0.33892379900906,0.721497837595635,1421169493130593.0,,,0.016274989618567985,2.191526011030477e-05,3.16,35.8,2023-02-06 15:02:00,0.0033892379900906664,0.6473899380860334,0.0,0,931.8180291069953,0.0033892379900906664,1.4608289,-9.443659,0.6473899380860334,1.9432092,0.0,1.1752431942726584,617.7800625884295,7725.93080288237,-0.8195006120311534,-0.5730783078084224,5.639033578176985,245.04285668050596,0.666777459111613,inf,0.0,237.8695075330717,,,,,,,,,,,,,,0.0,0 days 00:00:00,,,,,,,,,,,,,,,,,,,,,0.0,,,,,,,,,,,,,,,,,,0.0,0.0,0.003313313,2.425427e-07,6868.8276,0.6529579,-183.66467,0.0,0.0,1.0,-8.050491231163144e-13,7.646469e-12,2.296335e-16,0.0,0.0,0.0,7.479999999999999e-16,8.991610135737245e-14,6.841420604267167e-12,704.4958766721334,7.993020352671186e-12,1.6968075495872368e-13,0.0,0.003313313,2.425427e-07,6868.8276,0.6529579,-183.66467,0.0,0.0,0.0,-8.050491231163144e-13,7.646469e-12,2.296335e-16,0.0,0.0,0.0,7.479999999999999e-16,8.991610135737245e-14,6.841420604267167e-12,704.4958766721334,7.993020352671186e-12,1.6968075495872368e-13,0.0
1,1,3,adbb36,NKS2975,42.276880296610166,-71.11520456713299,152.789999868,1203.96,0.4431881760077635,34610D,273.45633,1.7162616,-6.3098993,125.66280220334724,67588.82345763243,0.2708154369090868,1.709674981678884,96.0,158.5483298573482,3568.7776279026752,0.0031831322758033,87673.12586169648,0.7158997641778259,0.8,0.974888395695391,climb,0,GTF,0,43031,1.237,3.16,3.16,0,0.3790704831673827,79.27483441213646,21.46759141619757,36.28235539,1450000000000000.0,33.2617487228799,834.879286115764,1718.4543578523,0.31831322758,0.0273003876462858,0.854837490839442,79.2741649286741,31.3122839834746,31.21292910142948,0.31831322758033,0.9977923230034904,1520642762765927.8,32.13204913422204,1889647927346504.8,0.021051856855934133,3.78565182441998e-05,3.16,35.8,2023-02-06 15:03:00,0.00318313227580337,0.7158998585791894,0.0,1,876.7312586169647,0.00318313227580337,1.7162616,-6.3098993,0.7158998585791894,1.9948975,0.0,1.1169171483990288,620.5018427207511,8772.56839360524,-0.9285345241436924,0.3712460605491279,5.581710570528412,244.9201123060512,0.7179565480892214,inf,0.0,238.21387853314027,,,,,,,,,,,,,,0.0,0 days 00:00:00,,,,,,,,,,,,,,,,,,,,,0.0,,,,,,,,,,,,,,,,,,0.0,0.0,0.003114983,2.864198e-07,11692.029,0.70162785,-183.02008,0.0,0.0,0.9999999999999999,-7.87758024049086e-13,6.9886536e-12,2.330157e-16,0.0,0.0,0.0,7.48e-16,8.159266024820688e-14,6.20089573508556e-12,705.6502173970034,1.3390896219080821e-11,2.424674736416847e-13,0.0,0.003114983,2.864198e-07,11692.029,0.70162785,-183.02008,0.0,0.0,0.0,-7.87758024049086e-13,6.9886536e-12,2.330157e-16,0.0,0.0,0.0,7.48e-16,8.159266024820688e-14,6.20089573508556e-12,705.6502173970034,1.3390896219080821e-11,2.424674736416847e-13,0.0
2,2,4,adbb36,NKS2975,42.20421225337659,-71.07598593068673,150.217777648,2316.48,0.445892650309363,34610D,267.64578,7.8307,-3.4740822,152.37234832624188,67492.82345763243,0.30440261747759917,1.2556261093855,78.51005627556778,107.940393820699,2410.6299343298624,0.0027211845170252,76420.53006165694,0.8689070526728572,0.6542504689630648,0.8552410307249116,climb,0,GTF,0,43031,1.237,3.16,3.16,0,0.4646042225596985,53.97072737547504,17.932890293662695,31.55684687949236,1520993959746343.0,26.1053056928119,797.003171056236,1611.32614579455,0.272118451703,0.0246369055860058,0.62781305469275,53.9701969103495,25.4826261561582,25.4134714112301,0.27211845170252,0.8142743667053753,1440888798691591.8,29.795967035092367,1776264179391545.2,0.017542819610351895,2.3332131503617436e-05,3.16,35.8,2023-02-06 15:04:00,0.002721184517025204,0.8689071638893477,0.0,2,764.2053006165694,0.002721184517025204,7.8307,-3.4740822,0.8689071638893477,2.2191842,1.7761337e-09,0.9946999457844994,624.2881918650742,9611.468894653619,-0.8690383133027305,0.49474479280932826,5.098210796969849,243.83781315449232,0.8235688079962317,inf,0.0,238.35823524489976,,,,,,,,,,,,,,0.0,0 days 00:00:00,,,,,,,,,,,,,,,,,,,,,0.0,,,,,,,,,,,,,,,,,,0.0,0.0,0.0026616452,2.1182571e-07,22390.584,0.82459325,-178.85416,0.0,0.0,1.0000000000000002,-7.489497711689763e-13,5.7020747e-12,2.2726574e-16,0.0,0.0,0.0,7.48e-16,6.536588686200386e-14,4.953124702462638e-12,707.1238157797329,6.546214744446862e-12,1.7807389933393911e-13,0.0,0.0026616452,2.1182571e-07,22390.584,0.82459325,-178.85416,0.0,0.0,0.0,-7.489497711689763e-13,5.7020747e-12,2.2726574e-16,0.0,0.0,0.0,7.48e-16,6.536588686200386e-14,4.953124702462638e-12,707.1238157797329,6.546214744446862e-12,1.7807389933393911e-13,0.0
3,3,5,adbb36,NKS2975,42.12930970272775,-71.01849933003268,167.1944443,3063.24,0.4487222032722377,34610D,264.98715,12.842031,-1.311742,170.29562069695606,67414.31340135686,0.31767025655962877,0.966849168955274,61.34018329777782,77.609206125025,1310.9389903160402,0.0018316406264454,69546.28509278147,0.6701876824045087,0.5111681941481485,0.714947963701348,climb,0,GTF,0,43031,1.237,3.16,3.16,0,0.5218531193416728,38.803967799630335,16.217519094007084,23.54799897390283,1470197489840223.5,21.1929132076396,770.169556181152,1533.23147579201,0.183164062645,0.0227217713383779,0.483424584477637,38.8046030625125,21.2758317684993,21.23693333861518,0.18316406264454,0.7012928156046826,1032003826315070.8,28.47477927685056,1700236037172893.8,0.01565874099018303,1.570645368055337e-05,3.16,35.8,2023-02-06 15:05:00,0.0018316406264454691,0.6701874850303495,0.0,3,695.4628509278148,0.0018316406264454691,12.842031,-1.311742,0.6701874850303495,2.5124383,5.283592e-11,0.9143060027678562,628.2496600756087,11080.285114414322,-0.8202005681753433,0.5720760683378078,4.72620706029237,242.9412509445853,0.6189362977236422,inf,0.0,235.53362548211885,,,,,,,,,,,,,,0.0,0 days 00:00:00,,,,,,,,,,,,,,,,,,,,,0.0,,,,,,,,,,,,,,,,,,0.0,0.0,0.0017925267,7.2838026e-07,29596.623,0.63276654,-174.25034,0.0,0.0,0.9999999999999999,-7.22884662038262e-13,5.079465e-12,2.670835e-16,0.0,0.0,0.0,7.48e-16,5.765062805408825e-14,4.356580351879016e-12,708.6412365348265,3.957423675949676e-12,1.3711932262057212e-13,0.0,0.0017925267,7.2838026e-07,29596.623,0.63276654,-174.25034,0.0,0.0,0.0,-7.22884662038262e-13,5.079465e-12,2.670835e-16,0.0,0.0,0.0,7.48e-16,5.765062805408825e-14,4.356580351879016e-12,708.6412365348265,3.957423675949676e-12,1.3711932262057212e-13,0.0
4,4,6,adbb36,NKS2975,42.04761052535752,-70.94178665515989,199.089999828,3467.1000000000004,0.4517408844054665,34610D,263.20035,14.499976,2.5770183,183.9852694447437,67352.97321805908,0.33661277302493675,1.334699561680238,82.80269185661147,105.0781686447804,2577.1937879183133,0.0015288454338851,66042.770723412,0.6218370817707584,0.690022432138429,1.0,climb,0,GTF,0,43031,1.237,3.16,3.16,0,0.5657141533288619,52.53871203795986,21.04124050124772,36.28235538999999,1450000000000000.0,26.8955126540276,821.698733053098,1669.67264608045,0.152884543389,0.0259193229793939,0.667349780840119,52.5390843223902,25.7471918294575,25.707888441598733,0.1528845433885099,0.932086651106851,1240705510799874.2,28.41104313309044,1651823943755162.2,0.019496323213965574,2.5970023687808053e-05,3.16,35.8,2023-02-06 15:06:00,0.0015288454338851815,0.6218374543680613,0.0,4,660.42770723412,0.0015288454338851815,14.499976,2.5770183,0.6218374543680613,2.8699493,4.2403253e-10,0.8741405591187709,632.475922024213,12201.84212776877,-0.8219449188493326,0.5695669849787328,4.615067186427768,242.66124962118235,0.5643252238804397,inf,0.0,234.88097411162767,,,,,,,,,,,,,,0.0,0 days 00:00:00,,,,,,,,,,,,,,,,,,,,,0.0,,,,,,,,,,,,,,,,,,0.0,0.0,0.0014971958,6.718567e-07,33550.6,0.58543086,-170.11133,0.0,0.0,1.0,-7.087536836149681e-13,4.7284047e-12,2.6272646e-16,0.0,-0.0,0.0,7.480000000000001e-16,5.326619018732255e-14,4.019651056267939e-12,710.2963474268029,6.275897445131526e-12,1.892881595971407e-13,0.0,0.0014971958,6.718567e-07,33550.6,0.58543086,-170.11133,0.0,0.0,0.0,-7.087536836149681e-13,4.7284047e-12,2.6272646e-16,0.0,-0.0,0.0,7.480000000000001e-16,5.326619018732255e-14,4.019651056267939e-12,710.2963474268029,6.275897445131526e-12,1.892881595971407e-13,0.0
5,5,7,adbb36,NKS2975,41.9575784974179,-70.85792009220563,205.7777776,4259.58,0.454896531676361,34610D,258.26172,16.693224,10.971824,201.69522946481607,67270.17052620248,0.3522368196989632,1.179448340636338,77.56877141009527,88.6338241328586,1239.3160654505714,0.0009857802193256,59583.07384093393,0.5654896544072924,0.6464064284174605,0.9802397439282496,climb,0,GTF,0,43031,1.237,3.16,3.16,0,0.6260698817175333,44.31659927193353,20.32961761783096,36.28235539,1450000000000000.0,24.3605132948207,809.087954271339,1632.11757325885,0.0985780219326,0.0249634840207038,0.589724170318169,44.3169120664293,23.6234721815703,23.600207563781947,0.0985780219325599,0.8690079142945375,1219746092834600.0,27.28499982867256,1571839978968795.0,0.018324081438210214,2.1268276941516642e-05,3.16,35.8,2023-02-06 15:07:00,0.0009857802193256435,0.5654898826496791,0.0,5,595.8307384093393,0.0009857802193256435,16.693224,10.971824,0.5654898826496791,3.3630483,5.2903823e-07,0.803720996583033,636.8939462259019,12801.950611483831,-0.8650897885852082,0.5016170428579952,4.262096530536915,241.7305398198932,0.4888919812118422,inf,0.0,233.5361096691267,,,,,,,,,,,,,,0.0,0 days 00:00:00,,,,,,,,,,,,,,,,,,,,,0.0,,,,,,,,,,,,,,,,,,0.0,0.0,0.0009647892,4.275143e-07,41266.637,0.54023814,-166.2737,0.0,0.0,0.9999999999999999,-6.807328043527773e-13,3.9477085e-12,2.4389173e-16,0.0,-0.0,0.0,7.48e-16,4.346257453767205e-14,3.266975600303238e-12,712.1179724158935,4.236412865536543e-12,1.6727030722771797e-13,0.0,0.0009647892,4.275143e-07,41266.637,0.54023814,-166.2737,0.0,0.0,0.0,-6.807328043527773e-13,3.9477085e-12,2.4389173e-16,0.0,-0.0,0.0,7.48e-16,4.346257453767205e-14,3.266975600303238e-12,712.1179724158935,4.236412865536543e-12,1.6727030722771797e-13,0.0
6,6,8,adbb36,NKS2975,41.858001708984375,-70.78041770241475,227.384444248,4640.58,0.458127030644354,34610D,255.75598,16.892221,14.659993,226.628835528924,67192.60175479238,0.37295043110115456,1.359225773637804,76.4456062014536,96.2518279392048,2775.078702475155,0.0010033570996093,56665.10718470681,0.6912342164616647,0.6370467183454467,1.0,climb,0,GTF,0,43031,1.237,3.16,3.16,0,0.7069023970733612,48.12645298048741,20.6126832905573,36.28235538999999,1450000000000000.0,27.0427663968841,834.474581510668,1696.77312959076,0.100335709961,0.0264860796546287,0.679612886818902,48.1259139696024,25.6592480155942,25.633528432853065,0.10033570996093,0.9957644413252232,1072967100668578.0,29.44883550072828,1499379478826519.5,0.020593384048675265,2.6574602156444438e-05,3.16,35.8,2023-02-06 15:08:00,0.001003357099609356,0.6912347747438492,0.0,6,566.6510718470681,0.001003357099609356,16.892221,14.659993,0.6912347747438492,3.962885,2.845673e-06,0.7718490364915983,641.4167670488724,12932.714296879942,-0.96828920219839,-0.24983198535416845,4.187328716214884,241.52466253272982,0.5830340577967681,inf,0.0,233.95897159243714,,,,,,,,,,,,,,0.0,0 days 00:00:00,,,,,,,,,,,,,,,,,,,,,0.0,,,,,,,,,,,,,,,,,,0.0,0.0,0.000981289,3.001661e-07,45023.91,0.6716079,-162.55835,0.0,0.0,1.0,-6.672850432657373e-13,3.6036803e-12,2.340753e-16,0.0,-0.0,0.0,7.48e-16,3.915521253294855e-14,2.9363951713109012e-12,714.1298650364331,4.931568517439191e-12,1.927664865979323e-13,0.0,0.000981289,3.001661e-07,45023.91,0.6716079,-162.55835,0.0,0.0,0.0,-6.672850432657373e-13,3.6036803e-12,2.340753e-16,0.0,-0.0,0.0,7.48e-16,3.915521253294855e-14,2.9363951713109012e-12,714.1298650364331,4.931568517439191e-12,1.927664865979323e-13,0.0
7,7,9,adbb36,NKS2975,41.74562615863347,-70.81927632176598,209.378888708,5494.02,0.4608513152730646,34610D,250.1261,16.65909,20.865917,238.4932242334469,67116.15614859093,0.3828539033543233,1.187140706587506,73.43599978817097,82.0050636737038,2081.364895220949,0.0008965109529527,50547.32103053465,0.946719679301451,0.6119666649014248,1.0,climb,0,GTF,0,43031,1.237,3.16,3.16,0,0.7522353500966591,41.00279231251319,20.27946900822709,36.28235539,1450000000000000.0,24.2159901410203,818.766209856754,1654.92351864733,0.0896510952953,0.025473673759989,0.593570353293753,41.0025318368519,23.3013250811927,23.28045389928229,0.08965109529527,0.9173392710981514,1083573101376682.0,27.458318134079,1427898246714079.2,0.018922267716485943,2.176766203089329e-05,3.16,35.8,2023-02-06 15:09:00,0.0008965109529527787,0.9467202843006234,0.0,7,505.4732103053465,0.0008965109529527787,16.65909,20.865917,0.9467202843006234,4.287696,1.2622181e-05,0.7040144618086115,645.2308427919347,12430.578898437592,-0.7042767810084202,-0.7099255001283007,3.794839211170679,240.38733812634905,0.7553452141893271,inf,0.0,234.33120591624666,,,,,,,,,,,,,,0.0,0 days 00:00:00,,,,,,,,,,,,,,,,,,,,,0.0,,,,,,,,,,,,,,,,,,0.0,0.0,0.00087663793,-7.270327e-09,53307.348,0.9299178,-159.38582,0.0,0.0,1.0,-6.37062933913944e-13,2.9129307e-12,2.1564551e-16,0.0,-0.0,0.0,7.479999999999998e-16,3.054992763197429e-14,2.2758678550931688e-12,716.4001107997703,3.067423015738514e-12,1.6836124472080534e-13,0.0,0.00087663793,-7.270327e-09,53307.348,0.9299178,-159.38582,0.0,0.0,0.0,-6.37062933913944e-13,2.9129307e-12,2.1564551e-16,0.0,-0.0,0.0,7.479999999999998e-16,3.054992763197429e-14,2.2758678550931688e-12,716.4001107997703,3.067423015738514e-12,1.6836124472080534e-13,0.0
8,8,10,adbb36,NKS2975,41.6669528767214,-70.9253710369731,213.49444426,6134.1,0.4627335061654805,34610D,246.14784,17.59171,26.648623,242.1059932099193,67042.72014880275,0.38626256194351277,1.052352443804242,70.93421036114262,72.2469852004162,1933.376550762588,0.0006653868967271,46319.52510881937,0.9581859764235012,0.5911184196761885,1.0,climb,0,GTF,0,43031,1.237,3.16,3.16,0,0.7697766746195606,36.12266221199322,19.93536609109873,36.28235538999999,1450000000000000.0,21.9096631750284,804.603246303039,1619.79551762553,0.0665386896727,0.0246589266991052,0.526176221902121,36.1234926002081,21.3381639972682,21.32397530351512,0.06653868967271,0.8485732951848196,1092342533105178.0,25.16890672614689,1386678417149953.5,0.017649231086121993,1.7945215495037222e-05,3.16,35.8,2023-02-06 15:10:00,0.0006653868967271227,0.9581874236517617,0.0,8,463.1952510881937,0.0006653868967271227,17.59171,26.648623,0.9581874236517617,4.2755904,2.2381144e-05,0.6555570886240674,647.8659144946001,12894.637238011368,-0.7060505909466769,-0.7081613961688737,3.496054415364046,239.44944542056243,0.7349859066822501,inf,0.0,233.25203031717606,,,,,,,,,,,,,,0.0,0 days 00:00:00,,,,,,,,,,,,,,,,,,,,,0.0,,,,,,,,,,,,,,,,,,0.0,0.0,0.0006512655,-3.5082783e-07,59565.883,0.9356011,-158.48682,0.0,0.0,1.0000000000000002,-6.141195292994698e-13,2.5084511e-12,2.3798047e-16,0.0,-0.0,0.0,7.48e-16,2.5612290070563752e-14,1.8943315067879416e-12,717.9853682660939,2.111029179594233e-12,1.4924546546227266e-13,0.0,0.0006512655,-3.5082783e-07,59565.883,0.9356011,-158.48682,0.0,0.0,0.0,-6.141195292994698e-13,2.5084511e-12,2.3798047e-16,0.0,-0.0,0.0,7.48e-16,2.5612290070563752e-14,1.8943315067879416e-12,717.9853682660939,2.111029179594233e-12,1.4924546546227266e-13,0.0
9,9,11,adbb36,NKS2975,41.58511404263771,-71.0350426962209,218.124444256,6728.46,0.4646351722522056,34610D,242.3454,18.625563,32.155136,242.6484623281609,66971.78593844161,0.39034044430836223,1.077332395136134,69.1366618104358,74.5756704729142,2206.4861261884835,0.0004938878957553,42654.61853884109,0.9694510442352948,0.5761388484202983,1.0,climb,0,GTF,0,43031,1.237,3.16,3.16,0,0.7775303643137118,37.28826549570692,19.67607383551212,36.28235538999999,1450000000000000.0,21.9127841681763,810.007158141502,1648.3838680194,0.0493887895755,0.0254851131958108,0.538666197568067,37.2878352364571,21.1365040221447,21.126070111831588,0.04938878957553,0.8737940835294526,1095714137727093.2,22.718832365807625,1354079141824169.2,0.01797246294400792,1.938540035755044e-05,3.16,35.8,2023-02-06 15:11:00,0.0004938878957553594,0.9694511701664218,0.0,9,426.54618538841095,0.0004938878957553594,18.625563,32.155136,0.9694511701664218,4.132972,4.341693e-05,0.6131598799026745,650.5282518421783,13073.016020263154,-0.7085019961968824,-0.7057088077847923,3.2404935945441746,238.58913951572958,0.7161479046593865,inf,0.0,232.27199926140182,,,,,,,,,,,,,,0.0,0 days 00:00:00,,,,,,,,,,,,,,,,,,,,,0.0,,,,,,,,,,,,,,,,,,0.0,0.0,0.00048346358,-5.1872564e-07,65379.055,0.96086663,-158.15186,0.0,0.0,0.9999999999999999,-5.927694372206338e-13,2.1902985e-12,2.509226e-16,0.0,-0.0,0.0,7.48e-16,2.176680079732816e-14,1.5975290916839165e-12,719.6344112399382,1.8559118382575756e-12,1.5278814214412263e-13,0.0,0.00048346358,-5.1872564e-07,65379.055,0.96086663,-158.15186,0.0,0.0,0.0,-5.927694372206338e-13,2.1902985e-12,2.509226e-16,0.0,-0.0,0.0,7.48e-16,2.176680079732816e-14,1.5975290916839165e-12,719.6344112399382,1.8559118382575756e-12,1.5278814214412263e-13,0.0
10,10,12,adbb36,NKS2975,41.50187864141949,-71.1456724654796,214.523333148,7406.64,0.4665474543434746,34610D,238.04564,18.663633,38.063797,243.27699799281845,66902.64927663117,0.39126523685778464,1.140668385328034,67.06280130170201,78.9425333067404,2556.90750070232,0.0003682376169271,38763.39764052093,1.0390379818513042,0.5588566775141834,1.0,climb,0,GTF,0,43031,1.237,3.16,3.16,0,0.7865532499108953,39.47219825567012,19.34709239263952,36.28235539,1450000000000000.0,22.3244203796592,822.7338941998,1701.08710255053,0.0368237616927,0.0269549555859763,0.570334192664017,39.4712666533702,21.1587880694094,21.150999475766817,0.03682376169271,0.9372930263832688,1046337995465519.2,20.46229789003295,1256653348448003.5,0.018912540224491944,2.221705231074766e-05,3.16,35.8,2023-02-06 15:12:00,0.00036823782295319647,1.0390394786713344,1.0,10,387.6339764052093,0.00036823782295319647,18.663633,38.063797,1.0390394786713344,3.311486,8.087466e-05,0.5672885966075324,653.2054512085617,12816.255093192238,-0.7095989155071798,-0.704605832441823,2.9490298706679807,237.53140305563159,0.7355636335359295,inf,0.0,231.4558796950984,,,,,,,,,,,,,,0.0,0 days 00:00:00,,,,,,,,,,,,,,,,,,,,,0.0,,,,,,,,,,,,,,,,,,0.0,0.0,0.0003532726,-3.590181e-07,71968.36,0.99855524,-158.63689,0.24732047189581408,0.24732047189581408,1.0000000000000002,-5.68465202823889e-13,1.895947e-12,2.447836e-16,2.0155529157547213e-13,-4.768189162082483e-14,-4.768189162082483e-14,7.479999999999999e-16,1.0620943572960447e-14,1.3274817413123029e-12,721.3115948788657,1.7182607761628473e-12,1.6177050294193e-13,-6.111032863384365e-13,0.0003532726,-3.590181e-07,71968.36,0.99855524,-158.63689,0.0,0.24732047189581408,0.0,-5.68465202823889e-13,1.895947e-12,2.447836e-16,0.0,-0.0,0.0,7.479999999999999e-16,1.8250046232292424e-14,1.3274817413123029e-12,721.3115948788657,1.7182607761628473e-12,1.6177050294193e-13,0.0
11,11,13,adbb36,NKS2975,41.420196533203125,-71.25376614657318,202.691110936,8191.5,0.4684502827275132,34610D,233.5296,17.815708,44.135754,244.93417923465336,66835.58647532947,0.39408433173624646,1.046525827822822,64.15944993762183,72.4554678829558,2140.619094955021,0.0002520808689247,34624.16263551337,1.0472559452046726,0.5346620828135152,1.0,climb,0,GTF,0,43031,1.237,3.16,3.16,0,0.79953163614343,36.2277978099741,18.89242216677557,36.28235539,1450000000000000.0,20.5260875185434,815.549168723935,1691.10673016804,0.0252080868925,0.0268067846694362,0.523262913911411,36.2277339414779,19.5197939761873,19.514874649628663,0.02520808689247,0.9013511370711336,1038408475020508.2,18.2099892236804,1134741206435662.2,0.018032569715228215,1.9930302274659273e-05,3.16,35.8,2023-02-06 15:13:00,0.000252081094042299,1.047258353260675,1.0,11,346.2416263551337,0.000252081094042299,17.815708,44.135754,1.047258353260675,2.1741505,9.194587e-05,0.5165112585438917,655.86941331496,11688.683090804052,-0.6791246856792927,-0.7340229296834,2.646116947945444,236.32919472560795,0.7089991331491959,0.9546674035978785,0.0,230.08902697193525,,,,,,,,,,,,,,0.0,0 days 00:00:00,,,,,,,,,,,,,,,,,,,,,0.0,,,,,,,,,,,,,,,,,,0.0,0.0,0.0002415978,2.0083243e-07,79567.77,1.0006182,-159.12427,0.9969813524609784,0.9969813524609784,1.0,-5.40312453609444e-13,1.6682367e-12,2.2749534e-16,8.019266140685285e-13,-1.8953792590085808e-13,-1.8953792590085808e-13,7.480000000000001e-16,-1.4687556594489248e-14,1.1279243247186358e-12,722.9530959358706,1.2771408139573222e-12,1.484191301224949e-13,-2.2154487495434313e-12,0.0002415978,2.0083243e-07,79567.77,1.0006182,-159.12427,0.07516747289732617,0.9969813524609784,0.07516747289732617,-5.40312453609444e-13,1.6682367e-12,2.2749534e-16,4.592949033718569e-14,-1.4287371626216216e-14,-1.4287371626216216e-14,7.480000000000001e-16,1.3352532089453448e-14,1.1279243247186358e-12,722.9530959358706,1.2771408139573222e-12,1.484191301224949e-13,-1.6700055913938705e-13
12,12,14,adbb36,NKS2975,41.348876953125,-71.35638427734375,187.257777616,8846.82,0.470241212102767,34610D,229.99002,21.76576,51.513905,247.2392820675877,66771.42702539185,0.400007853137102,0.847811046362438,59.7885992171396,59.024396251892,1345.279056249233,0.0001920717725757,31449.097820958512,1.0871011056576625,0.4982383268094966,0.9723986828671952,climb,0,GTF,0,43031,1.237,3.16,3.16,0,0.8132427005528513,29.511584419705507,17.86986386218111,36.28235539,1450000000000000.0,17.4176499088078,787.657894065704,1614.21016596419,0.0192071772576,0.0249326543954259,0.423905523181219,29.512198125946,17.0020213836112,16.998756402337424,0.01920717725757,0.7733916384207117,907755388459983.2,16.525803132238646,1042668762690387.6,0.01590440041160606,1.4414996559908288e-05,3.16,35.8,2023-02-06 15:14:00,0.00019207176548403446,1.0871010023097696,1.0,12,314.4909782095851,0.00019207176548403446,21.76576,51.513905,1.0871010023097696,1.2863868,6.18521e-05,0.4763669789015491,658.3767062502064,11035.497478267458,-0.5563502159153338,-0.830947914884538,2.4270688054400273,235.38145822528136,0.7107063429613851,0.7920633699292865,0.0,229.21337625542304,,,,,,,,,,,,,,0.0,0 days 00:00:00,,,,,,,,,,,,,,,,,,,,,0.0,,,,,,,,,,,,,,,,,,0.0,0.0,0.0001782517,2.0590173e-08,86068.01,1.0139253,-161.08755,0.9712232380964928,0.9712232380964928,0.9999999999999999,-5.161632401584665e-13,1.5756063e-12,2.2024526e-16,6.505966222158668e-13,-1.738426860411251e-13,-1.738426860411251e-13,7.479999999999999e-16,-1.3073825163713663e-14,1.0594430267607934e-12,724.3862593102243,8.571271049925458e-13,1.2023724084395805e-13,-1.918440523422078e-12,0.0001782517,2.0590173e-08,86068.01,1.0139253,-161.08755,0.7101804358082984,0.9712232380964928,0.7101804358082984,-5.161632401584665e-13,1.5756063e-12,2.2024526e-16,4.3508121972898587e-13,-1.2720530070821464e-13,-1.2720530070821464e-13,7.479999999999999e-16,-5.6118435104479865e-15,1.0594430267607934e-12,724.3862593102243,8.571271049925458e-13,1.2023724084395805e-13,-1.4037737751877564e-12
13,13,15,adbb36,NKS2975,41.293650481660485,-71.466064453125,187.257777616,9258.3,0.471772612479313,34610D,227.0229,22.014217,55.837452,247.78404914921464,66711.63842617472,0.4014945185265763,0.816488234658268,58.02195582208347,56.9295360566784,1219.0946920025176,0.0001446612297526,29579.01497200583,1.0922860976035615,0.4835162985173622,0.9572400306015084,climb,0,GTF,0,43031,1.237,3.16,3.16,0,0.8203434368658684,28.465100708211224,17.386419925675487,36.28235539,1449999999999999.8,16.774631222639,783.488242513956,1609.61412204683,0.0144661229753,0.024891300558429,0.408244117329134,28.4647680283392,16.4010762061562,16.39870394947652,0.01446612297526,0.755773652190747,878381986110379.1,15.477435251082309,985438916464834.8,0.015583542717933982,1.3819050875758002e-05,3.16,35.8,2023-02-06 15:15:00,0.0001446614008407705,1.0922894238044543,1.0,13,295.79014972005837,0.0001446614008407705,22.014217,55.837452,1.0922894238044543,0.87922275,4.318582e-05,0.4538961394574675,660.5206359433314,11315.093546735028,-0.5606563422737746,-0.828048589074453,2.2883227624224234,234.74122258872964,0.6935385119378561,0.4781675213149757,1.0,228.4681487768964,28.117254249628648,57.82658549911112,1.0932114521725151,227.25412,0.00014818681471610287,9229.386707250444,1.0,0.0028918950120598195,0.008596233,115.65317099822224,0.4554024831638474,1.5334316121172187e-05,1945947509154.2615,-5767245729207.453,0 days 02:45:00,-3.5828861241591226e-10,-5.410158047480275e-12,679.694840445659,612.2569664852344,713.0517056540458,222.97226557586737,177.67505770482705,245.42656021649213,186.06409,162.27957,204.62172,-7.526401440302531,-9.744518280029297,-4.028342247009277,3.1298182,1.4126068,4.6071634,-4.396583120028178,-6.725797653198242,-1.4416027069091797,-1.0,9388.669173840577,1.072826611024829,0.02366003883180685,989997380699.6671,364264737231.6529,1.8766249167565547e-05,19069.12816220369,513.4741654839986,0.10596560094870743,0.7793494,2.75,-7.526401440302531,3.1298182,-4.396583120028178,186.06409,679.694840445659,222.97226557586737,11315.093546735028,11315.093546735028,0.0001408588,2.816196e-08,90023.25,1.0163127,-163.17398,1.0000000000000002,1.0000000000000002,1.0000000000000002,-5.014479301403837e-13,1.5333459e-12,2.1939968e-16,5.968344356227302e-13,-1.674725877654697e-13,-1.674725877654697e-13,7.48e-16,-1.2413539962202717e-14,1.0318980309497094e-12,725.4960324764578,7.877785673321751e-13,1.1579501462982331e-13,-1.8949679970800815e-12,0.0001408588,2.816196e-08,90023.25,1.0163127,-163.17398,1.0000000000000002,1.0000000000000002,1.0000000000000002,-5.014479301403837e-13,1.5333459e-12,2.1939968e-16,5.968344356227302e-13,-1.674725877654697e-13,-1.674725877654697e-13,7.48e-16,-1.2413539962202717e-14,1.0318980309497094e-12,725.4960324764578,7.877785673321751e-13,1.1579501462982331e-13,-1.8949679970800815e-12
14,14,16,adbb36,NKS2975,41.23657743809586,-71.57805009321731,190.858888724,9631.68,0.4733131016351138,34610D,224.30598,21.877241,58.30425,248.08990570861025,66653.61647035263,0.402904317527793,0.785344778589468,56.20009646634648,54.8825935975184,788.0498040287434,0.0001059903107665,27961.00192873563,1.050336438429537,0.4683341372195539,0.9388176928972632,climb,0,GTF,0,43031,1.237,3.16,3.16,0,0.826315413787371,27.44141396953477,16.85647311645895,36.28235538999999,1450000000000000.0,16.1573669504224,778.995292730969,1603.42860083025,0.0105990310767,0.0248050048985115,0.392672389294734,27.4412967987592,15.8303693509167,15.828691662968314,0.0105990310766499,0.7370731235999647,847490202999033.8,14.549521291683188,934723181582060.6,0.015256270490448096,1.3192546249484939e-05,3.16,35.8,2023-02-06 15:16:00,0.00010599042700342244,1.0503394042900187,1.0,14,279.6100192873563,0.00010599042700342244,21.877241,58.30425,1.0503394042900187,0.6009063,3.1196872e-05,0.4342644978610953,662.6772896476601,11704.06159163795,-0.5594976828127269,-0.8288319147614849,2.1681834232063952,234.15847804936138,0.6493456659471383,0.0,1.0,227.57775747343612,28.117254249628648,58.401967194179036,1.0549986096797597,224.49898,0.00010851887739785449,9602.479016402911,1.0,0.00371069337046805,0.007248291,116.80393438835807,0.43581377576960656,8.978314514362465e-06,1945332901119.1682,-2576372094090.26,0 days 02:44:00,-1.600564335214358e-10,-2.4168521461736808e-12,630.8597167210248,439.81082436952227,712.7013974559022,228.68849594160594,175.94389013168347,268.7616008280887,189.65558,163.94734,208.16638,-14.638038754463196,-31.156272888183594,-5.400836944580078,9.794077,1.0637021,23.393616,-4.843961656093597,-8.393573760986328,0.7623062133789062,-1.0,9818.250003264744,1.0525762076329035,0.032965285919581686,2392680026878.543,2411048086364.4653,1.4424247474836394e-05,8790.542620372895,600.9059422262137,0.2542613566256324,0.45552474,3.7333333333333334,-14.638038754463196,9.794077,-4.843961656093597,189.65558,630.8597167210248,228.68849594160594,11704.06159163795,11704.06159163795,0.00011618819,1.9710865e-07,93818.99,0.9936801,-164.65527,1.0000000000000002,1.0000000000000002,1.0000000000000002,-4.872994117688468e-13,1.549481e-12,2.3023512e-16,5.32646009641119e-13,-1.5920552765802285e-13,-1.5920552765802285e-13,7.480000000000001e-16,-1.068628883292095e-14,1.062181574847493e-12,726.6421699284427,7.635874022486139e-13,1.1137822477538126e-13,-1.8633513014387188e-12,0.00011618819,1.9710865e-07,93818.99,0.9936801,-164.65527,1.0000000000000002,1.0000000000000002,1.0000000000000002,-4.872994117688468e-13,1.549481e-12,2.3023512e-16,5.32646009641119e-13,-1.5920552765802285e-13,-1.5920552765802285e-13,7.480000000000001e-16,-1.068628883292095e-14,1.062181574847493e-12,726.6421699284427,7.635874022486139e-13,1.1137822477538126e-13,-1.8633513014387188e-12
15,15,17,adbb36,NKS2975,41.177642822265625,-71.69392903645833,198.575555384,9872.98,0.4748542557780025,34610D,223.16002,23.201843,60.262886,252.72751927007576,66597.41637388628,0.4041275130736252,0.844704242035494,58.57323668658732,58.1235320787398,1205.4652066824035,9.35947659785277e-05,26954.03304314351,1.0292693356599123,0.488110305721561,1.0,climb,0,GTF,0,43031,1.237,3.16,3.16,0,0.8439205370276759,29.06100258971245,18.003294919250223,36.28235539,1450000000000000.0,16.8581975812389,794.077255765817,1650.01865292229,0.00935947659785,0.0259815348085053,0.422352121017747,29.0617660393699,16.2558572513386,16.25433593057104,0.0093594765978527,0.8012835915093134,926564350090663.8,14.307788324691767,919154363962126.0,0.016055814317964344,1.491537679417074e-05,3.16,35.8,2023-02-06 15:17:00,9.359477887915904e-05,1.029269700945481,1.0,15,269.54033043143517,9.359477887915904e-05,23.201843,60.262886,1.029269700945481,0.4630183,2.5626005e-05,0.4207748884922035,664.834873354663,11853.236334602561,-0.5622178931878862,-0.826989141754216,2.0943680365266344,233.7861011021751,0.6292145875260976,0.0,1.0,227.0831901665623,28.117254249628648,49.57404275316749,1.0308222555633848,223.28394,9.48214084128885e-05,9848.192978623416,1.0,0.006523222687722807,0.012675439,99.14808550633498,0.42213381016566515,9.245329072252158e-06,2428250752116.8237,-3313932807479.2764,0 days 02:43:00,-2.0587719736271507e-10,-3.1087456801769975e-12,679.0236669416521,608.7622430486482,713.1361949928946,223.5712641910011,177.60372428976962,248.04094174970123,189.46399,164.9997,206.91058,-6.487470547358195,-7.577475070953369,-5.3134355545043945,3.3414376,0.89480394,5.432681,-3.146032969156901,-5.07785701751709,-1.1178607940673828,-1.0,10071.862615306223,1.05151384017589,0.019507841181602485,1080090114123.5312,766081434850.9967,1.2455747373833848e-05,6876.2186904327655,329.6553860082094,0.086817684616943,0.40442634,2.716666666666667,-6.487470547358195,3.3414376,-3.146032969156901,189.46399,679.0236669416521,223.5712641910011,11853.236334602561,11853.236334602561,0.000100574725,2.9602148e-07,96185.805,0.98119724,-165.92076,0.9999999999999999,0.9999999999999999,0.9999999999999999,-4.784729286698589e-13,1.5591429e-12,2.365582e-16,4.920860254488179e-13,-1.5214290325323953e-13,-1.5214290325323953e-13,7.479999999999999e-16,-9.309597130383579e-15,1.0806699387646493e-12,727.8231980187754,8.793896164804611e-13,1.1979663136886738e-13,-1.803385788893221e-12,0.000100574725,2.9602148e-07,96185.805,0.98119724,-165.92076,0.9999999999999999,0.9999999999999999,0.9999999999999999,-4.784729286698589e-13,1.5591429e-12,2.365582e-16,4.920860254488179e-13,-1.5214290325323953e-13,-1.5214290325323953e-13,7.479999999999999e-16,-9.309597130383579e-15,1.0806699387646493e-12,727.8231980187754,8.793896164804611e-13,1.1979663136886738e-13,-1.803385788893221e-12
16,16,18,adbb36,NKS2975,41.117683022709215,-71.81088534268468,198.575555384,10241.28,0.4764005613186389,34610D,221.3397,28.985846,61.40991,262.0701844054596,66538.8431371997,0.41051719024502126,0.827991780626978,57.1066900417536,55.8111791120628,1025.179399762079,7.673249863071792e-05,25473.86021617818,1.0003378658334103,0.4758890836812799,1.0,climb,0,GTF,0,43031,1.237,3.16,3.16,0,0.878709174515066,27.9059260598548,17.91679770779004,36.28235539,1450000000000000.2,16.5097711889519,795.449928301154,1652.48682628597,0.00767324986307,0.026027808234292,0.413995890313489,27.9055895560314,15.9059067358597,15.904686329537697,0.0076732498630717,0.8073622995214953,898141461237753.6,14.14619766656786,905409409045705.2,0.01601492758861635,1.449832464503093e-05,3.16,35.8,2023-02-06 15:18:00,7.673251079562757e-05,1.0003382741719222,1.0,16,254.7386021617818,7.673251079562757e-05,28.985846,61.40991,1.0003382741719222,0.28609538,2.0580897e-05,0.4009386217945903,666.9996684047383,11942.367084980287,-0.5582094131084937,-0.8297000970935648,2.0007824919110413,233.29692512033313,0.6007367409535558,0.0,1.0,226.4293469145192,28.117254249628648,47.91909730696793,1.0064272974004176,221.46936,7.817631037477345e-05,10217.320451346517,1.0,0.006432462064861397,0.018342827,95.83819461393585,0.4021863596468054,7.2481495143383566e-06,2226536671407.5347,0.0,0 days 00:00:00,0.0,0.0,401.8412232507453,0.0,714.6645907423541,161.03494720181257,0.0,305.8801071320121,166.89218,134.62848,191.58264,-5.89146876335144,-14.982488632202148,0.0,4.1415014,0.32726097,9.412864,-1.7499672174453735,-8.440685272216797,2.0330400466918945,0.0,10443.631121345039,1.0286921252149595,0.021584307361259235,756699932157.5544,329529016895.1972,1.7577972410031492e-05,9759.56050566585,922.017878890292,0.13515678267785544,0.19973727,6.7,-5.89146876335144,4.1415014,-1.7499672174453735,166.89218,401.8412232507453,161.03494720181257,11942.367084980287,0.0,7.666108e-05,4.3988334e-07,99662.51,0.96109563,-167.63437,1.0,1.0,1.0,-4.654647765635177e-13,1.5714254e-12,2.4550633e-16,4.3063062992388964e-13,-1.4257930527018423e-13,-1.4257930527018423e-13,7.48e-16,-7.441694207661842e-15,1.1059606378163506e-12,729.0247704150532,8.799174402419971e-13,1.1742645672194255e-13,-1.7027344022580044e-12,7.666108e-05,4.3988334e-07,99662.51,0.96109563,-167.63437,1.0,1.0,1.0,-4.654647765635177e-13,1.5714254e-12,2.4550633e-16,4.3063062992388964e-13,-1.4257930527018423e-13,-1.4257930527018423e-13,7.48e-16,-7.441694207661842e-15,1.1059606378163506e-12,729.0247704150532,8.799174402419971e-13,1.1742645672194255e-13,-1.7027344022580044e-12
17,17,19,adbb36,NKS2975,41.05769348144531,-71.92901611328125,200.118888716,10553.7,0.4779381143537925,34610D,219.87013,33.316765,56.909664,268.560056069703,66481.73644715795,0.4127945820770818,0.85833746804791,55.80393330004075,56.7717235289848,1079.0397161403382,5.607213126781192e-05,24270.50189404938,0.8385619323631175,0.4650327775003395,1.0,climb,0,GTF,0,43031,1.237,3.16,3.16,0,0.9034736653770894,28.38511159194425,17.680166083609826,36.28235538999999,1450000000000000.0,16.7512668077497,806.790266605158,1686.80098513314,0.00560721312678,0.0269001308731235,0.429168734023955,28.3858617644924,15.9541504109464,15.953255877888664,0.0056072131267811,0.8586056374905122,917215855137444.6,13.896229283930117,888412613215404.8,0.016569605881131728,1.54889276436607e-05,3.16,35.8,2023-02-06 15:19:00,5.6072131267811916e-05,0.8385624479343051,0.0,17,242.70501894049386,5.6072131267811916e-05,33.316765,56.909664,0.8385624479343051,0.15652399,1.3290411e-05,0.3845519101086538,669.1522081980179,12283.131031576502,-0.6662096483277008,-0.7457645100667376,1.9136267193940113,232.8227972075463,0.49641413522346944,0.0,1.0,225.34641822745607,28.117254249628648,44.73460614587962,0.8561343694208372,219.96196,5.771817252046005e-05,10531.33269692706,0.0,0.008247579920150372,0.023683941,89.46921229175923,,,,0.0,0 days 00:00:00,,,,,,,,,,,,,,,,,,,,,0.0,,,,,,,,,,,,,,,,,,12283.131031576502,0.0,5.6144803e-05,1.3249643e-06,102714.54,0.8047909,-169.43709,0.7082007576197542,0.7082007576197542,0.9999999999999998,-4.5402152828893453e-13,1.6162142e-12,3.1307015e-16,2.904155163178657e-13,-9.384968357357496e-14,-9.384968357357496e-14,7.48e-16,1.1536260561331288e-15,1.1621927127357954e-12,730.226938824243,9.91744150560281e-13,1.2173010638852904e-13,-1.152767960606214e-12,5.6144803e-05,1.3249643e-06,102714.54,0.8047909,-169.43709,0.7082007576197542,0.7082007576197542,0.9999999999999998,-4.5402152828893453e-13,1.6162142e-12,3.1307015e-16,2.904155163178657e-13,-9.384968357357496e-14,-9.384968357357496e-14,7.48e-16,1.1536260561331288e-15,1.1621927127357954e-12,730.226938824243,9.91744150560281e-13,1.2173010638852904e-13,-1.152767960606214e-12
18,18,20,adbb36,NKS2975,40.98407810017214,-72.03810258345169,209.893333152,10881.36,0.4797063092268829,34610D,218.74408,34.128746,47.20428,265.45429441223774,66425.9325138579,0.3898324842528492,0.712077492633402,45.84807563330816,44.9983891828856,125.8197210268524,3.378725849623048e-05,23058.32221844504,0.5543786856559814,0.3820672969442346,0.8645141280140193,cruise,0,GTF,0,43031,1.237,3.16,3.16,0,0.89532111266811,22.499544598796653,14.471754485890347,36.28235539,1450000000000000.0,13.7968111181063,784.860403423442,1668.18127433255,0.00337872584962,0.0268708141846282,0.356038746316701,22.4991945914428,13.2500170582988,13.249569391672802,0.003378725849623,0.7615085896991521,810757054383923.8,9.18518033709643,659443955831330.6,0.014777504664507786,1.2794785388000137e-05,3.16,35.8,2023-02-06 15:20:00,3.378725849623048e-05,0.5543785948080905,0.0,18,230.58322218445042,3.378725849623048e-05,34.128746,47.20428,0.5543785948080905,0.06051564,5.3272415e-06,0.36722635693195943,671.6276642025535,12623.109786611216,-0.7254482820599222,-0.6882766813254011,1.7496001058197164,231.87614706952664,0.32460229955611186,0.0,1.0,223.6043998940278,28.117254249628648,44.035318201321196,0.5737425449108458,218.81688,3.517406911258066e-05,10859.34234089934,0.0,0.009654476922264905,0.03011467,88.07063640264239,,,,0.0,0 days 00:00:00,,,,,,,,,,,,,,,,,,,,,0.0,,,,,,,,,,,,,,,,,,12623.109786611216,0.0,3.4516917e-05,2.8285212e-06,105941.44,0.53883165,-171.40419,0.2185877938133502,0.2185877938133502,1.0000000000000002,-4.418923394652166e-13,1.6859326e-12,4.2896933e-16,8.959460581154046e-14,-2.65051447933736e-14,-2.65051447933736e-14,7.48e-16,1.3108669496261391e-14,1.2440402559770447e-12,731.7012772540256,7.854418690802273e-13,1.009873996672632e-13,-3.345773526367816e-13,3.4516917e-05,2.8285212e-06,105941.44,0.53883165,-171.40419,0.2185877938133502,0.2185877938133502,1.0000000000000002,-4.418923394652166e-13,1.6859326e-12,4.2896933e-16,8.959460581154046e-14,-2.65051447933736e-14,-2.65051447933736e-14,7.48e-16,1.3108669496261391e-14,1.2440402559770447e-12,731.7012772540256,7.854418690802273e-13,1.009873996672632e-13,-3.345773526367816e-13
19,19,21,adbb36,NKS2975,40.90168063923464,-72.14147394353694,211.951110928,10919.46,0.4816210808634991,34610D,218.70056,33.01648,45.317448,265.64537114785105,66380.0844382246,0.38942313805570167,0.693419022429898,44.25636330474149,43.7418039273446,25.182747888370105,3.092654377559391e-05,22920.61352197232,0.5072384398080344,0.3688030275395124,0.8391003990147546,cruise,0,GTF,0,43031,1.237,3.16,3.16,0,0.8960546685019538,21.870528939002668,14.047685346835474,36.28235539,1450000000000000.0,13.5070940610107,782.088060163748,1659.65992262854,0.00309265437756,0.02665257802412,0.346709511214949,21.8709019636723,13.0084793636542,13.008077068789294,0.0030926543775593,0.749904141960873,783268793215252.1,9.102166646818937,654861923812804.5,0.0145877504300072,1.2282772862578923e-05,3.16,35.8,2023-02-06 15:21:00,3.0926543775593904e-05,0.507238733960008,0.0,19,229.20613521972325,3.0926543775593904e-05,33.01648,45.317448,0.507238733960008,0.052231163,4.5894203e-06,0.3651058503680014,674.3083383058059,12899.985623059993,-0.7267673554655459,-0.6868836954169294,1.73798090104965,231.806146162339,0.29687498706658627,0.0,1.0,223.41652098239604,28.117254249628648,43.71910555087057,0.5236583118192502,218.7512,3.202588375449609e-05,10897.600447224564,0.0,0.01001693071647054,0.030917577,87.43821110174115,,,,0.0,0 days 00:00:00,,,,,,,,,,,,,,,,,,,,,0.0,,,,,,,,,,,,,,,,,,12899.985623059993,0.0,3.1422984e-05,3.1828902e-06,106321.375,0.49524796,-175.77525,0.1450869153275623,0.1450869153275623,1.0000000000000002,-4.4044569062927776e-13,1.6947294e-12,4.5628527e-16,5.950275565414254e-14,-1.381299497725415e-14,-1.381299497725415e-14,7.479999999999998e-16,1.5299894556622235e-14,1.2542837284065468e-12,733.3479027895067,7.612566768531493e-13,9.834124049622604e-14,-1.7818743661797841e-13,3.1422984e-05,3.1828902e-06,106321.375,0.49524796,-175.77525,0.1450869153275623,0.1450869153275623,1.0000000000000002,-4.4044569062927776e-13,1.6947294e-12,4.5628527e-16,5.950275565414254e-14,-1.381299497725415e-14,-1.381299497725415e-14,7.479999999999998e-16,1.5299894556622235e-14,1.2542837284065468e-12,733.3479027895067,7.612566768531493e-13,9.834124049622604e-14,-1.7818743661797841e-13
20,20,22,adbb36,NKS2975,40.81732177734375,-72.24676513671875,216.581110924,10927.08,0.4835485891851374,34610D,218.77159,31.965027,44.32478,266.46489956033525,66335.82807491985,0.38938057116241276,0.685035215768656,43.42008465452801,43.0753292253182,-25.193188080345244,2.975903122113189e-05,22893.15186653853,0.4830754896640492,0.3618340387877334,0.8260258872683053,cruise,0,GTF,0,43031,1.237,3.16,3.16,0,0.8986731523976719,21.53740726067065,13.933881188251362,36.28235539,1450000000000000.0,13.3783766752324,781.089184361097,1655.8404408638,0.00297590312211,0.0265481043918371,0.342517607884328,21.5376646126591,12.9017726775869,12.90138874475645,0.0029759031221131,0.7457206007839599,769486293443829.9,9.134279890895048,656290488273682.1,0.014512958612479497,1.2038237816896884e-05,3.16,35.8,2023-02-06 15:22:00,2.9759031221131895e-05,0.4830757631821805,0.0,20,228.93151866538534,2.9759031221131895e-05,31.965027,44.32478,0.4830757631821805,0.04966526,4.3759255e-06,0.36455001031523826,677.0068435061663,12825.813479193283,-0.7286579191539555,-0.684877826224669,1.7357758314371747,231.79281476181973,0.2829284804476763,0.0,1.0,223.34358354087323,28.117254249628648,43.240852730031456,0.49943294493091644,218.81644,3.083935542268215e-05,10905.459573634984,0.0,0.010332747877345127,0.031642757,86.48170546006291,,,,0.0,0 days 00:00:00,,,,,,,,,,,,,,,,,,,,,0.0,,,,,,,,,,,,,,,,,,12825.813479193283,0.0,3.0202786e-05,3.4060513e-06,106406.76,0.4727571,-180.14484,0.11512617987697561,0.11512617987697561,0.9999999999999998,-4.401054522159114e-13,1.6973327e-12,4.734873e-16,4.7257062979836176e-14,-7.92348888580765e-15,-7.92348888580765e-15,7.479999999999998e-16,1.6297684016943613e-14,1.2572273038978166e-12,735.0337248349094,7.499527627291404e-13,9.715224232848339e-14,-1.0162519055382992e-13,3.0202786e-05,3.4060513e-06,106406.76,0.4727571,-180.14484,0.11512617987697561,0.11512617987697561,0.9999999999999998,-4.401054522159114e-13,1.6973327e-12,4.734873e-16,4.7257062979836176e-14,-7.92348888580765e-15,-7.92348888580765e-15,7.479999999999998e-16,1.6297684016943613e-14,1.2572273038978166e-12,735.0337248349094,7.499527627291404e-13,9.715224232848339e-14,-1.0162519055382992e-13
21,21,23,adbb36,NKS2975,40.73323059082031,-72.35101318359375,214.008888704,10919.46,0.485474856827532,34610D,218.88194,30.89474,43.80498,266.8737120941892,66292.40799026532,0.3896936705250796,0.690178765674432,43.79046771160457,43.3671205997808,0.0,2.9033708498931403e-05,22920.61352197232,0.4652284328452411,0.3649205642633714,0.8340154155256233,cruise,0,GTF,0,43031,1.237,3.16,3.16,0,0.899825003012553,21.68339191001421,13.990978417852578,36.28235539,1450000000000000.0,13.4578410194553,782.267924769028,1658.74979006617,0.00290337084989,0.0266158606306175,0.345089382837216,21.6835602998904,12.9655541718701,12.965177744678824,0.0029033708498931,0.7506581407054345,776040498403500.9,9.176564512919509,658442867693518.1,0.014578275763966421,1.217454526064667e-05,3.16,35.8,2023-02-06 15:23:00,2.9033708498931403e-05,0.46522867855662725,0.0,21,229.20613521972325,2.9033708498931403e-05,30.89474,43.80498,0.46522867855662725,0.0484765,4.2794622e-06,0.3648032995995838,679.7036103634348,12781.712201607928,-0.7259953539856232,-0.6876996044722504,1.7387484627677328,231.81078316942381,0.27276860050143786,0.0,1.0,223.31648000292597,28.117254249628648,42.97691059427836,0.48131063416609726,218.92168,3.0089031129182896e-05,10897.97154470286,0.0,0.010445222467687927,0.03206527,85.95382118855672,,,,0.0,0 days 00:00:00,,,,,,,,,,,,,,,,,,,,,0.0,,,,,,,,,,,,,,,,,,12781.712201607928,0.0,2.969441e-05,3.5645487e-06,106346.98,0.45908606,-184.22322,0.10375133541984019,0.10375133541984019,1.0,-4.4031272443571987e-13,1.6969249e-12,4.857048e-16,4.27487942637063e-14,-4.4932650975668365e-15,-4.4932650975668365e-15,7.480000000000002e-16,1.6850740757817147e-14,1.2566121823866587e-12,736.713257271684,7.586129824862357e-13,9.788170469096053e-14,-5.743162132262907e-14,2.969441e-05,3.5645487e-06,106346.98,0.45908606,-184.22322,0.10375133541984019,0.10375133541984019,1.0,-4.4031272443571987e-13,1.6969249e-12,4.857048e-16,4.27487942637063e-14,-4.4932650975668365e-15,-4.4932650975668365e-15,7.480000000000002e-16,1.6850740757817147e-14,1.2566121823866587e-12,736.713257271684,7.586129824862357e-13,9.788170469096053e-14,-5.743162132262907e-14
22,22,24,adbb36,NKS2975,40.64973449707031,-72.4552001953125,214.008888704,10919.46,0.4873900865324296,34610D,218.9843,29.850077,42.913097,266.5303518762412,66248.61752255372,0.39001063002250996,0.70415864049391,45.073875204817774,44.3385741715832,75.66861910965217,2.780134364305348e-05,22920.61352197232,0.4396706697891707,0.3756156267068148,0.8595623630663931,cruise,0,GTF,0,43031,1.237,3.16,3.16,0,0.8984572435485778,22.169695190677643,14.3061235511393,36.28235539,1450000000000000.0,13.6584266190905,784.996333053949,1667.20456573397,0.00278013436431,0.0268328392655838,0.352079320246955,22.1692870857916,13.1212100501991,13.120845273070776,0.0027801343643053,0.762076706697027,796376724986494.2,9.14951210593529,657140809692698.8,0.014739545048530957,1.2571664007159792e-05,3.16,35.8,2023-02-06 15:24:00,2.7801343643053473e-05,0.43967081963017246,0.0,22,229.20613521972325,2.7801343643053473e-05,29.850077,42.913097,0.43967081963017246,0.045401,4.0027858e-06,0.3646327793122983,682.3849219373155,12825.490084480554,-0.7296900800303393,-0.6837780247312113,1.7396500930203005,231.8162277988796,0.2580407608363212,0.0,1.0,223.2590233890954,28.117254249628648,42.7559123997401,0.4554787710893692,219.01874,2.883125362044553e-05,10898.082043800128,0.0,0.010637383874367287,0.032669105,85.5118247994802,,,,0.0,0 days 00:00:00,,,,,,,,,,,,,,,,,,,,,0.0,,,,,,,,,,,,,,,,,,12825.490084480554,0.0,2.8567676e-05,3.7693212e-06,106358.51,0.43773964,-188.54787,0.10094724527335802,0.10094724527335802,0.9999999999999999,-4.4025060906894526e-13,1.6981003e-12,5.0148935e-16,4.1654812433138705e-14,-1.6980602620913923e-15,-1.6980602620913923e-15,7.479999999999999e-16,1.7329845349901473e-14,1.2578496653621852e-12,738.3771554882322,7.833116404628643e-13,9.98643417217587e-14,-2.1778455054303604e-14,2.8567676e-05,3.7693212e-06,106358.51,0.43773964,-188.54787,0.10094724527335802,0.10094724527335802,0.9999999999999999,-4.4025060906894526e-13,1.6981003e-12,5.0148935e-16,4.1654812433138705e-14,-1.6980602620913923e-15,-1.6980602620913923e-15,7.479999999999999e-16,1.7329845349901473e-14,1.2578496653621852e-12,738.3771554882322,7.833116404628643e-13,9.98643417217587e-14,-2.1778455054303604e-14
23,23,25,adbb36,NKS2975,40.56552692995233,-72.55901683460581,214.523333148,10942.32,0.4893135295859964,34610D,219.08496,28.675196,41.05006,263.4104549064371,66203.5436473489,0.3878068847842124,0.684509431881372,43.85224210224917,43.3654025316584,0.0,2.5332439872373844e-05,22838.30848108751,0.3940709124881585,0.3654353508520763,0.8375325585312796,cruise,0,GTF,0,43031,1.237,3.16,3.16,0,0.8877362471176897,21.682636140236337,13.971183270500438,36.28235539,1450000000000000.0,13.3332366750195,781.508741370504,1659.00032531602,0.00253324398724,0.026645865069232,0.342254715940686,21.6827012658292,12.844571382893,12.844246006803324,0.0025332439872373,0.7474756172262442,771420141120827.6,8.882418249122672,643931828850218.0,0.01451352937320702,1.2080484893894781e-05,3.16,35.8,2023-02-06 15:25:00,2.5332439872373844e-05,0.39407086651307677,0.0,23,228.38308481087512,2.5332439872373844e-05,28.675196,41.05006,0.39407086651307677,0.039845075,3.4769357e-06,0.3631564975582567,685.0777315656304,12881.428781620478,-0.730182142842088,-0.6832525435551167,1.7271597233320564,231.74057931983353,0.23150514762937577,0.0,1.0,223.07929916623445,28.117254249628648,42.79981378164916,0.4094047931285726,219.1143,2.6328451431839507e-05,10920.920093109175,0.0,0.011070832765429656,0.033390645,85.59962756329833,,,,0.0,0 days 00:00:00,,,,,,,,,,,,,,,,,,,,,0.0,,,,,,,,,,,,,,,,,,12881.428781620478,0.0,2.5852249e-05,4.117147e-06,106589.24,0.39368623,-192.64842,0.07893864558708608,0.07893864558708608,1.0,-4.3935788410736683e-13,1.7043716e-12,5.283009e-16,3.26970737835753e-14,7.496024596980564e-16,7.496024596980564e-16,7.479999999999999e-16,1.7841415771819106e-14,1.2650137301575479e-12,740.055231844319,7.540479481665525e-13,9.707767523696168e-14,9.655950699128048e-15,2.5852249e-05,4.117147e-06,106589.24,0.39368623,-192.64842,0.07893864558708608,0.07893864558708608,1.0,-4.3935788410736683e-13,1.7043716e-12,5.283009e-16,3.26970737835753e-14,7.496024596980564e-16,7.496024596980564e-16,7.479999999999999e-16,1.7841415771819106e-14,1.2650137301575479e-12,740.055231844319,7.540479481665525e-13,9.707767523696168e-14,9.655950699128048e-15
24,24,26,adbb36,NKS2975,40.48089496159957,-72.66307484019887,216.06666648,10942.32,0.4912379957285672,34610D,219.23889,27.560257,39.93513,260.2429341483655,66159.69140524665,0.38642792201320986,0.6939523859758,45.15409667387461,44.3405080438044,75.81811089412537,2.393670822812776e-05,22838.30848108751,0.3650935846853158,0.3762841389489551,0.8613563155475329,cruise,0,GTF,0,43031,1.237,3.16,3.16,0,0.876753242794769,22.170756486206216,14.288606051445248,36.28235539,1450000000000000.0,13.4415547223778,783.141626939748,1666.55392679636,0.00239367082281,0.0268624242543949,0.3469761929879,22.1702540219022,12.9167862774385,12.916477099494834,0.0023936708228127,0.7543207309010866,789409209824578.4,8.67310949742372,633852910096753.9,0.01460348979510496,1.2409407029186236e-05,3.16,35.8,2023-02-06 15:26:00,2.3936708228127758e-05,0.36509394134529755,0.0,24,228.38308481087512,2.3936708228127758e-05,27.560257,39.93513,0.36509394134529755,0.037188653,3.2260468e-06,0.36290152144672305,687.7719723089698,12922.539802805362,-0.7305500194052514,-0.6828591869097076,1.7232759711974144,231.71695845129076,0.21480381334112006,0.0,1.0,222.98973914975974,28.117254249628648,43.00003727192502,0.3799190094418944,219.26344,2.4902643870152036e-05,10920.819981364037,0.0,0.01126298879132122,0.033765934,86.00007454385003,,,,0.0,0 days 00:00:00,,,,,,,,,,,,,,,,,,,,,0.0,,,,,,,,,,,,,,,,,,12922.539802805362,0.0,2.458302e-05,4.3406767e-06,106601.234,0.36664146,-195.9531,0.07668325571316935,0.07668325571316935,0.9999999999999999,-4.3929261887103286e-13,1.7060153e-12,5.455313e-16,3.191862250915888e-14,2.6036692902807746e-15,2.6036692902807746e-15,7.48e-16,1.8177513513258755e-14,1.2667227011014488e-12,741.7406869794225,7.702276922066797e-13,9.841688254099674e-14,3.3646020036995296e-14,2.458302e-05,4.3406767e-06,106601.234,0.36664146,-195.9531,0.07668325571316935,0.07668325571316935,0.9999999999999999,-4.3929261887103286e-13,1.7060153e-12,5.455313e-16,3.191862250915888e-14,2.6036692902807746e-15,2.6036692902807746e-15,7.48e-16,1.8177513513258755e-14,1.2667227011014488e-12,741.7406869794225,7.702276922066797e-13,9.841688254099674e-14,3.3646020036995296e-14
25,25,27,adbb36,NKS2975,40.39595031738281,-72.76727294921875,216.581110924,10965.18,0.4931625017453956,34610D,219.39542,26.430655,37.887867,257.0054029171342,66114.53730857278,0.3842065096795572,0.674538043540076,43.96243632658064,43.392068449907,0.0,2.1419940427044163e-05,22756.24291978954,0.3190847638969585,0.3663536360548386,0.8406422563392735,cruise,0,GTF,0,43031,1.237,3.16,3.16,0,0.8655370965114447,21.69593200002293,13.937082049753055,36.28235538999999,1450000000000000.0,13.1242118293353,779.660366173256,1658.12829125709,0.0021419940427,0.0266675574178322,0.337269021770038,21.6960342249535,12.6471658609615,12.646894965224757,0.0021419940427044,0.7398197831381691,764275902031577.6,8.408405160724165,620752137067457.5,0.014380596177553197,1.191627571143249e-05,3.16,35.8,2023-02-06 15:27:00,2.141994042704416e-05,0.3190844763475038,0.0,25,227.56242919789543,2.141994042704416e-05,26.430655,37.887867,0.3190844763475038,0.031684656,2.708547e-06,0.3613395112173547,690.4662675883429,13036.644852984393,-0.7313170098020619,-0.6820377050971382,1.7108857547356928,231.64128508413035,0.18802051029295266,0.0,1.0,222.81375209850395,28.117254249628648,43.097978498520796,0.33312635009454544,219.41508,2.234286317309994e-05,10943.63101075074,0.0,0.011764767322865452,0.03416655,86.19595699704159,,,,0.0,0 days 00:00:00,,,,,,,,,,,,,,,,,,,,,0.0,,,,,,,,,,,,,,,,,,13036.644852984393,0.0,2.1726075e-05,4.704049e-06,106830.7,0.3200961,-198.4357,0.052478499925453066,0.052478499925453066,1.0000000000000002,-4.3840008579997413e-13,1.7125458e-12,5.735413e-16,2.1923488232059818e-14,2.6547873892536374e-15,2.6547873892536374e-15,7.48e-16,1.831020136900208e-14,1.2741456996544365e-12,743.4286559162903,7.415726135190795e-13,9.56635249652884e-14,3.4609520353881306e-14,2.1726075e-05,4.704049e-06,106830.7,0.3200961,-198.4357,0.052478499925453066,0.052478499925453066,1.0000000000000002,-4.3840008579997413e-13,1.7125458e-12,5.735413e-16,2.1923488232059818e-14,2.6547873892536374e-15,2.6547873892536374e-15,7.48e-16,1.831020136900208e-14,1.2741456996544365e-12,743.4286559162903,7.415726135190795e-13,9.56635249652884e-14,3.4609520353881306e-14
26,26,28,adbb36,NKS2975,40.31016540527344,-72.87213134765625,216.06666648,10965.18,0.4950913928308479,34610D,219.64192,25.245634,36.375816,254.36825038128023,66070.5748722462,0.38218526586657336,0.660412342056708,43.09245099680479,42.6980121945032,-50.65443130200358,1.94802678938306e-05,22756.24291978954,0.2812049772942065,0.3591037583067066,0.8248667968441394,cruise,0,GTF,0,43031,1.237,3.16,3.16,0,0.8561748622509794,21.34820384837698,13.794661992756724,36.28235539,1450000000000000.0,12.8916460212019,777.161909910937,1651.95859165443,0.00194802678938,0.0265237894830366,0.330206171028354,21.3490060972516,12.4494341669971,12.44919165340863,0.001948026789383,0.7295136888235715,747295574937053.1,8.238043106166568,612543841627081.1,0.014206904259925685,1.1580596152924968e-05,3.16,35.8,2023-02-06 15:28:00,1.9480267893830593e-05,0.28120523692904636,0.0,26,227.56242919789543,1.9480267893830593e-05,25.245634,36.375816,0.28120523692904636,0.027927143,2.3409384e-06,0.36093398667306426,693.1667010158891,12500.614113924119,-0.7336237634250103,-0.6795558650605,1.7052855647703677,231.60692248767538,0.16609863876346834,0.0,1.0,222.69703981369383,28.117254249628648,43.371781563608366,0.29388526737184534,219.65771,2.033015762940327e-05,10943.494109218196,0.0,0.01195093998541978,0.033895317,86.74356312721673,,,,0.0,0 days 00:00:00,,,,,,,,,,,,,,,,,,,,,0.0,,,,,,,,,,,,,,,,,,12500.614113924119,0.0,1.988642e-05,4.9940963e-06,106843.484,0.28666863,-200.26154,0.027959839424952698,0.027959839424952698,0.9999999999999999,-4.383299040696959e-13,1.7149482e-12,5.958991e-16,1.1683756200804137e-14,1.0608040329794188e-15,1.0608040329794188e-15,7.48e-16,1.8109664926810847e-14,1.2766182450464948e-12,745.1333221519044,7.18665723836667e-13,9.366020668035597e-14,1.326070186677015e-14,1.988642e-05,4.9940963e-06,106843.484,0.28666863,-200.26154,0.027959839424952698,0.027959839424952698,0.9999999999999999,-4.383299040696959e-13,1.7149482e-12,5.958991e-16,1.1683756200804137e-14,1.0608040329794188e-15,1.0608040329794188e-15,7.48e-16,1.8109664926810847e-14,1.2766182450464948e-12,745.1333221519044,7.18665723836667e-13,9.366020668035597e-14,1.326070186677015e-14
27,27,29,adbb36,NKS2975,40.22765078787076,-72.97219016335225,203.719999824,10949.94,0.4969979824726876,34610D,219.88832,24.185421,35.468075,252.4598588649258,66027.4824212494,0.381282700537677,0.66623773556275,43.857335567496406,43.2977603307906,25.356253964530744,1.8250799209852987e-05,22810.92671150505,0.2559351041002035,0.3654777963958033,0.8390942280366549,cruise,0,GTF,0,43031,1.237,3.16,3.16,0,0.849275294792675,21.64792783578409,13.891982436236736,36.28235538999999,1450000000000000.0,12.9671064914483,778.273985682227,1656.2540370936,0.00182507992099,0.0266414504110438,0.333118867781375,21.6488801653953,12.5037812371989,12.503553037363003,0.0018250799209852,0.7340989561529888,756279856751658.1,8.150692519629645,608567841532327.1,0.01427683553081168,1.1752059371628286e-05,3.16,35.8,2023-02-06 15:29:00,1.8250799209852987e-05,0.2559350421869557,0.0,27,228.10926711505053,1.8250799209852987e-05,24.185421,35.468075,0.2559350421869557,0.025813995,2.127527e-06,0.3613958963220217,695.8359093902071,12154.914716278163,-0.7318448990807754,-0.6814712346749859,1.706888001629707,231.61676518745267,0.1515358879251003,0.0,1.0,222.65038984202414,28.117254249628648,43.59860905263841,0.2674421662190609,219.90025,1.9034923336107975e-05,10928.140695473681,0.0,0.011933776971627594,0.033802003,87.19721810527682,,,,0.0,0 days 00:00:00,,,,,,,,,,,,,,,,,,,,,0.0,,,,,,,,,,,,,,,,,,12154.914716278163,0.0,1.9087878e-05,5.186194e-06,106708.92,0.26737282,-201.56857,0.007148038739938294,0.007148038739938294,0.9999999999999999,-4.388222930222402e-13,1.7141144e-12,6.107066e-16,2.9885949102440604e-15,1.8444400393200654e-16,1.8444400393200654e-16,7.479999999999997e-16,1.796701466041873e-14,1.2752920766027993e-12,746.7717328136603,7.278168328593802e-13,9.448636864769764e-14,2.241901137722414e-15,1.9087878e-05,5.186194e-06,106708.92,0.26737282,-201.56857,0.007148038739938294,0.007148038739938294,0.9999999999999999,-4.388222930222402e-13,1.7141144e-12,6.107066e-16,2.9885949102440604e-15,1.8444400393200654e-16,1.8444400393200654e-16,7.479999999999997e-16,1.796701466041873e-14,1.2752920766027993e-12,746.7717328136603,7.278168328593802e-13,9.448636864769764e-14,2.241901137722414e-15
28,28,30,adbb36,NKS2975,40.14761352539063,-73.06964111328125,205.263333156,10957.56,0.4988811171776999,34610D,220.19608,23.124063,33.446175,249.5154744776628,65983.6250856819,0.37646193820034046,0.60369963085952,38.91767491894907,39.1945730529958,50.804508210205945,1.6162218426602132e-05,22783.57153099147,0.217698153560804,0.3243139576579089,0.7468035667308327,cruise,0,GTF,0,43031,1.237,3.16,3.16,0,0.8387835388011621,19.59733807021031,13.15004966067174,36.28235538999999,1450000000000000.0,11.9955063958319,766.599836360557,1622.1260403179,0.00161622184266,0.0257904964812352,0.30184981542976,19.5972865264979,11.7039164270987,11.703727268902174,0.0016162218426602,0.6870562505028107,666854992480133.4,7.947664501494233,598665129921753.6,0.013567709921396132,1.004877516987983e-05,3.16,35.8,2023-02-06 15:30:00,1.6162218426602132e-05,0.21769818772979682,0.0,28,227.8357153099147,1.6162218426602132e-05,23.124063,33.446175,0.21769818772979682,0.021902567,1.7560103e-06,0.360458001258234,698.4722777536447,12377.452534263084,-0.7345357011683012,-0.6785700433331787,1.6916573856008388,231.52288096967234,0.1292837429251372,0.0,1.0,222.4807960642069,28.117254249628648,44.00133708839103,0.22772161222521076,220.20557,1.686820171447533e-05,10935.559331455805,0.0,0.01221545257198585,0.032978375,88.00267417678207,,,,0.0,0 days 00:00:00,,,,,,,,,,,,,,,,,,,,,0.0,,,,,,,,,,,,,,,,,,12377.452534263084,0.0,1.687327e-05,5.467813e-06,106792.734,0.22844821,-202.22043,0.0,0.0,1.0,-4.384826339536764e-13,1.7185561e-12,6.3241476e-16,0.0,0.0,0.0,7.48e-16,1.8021369538863433e-14,1.2800734431974799e-12,748.3576362026386,6.290911825919022e-13,8.561716460820184e-14,0.0,1.687327e-05,5.467813e-06,106792.734,0.22844821,-202.22043,0.0,0.0,1.0,-4.384826339536764e-13,1.7185561e-12,6.3241476e-16,0.0,0.0,0.0,7.48e-16,1.8021369538863433e-14,1.2800734431974799e-12,748.3576362026386,6.290911825919022e-13,8.561716460820184e-14,0.0
29,29,31,adbb36,NKS2975,40.06581115722656,-73.1683349609375,208.34999982,10972.8,0.5007777159445294,34610D,220.53572,22.122818,31.098965,245.68952525849448,65944.70741076295,0.37188900150786364,0.566573756215238,36.074084612618776,36.9032475197292,50.909080073229,1.3904155784255892e-05,22728.94085815235,0.1789693789315277,0.3006173717718231,0.6948482856768213,cruise,0,GTF,0,43031,1.237,3.16,3.16,0,0.8252857772372193,18.45166813867917,12.686228706558806,34.88435440194988,1471002951460205.0,11.3843091736473,759.444974482566,1602.96388284514,0.00139041557843,0.0253337208337361,0.283286878107619,18.4516237598646,11.182205723621,11.182050246652382,0.0013904155784255,0.6594362028999979,616117806554965.6,7.680387642671653,585544902738525.2,0.01314035554735172,9.090257227910304e-06,3.16,35.8,2023-02-06 15:31:00,1.3904155784255895e-05,0.17896967029237065,0.0,29,227.2894085815235,1.3904155784255895e-05,22.122818,31.098965,0.17896967029237065,0.017646,1.3627442e-06,0.3590398927739918,701.1274955804225,12515.762985238624,-0.7349525631051603,-0.6781185220779297,1.6753113382921592,231.42128437537193,0.10663691724540426,0.0,1.0,222.30445139944422,28.117254249628648,44.58238881487051,0.18747552637842022,220.54333,1.4527917179701503e-05,10950.508805592564,0.0,0.012600019522706419,0.031831734,89.16477762974102,,,,0.0,0 days 00:00:00,,,,,,,,,,,,,,,,,,,,,0.0,,,,,,,,,,,,,,,,,,12515.762985238624,0.0,1.42973695e-05,5.759322e-06,106949.266,0.18589988,-202.77364,0.0,0.0,0.9999999999999999,-4.378636750448271e-13,1.7247078e-12,6.5488527e-16,0.0,0.0,0.0,7.480000000000001e-16,1.8131858935725662e-14,1.2868441282670138e-12,749.9785143895964,5.74831774246352e-13,8.035194336545004e-14,0.0,1.42973695e-05,5.759322e-06,106949.266,0.18589988,-202.77364,0.0,0.0,0.9999999999999999,-4.378636750448271e-13,1.7247078e-12,6.5488527e-16,0.0,0.0,0.0,7.480000000000001e-16,1.8131858935725662e-14,1.2868441282670138e-12,749.9785143895964,5.74831774246352e-13,8.035194336545004e-14,0.0
30,30,32,adbb36,NKS2975,39.98304748535156,-73.2679443359375,210.92222204,10988.04,0.5026786971250342,34610D,220.90155,21.231644,28.752,243.05182810140613,65908.63332615033,0.36808980757122167,0.53782413298645,33.94479761454656,35.0490801536208,-51.0049115151931,1.1795228323849209e-05,22674.41630463499,0.1446256701754912,0.2828733134545546,0.6574867151263143,cruise,0,GTF,0,43031,1.237,3.16,3.16,0,0.8157493377914569,17.524387564803597,12.328694579966236,32.07162769618963,1513260119356990.0,10.8981755782935,753.994866131888,1588.52388650082,0.00117952283238,0.024993076875376,0.268912066493225,17.5245400768104,10.7594622236435,10.759335314826847,0.0011795228323849,0.6388827140160235,576638691072061.6,7.486006903784557,575936628230734.0,0.012814673026136663,8.360007416099042e-06,3.16,35.8,2023-02-06 15:32:00,1.1795228323849209e-05,0.14462566164057494,0.0,30,226.74416304634988,1.1795228323849209e-05,21.231644,28.752,0.14462566164057494,0.013659877,1.0081371e-06,0.35758541907424596,703.7888478509209,12666.144550022453,-0.735060258914066,-0.6780017815354074,1.6612411984705493,231.3331276919909,0.08648171280868167,0.0,1.0,222.15103859305873,28.117254249628648,45.07889349901341,0.15164655967765187,220.90782,1.2333722847162144e-05,10965.500553250495,0.0,0.012967676929929155,0.030464329,90.15778699802682,,,,0.0,0 days 00:00:00,,,,,,,,,,,,,,,,,,,,,0.0,,,,,,,,,,,,,,,,,,12666.144550022453,0.0,1.1877672e-05,6.019023e-06,107105.08,0.14724186,-203.26195,0.0,0.0,1.0,-4.3724552077129264e-13,1.7309127e-12,6.7490394e-16,0.0,0.0,0.0,7.479999999999999e-16,1.824057769439899e-14,1.2936672126185484e-12,751.6174704795216,5.349604023709971e-13,7.627464879944473e-14,0.0,1.1877672e-05,6.019023e-06,107105.08,0.14724186,-203.26195,0.0,0.0,0.9304912672295154,-4.3724552077129264e-13,1.7309127e-12,6.7490394e-16,0.0,0.0,0.0,7.479999999999999e-16,1.824057769439899e-14,1.2936672126185484e-12,751.6174704795216,5.349604023709971e-13,7.627464879944473e-14,0.0
31,31,33,adbb36,NKS2975,39.89927673339844,-73.36860988451087,209.893333152,10972.8,0.5045839861301668,34610D,221.36667,20.369205,27.030186,241.4968476941993,65874.68852853579,0.3662560217841387,0.530445376350578,33.38439632724125,34.6174771870514,0.0,1.0463311976629558e-05,22728.94085815235,0.1212971701583157,0.2782033027270104,0.6489754725379793,cruise,0,GTF,0,43031,1.237,3.16,3.16,0,0.8096784351479144,17.309306380165914,12.23002112430796,31.338565115871727,1524273328877810.2,10.7630286817525,753.039227936557,1586.10602773339,0.00104633119766,0.0249373810296486,0.265222688175289,17.3087385935257,10.63554700712,10.635435725238,0.0010463311976629,0.6353525828355161,566229464703527.6,7.420227477539228,572996116069589.8,0.01274242552883406,8.18299643773591e-06,3.16,35.8,2023-02-06 15:33:00,1.0463311976629556e-05,0.12129730754490745,0.0,31,227.2894085815235,1.0463311976629556e-05,20.369205,27.030186,0.12129730754490745,0.011009937,7.8564443e-07,0.35769215510914576,706.4562301303274,12608.903083725128,-0.735171807781932,-0.6778808251032374,1.6604155473231612,231.32793404160736,0.0728623034930289,0.0,1.0,222.0978014730979,28.117254249628648,45.6968976412403,0.12682992386726635,221.37375,1.091095933513098e-05,10949.95155117938,0.0,0.012874818833599023,0.028745372,91.3937952824806,,,,0.0,0 days 00:00:00,,,,,,,,,,,,,,,,,,,,,0.0,,,,,,,,,,,,,,,,,,12608.903083725128,0.0,1.0836406e-05,6.1249348e-06,106968.32,0.12668763,-204.15456,0.0,0.0,1.0,-4.377473889628888e-13,1.7319105e-12,6.830679e-16,0.0,0.0,0.0,7.479999999999999e-16,1.825518813748813e-14,1.2941630935041278e-12,753.2725585262888,5.248473796687733e-13,7.522818763034005e-14,0.0,1.0836406e-05,6.1249348e-06,106968.32,0.12668763,-204.15456,0.0,0.0,0.6332636289458514,-4.377473889628888e-13,1.7319105e-12,6.830679e-16,0.0,0.0,0.0,7.479999999999999e-16,1.825518813748813e-14,1.2941630935041278e-12,753.2725585262888,5.248473796687733e-13,7.522818763034005e-14,0.0
32,32,34,adbb36,NKS2975,39.81587219238281,-73.46868100373644,208.34999982,10972.8,0.5064835960781222,34610D,221.81816,19.640633,24.943712,239.6385951274905,65841.30413220853,0.36336113291357014,0.513895579431592,32.17452869914084,33.5303453656518,25.604648183051346,8.836240928943144e-06,22728.94085815235,0.0968043396783201,0.2681210724928403,0.6288867275090798,cruise,0,GTF,0,43031,1.237,3.16,3.16,0,0.8026300670876582,16.765384879274045,12.01947812295285,29.71575897358541,1548653654018567.8,10.4697480833858,750.088491180564,1578.82354530196,0.000883624092894,0.0247719568795401,0.256947789715796,16.7651726828259,10.3725269249123,10.37243527157522,0.0008836240928943,0.6249249891098769,544554281397895.3,7.305388064278853,567455258316406.1,0.01255547741887964,7.793534813817645e-06,3.16,35.8,2023-02-06 15:34:00,8.836240928943144e-06,0.0968043901873722,0.0,32,227.2894085815235,8.836240928943144e-06,19.640633,24.943712,0.0968043901873722,0.007975834,5.320138e-07,0.35696410637269316,709.1156600181357,12445.486363614984,-0.7360401294875061,-0.6769379054123171,1.6528630783764413,231.28031974822116,0.058406741528481604,0.004269187325675019,1.0,222.00345032176634,28.117254249628648,46.36404490301977,0.10100129011879289,221.82658,9.195413677070337e-06,10949.617977548489,0.0,0.012965333751070602,0.02691382,92.72808980603953,,,,0.0,0 days 00:00:00,,,,,,,,,,,,,,,,,,,,,0.0,,,,,,,,,,,,,,,,,,12445.486363614984,0.0,9.185432e-06,6.276665e-06,106976.53,0.10054217,-205.44128,0.0,0.0,1.0000000000000002,-4.3769420888254095e-13,1.7357458e-12,6.9476374e-16,0.0,0.0,0.0,7.479999999999999e-16,1.831743431385783e-14,1.2980515814468324e-12,754.9204112154748,5.02517643091734e-13,7.288108219145192e-14,0.0,9.185432e-06,6.276665e-06,106976.53,0.10054217,-205.44128,0.0,0.0,0.45682637293322825,-4.3769420888254095e-13,1.7357458e-12,6.9476374e-16,0.0,0.0,0.0,7.479999999999999e-16,1.831743431385783e-14,1.2980515814468324e-12,754.9204112154748,5.02517643091734e-13,7.288108219145192e-14,0.0
33,33,35,adbb36,NKS2975,39.73345223119704,-73.56719970703125,207.321110932,10980.42,0.508374019102364,34610D,222.27301,19.144852,22.815632,237.11205882948468,65809.1296035094,0.3601758877317297,0.498909001867538,31.0911338683468,32.6109741810614,0.0,7.57398663040418e-06,22701.66532634303,0.0783057350707668,0.2590927822362233,0.6113825825507286,cruise,0,GTF,0,43031,1.237,3.16,3.16,0,0.7933549052566065,16.305587946327158,11.821987636650244,28.37321551634515,1568823435947665.0,10.1946091006471,747.445304229906,1572.95096012853,0.00075739866304,0.0246461761618297,0.249454500933769,16.3054870905307,10.1214281394331,10.121351480452306,0.0007573986630404,0.6162190749847937,524320645218094.9,7.140007451891472,559357765615372.25,0.012396239729623887,7.440296550236957e-06,3.16,35.8,2023-02-06 15:35:00,7.57398663040418e-06,0.07830574592469439,0.0,33,227.01665326343036,7.57398663040418e-06,19.144852,22.815632,0.07830574592469439,0.005635416,3.5428997e-07,0.3558061373239472,711.7622262405223,12377.669554615994,-0.737368010416879,-0.675491241404249,1.6426591993084014,231.2156826672901,0.047456221618116315,0.1489007964545819,0.0,221.90632298309157,,,,,,,,,,,,,,0.0,0 days 00:00:00,,,,,,,,,,,,,,,,,,,,,0.0,,,,,,,,,,,,,,,,,,0.0,0.0,7.761439e-06,6.3073476e-06,107057.98,0.08031652,-207.9213,0.0,0.0,1.0,-4.373594731666013e-13,1.7410127e-12,6.9712887e-16,0.0,0.0,0.0,7.479999999999999e-16,1.8392621599520555e-14,1.3036532862615504e-12,756.5478582388976,4.83754101938778e-13,7.075567377205573e-14,0.0,7.761439e-06,6.3073476e-06,107057.98,0.08031652,-207.9213,0.0,0.0,0.30466715494791663,-4.373594731666013e-13,1.7410127e-12,6.9712887e-16,0.0,0.0,0.0,7.479999999999999e-16,1.8392621599520555e-14,1.3036532862615504e-12,756.5478582388976,4.83754101938778e-13,7.075567377205573e-14,0.0
34,34,36,adbb36,NKS2975,39.65133408368644,-73.66485595703125,206.806666488,10980.42,0.5102608040848732,34610D,222.73848,18.731548,20.9394,234.6824475867235,65778.03846964105,0.3587384055196098,0.499173257866586,31.085409760908345,32.8344702828618,51.43614502385358,6.64155599567244e-06,22701.66532634303,0.0648082757526335,0.2590450813409028,0.6144110094671525,cruise,0,GTF,0,43031,1.237,3.16,3.16,0,0.7844046806087814,16.416783821603122,11.807471399853734,28.677300105407745,1564255002936193.2,10.1749944341548,748.363778268522,1576.36693935623,0.000664155599567,0.0247364785197691,0.249586628933293,16.4172351414309,10.089820535038,10.089753523374991,0.0006641555995672,0.6192163624806137,526075154102100.9,6.999387866077812,552569920155621.5,0.012407490409405104,7.487438052333598e-06,3.16,35.8,2023-02-06 15:36:00,6.64155599567244e-06,0.0648082603632844,0.0,34,227.01665326343036,6.64155599567244e-06,18.731548,20.9394,0.0648082603632844,0.0038672325,2.2977937e-07,0.3550625878360447,714.4036976609087,12282.06252205385,-0.7380583557040021,-0.6747368847006252,1.6389756188627045,231.19226139702673,0.03945551902020407,0.2707266111469147,0.0,221.85732087539918,,,,,,,,,,,,,,0.0,0 days 00:00:00,,,,,,,,,,,,,,,,,,,,,0.0,,,,,,,,,,,,,,,,,,0.0,0.0,6.794305e-06,6.254383e-06,107065.56,0.06580597,-211.6231,0.0,0.0,0.9999999999999999,-4.3730825244083856e-13,1.7448908e-12,6.930462e-16,0.0,0.0,0.0,7.480000000000002e-16,1.843961988221984e-14,1.3075825891317328e-12,758.1655660588192,4.859097781688495e-13,7.079315076924555e-14,0.0,6.794305e-06,6.254383e-06,107065.56,0.06580597,-211.6231,0.0,0.0,0.13623046875,-4.3730825244083856e-13,1.7448908e-12,6.930462e-16,0.0,0.0,0.0,7.480000000000002e-16,1.843961988221984e-14,1.3075825891317328e-12,758.1655660588192,4.859097781688495e-13,7.079315076924555e-14,0.0
35,35,37,adbb36,NKS2975,39.56977456302966,-73.76153564453125,206.292222044,10995.66,0.5121409734583526,34610D,223.16711,18.491602,18.940693,232.2195378744988,65746.95305988015,0.3555725694748733,0.484619096631434,30.04262352344142,31.930921796243,0.0,5.751349575543922e-06,22647.1937733117,0.0530954742510023,0.2503551960286785,0.5979156350288104,cruise,0,GTF,0,43031,1.237,3.16,3.16,0,0.775426919291812,15.965376729376274,11.613934128032575,27.40632394604783,1583349589285053.0,9.90503380085686,745.836267537094,1570.87504382854,0.000575134957554,0.0246204754701429,0.242309548315717,15.9654608981215,9.84178996094385,9.84173335769488,0.0005751349575543,0.6109846038531632,506034086568754.4,6.828271648875962,544075499961160.5,0.01225654417063022,7.142802133182989e-06,3.16,35.8,2023-02-06 15:37:00,5.751349575543922e-06,0.05309550534896227,0.0,35,226.47193773311707,5.751349575543922e-06,18.491602,18.940693,0.05309550534896227,0.0023265516,1.2533874e-07,0.3535303111074412,717.0359054646149,12451.914463319605,-0.7392072302484707,-0.6734780402866781,1.627009358921803,231.11585326170686,0.03246067184349195,0.3816045324050216,0.0,221.76359738746598,,,,,,,,,,,,,,0.0,0 days 00:00:00,,,,,,,,,,,,,,,,,,,,,0.0,,,,,,,,,,,,,,,,,,0.0,0.0,5.715003e-06,6.1746e-06,107220.27,0.051290613,-216.20084,0.0,0.0,1.0000000000000002,-4.3668945402204634e-13,1.751176e-12,6.8689623e-16,0.0,0.0,0.0,7.48e-16,1.8523221523966604e-14,1.3144865597000258e-12,759.7722690636394,4.684637156168077e-13,6.872906797954728e-14,0.0,5.715003e-06,6.1746e-06,107220.27,0.051290613,-216.20084,0.0,0.0,0.0,-4.3668945402204634e-13,1.751176e-12,6.8689623e-16,0.0,0.0,0.0,7.48e-16,1.8523221523966604e-14,1.3144865597000258e-12,759.7722690636394,4.684637156168077e-13,6.872906797954728e-14,0.0
36,36,38,adbb36,NKS2975,39.4869581319518,-73.8592529296875,206.292222044,10995.66,0.5140287433895825,34610D,223.58841,18.275442,17.473907,229.90799242135705,65716.9104363567,0.35526836193684913,0.49429019481194,30.69759614436792,32.8674415052178,77.4625787253839,5.381583106790341e-06,22647.1937733117,0.0471680309784046,0.2558133012030659,0.6137450554174211,cruise,0,GTF,0,43031,1.237,3.16,3.16,0,0.7669845384616509,16.43461761690913,11.71374711901962,28.7618920976162,1562984130081694.0,10.0446772197108,749.031347925561,1580.10131732703,0.000538158310679,0.0248446746055455,0.24714509740597,16.4337207526089,9.94760854508457,9.947555011490568,0.000538158310679,0.6213948651943618,521455224341540.2,6.700685588293963,537913743845841.3,0.012373108380804125,7.43754271170555e-06,3.16,35.8,2023-02-06 15:38:00,5.381583106790341e-06,0.0471680837983973,0.0,36,226.47193773311707,5.381583106790341e-06,18.275442,17.473907,0.0471680837983973,0.0015791643,8.274748e-08,0.3528641660238496,719.6787533568634,12256.048645183055,-0.7400751216474302,-0.6725242109534358,1.6262411588090118,231.11093108468043,0.028956101588565278,0.4659444577047211,0.0,221.74713791506215,,,,,,,,,,,,,,0.0,0 days 00:00:00,,,,,,,,,,,,,,,,,,,,,0.0,,,,,,,,,,,,,,,,,,0.0,0.0,5.3418544e-06,6.060632e-06,107229.484,0.045784775,-220.98726,0.0,0.0,1.0,-4.36631090220133e-13,1.7546764e-12,6.7811123e-16,0.0,0.0,0.0,7.48e-16,1.8560700470228947e-14,1.3180453243110835e-12,761.4029769363927,4.83662490452314e-13,7.010063086038518e-14,0.0,5.3418544e-06,6.060632e-06,107229.484,0.045784775,-220.98726,0.0,0.0,0.0,-4.36631090220133e-13,1.7546764e-12,6.7811123e-16,0.0,0.0,0.0,7.48e-16,1.8560700470228947e-14,1.3180453243110835e-12,761.4029769363927,4.83662490452314e-13,7.010063086038518e-14,0.0
37,37,39,adbb36,NKS2975,39.40534973144531,-73.95518427309781,206.292222044,11018.52,0.5159050965375466,34610D,223.96786,18.240078,15.788291,227.67779555747853,65686.21284021233,0.3530038781106984,0.485711501014432,30.075190597160645,32.4054923837824,25.86601392902368,4.965855022411885e-06,22565.703240217892,0.0413931665852363,0.250626588309672,0.6058770804019056,cruise,0,GTF,0,43031,1.237,3.16,3.16,0,0.7589008181926195,16.202736573368064,11.592705207330129,28.18874978238397,1571594767934963.2,9.87203379198914,747.997566921409,1578.72103558307,0.000496585502241,0.0248265311772261,0.242855750507216,16.2027461918912,9.78210563423345,9.782057057956278,0.0004965855022411,0.618021292565319,510300219707646.0,6.545551111126821,529508291379456.5,0.012288681660775673,7.254347322734153e-06,3.16,35.8,2023-02-06 15:39:00,4.965855022411885e-06,0.041393209770052605,0.0,37,225.6570324021789,4.965855022411885e-06,18.240078,15.788291,0.041393209770052605,0.0008050658,3.9242295e-08,0.3509987912805059,722.305615634096,12345.282827964367,-0.7410042556348295,-0.6715003299560413,1.6147175814970827,231.03684640381698,0.02550561638223048,0.5454012558083775,0.0,221.6677970391097,,,,,,,,,,,,,,0.0,0 days 00:00:00,,,,,,,,,,,,,,,,,,,,,0.0,,,,,,,,,,,,,,,,,,0.0,0.0,4.783483e-06,5.909644e-06,107460.04,0.039127562,-226.52315,0.0,0.0,0.9999999999999998,-4.3571579005729185e-13,1.761709e-12,6.6647263e-16,0.0,0.0,0.0,7.48e-16,1.865238517609859e-14,1.3259932743272683e-12,763.0059124681212,4.748716607957674e-13,6.888399364306757e-14,0.0,4.783483e-06,5.909644e-06,107460.04,0.039127562,-226.52315,0.0,0.0,0.0,-4.3571579005729185e-13,1.761709e-12,6.6647263e-16,0.0,0.0,0.0,7.48e-16,1.865238517609859e-14,1.3259932743272683e-12,763.0059124681212,4.748716607957674e-13,6.888399364306757e-14,0.0
38,38,40,adbb36,NKS2975,39.32304382324219,-74.05155347741169,205.263333156,11026.14,0.517784454424995,34610D,224.34187,18.14426,14.488056,225.8864781744745,65656.13764961518,0.3499142559474343,0.469534270457334,28.9271591759972,31.2982559033192,0.0,4.763017893877512e-06,22538.60460760245,0.0378804011950265,0.2410596597999766,0.5859913346727617,cruise,0,GTF,0,43031,1.237,3.16,3.16,0,0.7523021422879503,15.649079193754137,11.38297928486798,26.56931802260699,1595924397838265.5,9.58274757739396,744.769013090094,1571.03759246765,0.000476301789388,0.0246555961225778,0.234767135228667,15.6491279516596,9.52186002972704,9.521814677153351,0.0004763017893877,0.6075322158011432,487837607704862.9,6.438982700465457,524013791598186.0,0.01211158976145646,6.861355825699144e-06,3.16,35.8,2023-02-06 15:40:00,4.763017893877512e-06,0.03788040587485145,0.0,38,225.38604607602454,4.763017893877512e-06,18.14426,14.488056,0.03788040587485145,0.0004181013,1.9150296e-08,0.3499928224260945,724.9366835104438,12262.01351005086,-0.7414762002228195,-0.6709791684569122,1.6051132712783962,230.97474180392487,0.023426841967868046,0.6136189061687239,0.0,221.60407631484742,,,,,,,,,,,,,,0.0,0 days 00:00:00,,,,,,,,,,,,,,,,,,,,,0.0,,,,,,,,,,,,,,,,,,0.0,0.0,4.575383e-06,5.7863213e-06,107544.68,0.035852343,-231.86972,0.0,0.0,1.0000000000000002,-4.353635765004282e-13,1.7659989e-12,6.5696643e-16,0.0,0.0,0.0,7.48e-16,1.8703225223082413e-14,1.3306352900687544e-12,764.6225483035398,4.54023922025495e-13,6.658972586367547e-14,0.0,4.575383e-06,5.7863213e-06,107544.68,0.035852343,-231.86972,0.0,0.0,0.0,-4.353635765004282e-13,1.7659989e-12,6.5696643e-16,0.0,0.0,0.0,7.48e-16,1.8703225223082413e-14,1.3306352900687544e-12,764.6225483035398,4.54023922025495e-13,6.658972586367547e-14,0.0
39,39,41,adbb36,NKS2975,39.241241455078125,-74.14708676545519,202.691110936,11026.14,0.5196569561104781,34610D,224.70847,18.018045,13.39056,223.55947676957743,65627.21049043917,0.34772429818453426,0.463356505751918,28.475522302580707,31.012634347518,-25.95110465602969,4.675574707600091e-06,22538.60460760245,0.0355585552182018,0.2372960191881725,0.5789826433479364,cruise,0,GTF,0,43031,1.237,3.16,3.16,0,0.7439445748858596,15.50604956414036,11.29156877675652,26.14959862481112,1592993656684176.8,9.4608269929913,743.767462904289,1569.48321999024,0.00046755747076,0.0246307335379809,0.231678252875959,15.506317173759,9.406063872142,9.406019893593283,0.00046755747076,0.604292369947429,480279092719056.5,6.319310511349826,518230723276055.3,0.012042680586628355,6.732002483451216e-06,3.16,35.8,2023-02-06 15:41:00,4.67557470760009e-06,0.03555857772044096,0.0,39,225.38604607602454,4.67557470760009e-06,18.018045,13.39056,0.03555857772044096,0.00021002024,9.546877e-09,0.34942182762246554,727.5581509359195,11990.001384891017,-0.7417579052765166,-0.6706677343959482,1.5997241253071575,230.93974945546915,0.022070136398173713,0.6699584290002268,0.0,221.5675518129123,,,,,,,,,,,,,,0.0,0 days 00:00:00,,,,,,,,,,,,,,,,,,,,,0.0,,,,,,,,,,,,,,,,,,0.0,0.0,4.5162765e-06,5.6934573e-06,107556.61,0.033999644,-236.84244,0.0,0.0,1.0,-4.3529298835296767e-13,1.7689453e-12,6.498082e-16,0.0,0.0,0.0,7.479999999999999e-16,1.8735288592954933e-14,1.3336523388583625e-12,766.2287827479672,4.4651115581147275e-13,6.571359033094162e-14,0.0,4.5162765e-06,5.6934573e-06,107556.61,0.033999644,-236.84244,0.0,0.0,0.0,-4.3529298835296767e-13,1.7689453e-12,6.498082e-16,0.0,0.0,0.0,7.479999999999999e-16,1.8735288592954933e-14,1.3336523388583625e-12,766.2287827479672,4.4651115581147275e-13,6.571359033094162e-14,0.0
40,40,42,adbb36,NKS2975,39.161224365234375,-74.24035113790762,200.118888716,11018.52,0.5215123122431452,34610D,225.07608,17.835598,12.402113,221.4637092163824,65598.7349681366,0.3454830015396293,0.456177128112572,27.958787158068148,30.6223883690374,-25.992699206466902,4.599484161753379e-06,22565.703240217892,0.0334908919824562,0.2329898929839012,0.5700511666349029,cruise,0,GTF,0,43031,1.237,3.16,3.16,0,0.7363683719269503,15.310453868579971,11.190158750978677,25.69653598194588,1571608984425085.0,9.3258918082028,742.330472371723,1566.64410466634,0.000459948416175,0.0245744723979814,0.228088564056286,15.3111941845187,9.2815243543142,9.281481664286288,0.0004599484161753,0.5996971364519406,471187017606793.94,6.222692939686716,513906245950444.0,0.011958779445135686,6.571964320597246e-06,3.16,35.8,2023-02-06 15:42:00,4.599484161753378e-06,0.03349091610711034,0.0,40,225.6570324021789,4.599484161753378e-06,17.835598,12.402113,0.03349091610711034,5.230752e-05,2.1852113e-09,0.34927055840710197,730.1556120690558,11971.64377199547,-0.7424729889847344,-0.6698760039201841,1.5961627971313788,230.9165679676246,0.020861912176217377,0.7191275329779616,0.0,221.54231196166793,,,,,,,,,,,,,,0.0,0 days 00:00:00,,,,,,,,,,,,,,,,,,,,,0.0,,,,,,,,,,,,,,,,,,0.0,0.0,4.4845606e-06,5.6086005e-06,107494.7,0.032357022,-242.16539,0.0,0.0,1.0,-4.355095945175678e-13,1.770687e-12,6.4326715e-16,0.0,0.0,0.0,7.479999999999998e-16,1.8748573732395826e-14,1.3351774307347268e-12,767.7957940034211,4.3702934171124403e-13,6.469540525062744e-14,0.0,4.4845606e-06,5.6086005e-06,107494.7,0.032357022,-242.16539,0.0,0.0,0.0,-4.355095945175678e-13,1.770687e-12,6.4326715e-16,0.0,0.0,0.0,7.479999999999998e-16,1.8748573732395826e-14,1.3351774307347268e-12,767.7957940034211,4.3702934171124403e-13,6.469540525062744e-14,0.0
41,41,43,adbb36,NKS2975,39.08125305175781,-74.33325726052988,199.089999828,11010.9,0.5233643717872707,34610D,225.42938,17.729074,11.48961,219.125447658092,65570.77618097853,0.3444907221624089,0.46017159041483,28.19982524884982,31.1304899252018,26.03117368140398,4.609888152428685e-06,22592.83445408237,0.0321982275156281,0.2349985437404151,0.5762977440295836,cruise,0,GTF,0,43031,1.237,3.16,3.16,0,0.7280224477841175,15.56526838716033,11.222532765801336,26.093256014647,1590334271118945.5,9.37714564679511,743.807022771041,1571.44031102053,0.000460988815243,0.0246959332881897,0.230085795207415,15.5652449626009,9.31674832946879,9.31670538049904,0.0004609888152428,0.6044203394412063,477620681994373.2,6.116810664290844,509133372958733.2,0.012011525268596753,6.695650980799889e-06,3.16,35.8,2023-02-06 15:43:00,4.609888152428686e-06,0.0321982213029443,0.0,41,225.9283445408238,4.609888152428686e-06,17.729074,11.48961,0.0321982213029443,2.5049396e-05,1.0071698e-09,0.34914244773887404,732.7484564914506,11957.368316714405,-0.7437883827563629,-0.6684151716386113,1.5956628092919918,230.9133097655804,0.0201263502336836,0.7594869541489141,0.0,221.53685196314018,,,,,,,,,,,,,,0.0,0 days 00:00:00,,,,,,,,,,,,,,,,,,,,,0.0,,,,,,,,,,,,,,,,,,0.0,0.0,4.5152788e-06,5.5895566e-06,107432.65,0.031339813,-244.35867,0.0,0.0,1.0,-4.35727671971306e-13,1.7723818e-12,6.4179914e-16,0.0,0.0,0.0,7.479999999999999e-16,1.8766303088179056e-14,1.3366541486632248e-12,769.3619087993467,4.432903359371707e-13,6.526190308990352e-14,0.0,4.5152788e-06,5.5895566e-06,107432.65,0.031339813,-244.35867,0.0,0.0,0.0,-4.35727671971306e-13,1.7723818e-12,6.4179914e-16,0.0,0.0,0.0,7.479999999999999e-16,1.8766303088179056e-14,1.3366541486632248e-12,769.3619087993467,4.432903359371707e-13,6.526190308990352e-14,0.0
42,42,44,adbb36,NKS2975,39.00123596191406,-74.425745425017,198.06111094,11018.52,0.5252145988427557,34610D,225.7429,17.714506,10.499368,216.647576929814,65542.57635572967,0.34514943525104713,0.47879493733144,29.47566155768789,32.823456999364,78.19631450202444,4.613018696621515e-06,22565.703240217892,0.0309848208136714,0.2456305129807324,0.6047582984251667,cruise,0,GTF,0,43031,1.237,3.16,3.16,0,0.7192899615370772,16.41171274263526,11.433325670404756,28.46018310159601,1567516873229005.8,9.66596193998238,749.322105144562,1586.78609373283,0.000461301869662,0.0250638844519327,0.23939746866572,16.411728499682,9.55149107572829,9.551447014724632,0.0004613018696621,0.6223437030930837,505569714992910.1,5.987884634771952,502553365037796.25,0.012237146459967433,7.2176213722716945e-06,3.16,35.8,2023-02-06 15:44:00,4.613018696621515e-06,0.03098483576445199,0.0,42,225.6570324021789,4.613018696621515e-06,17.714506,10.499368,0.03098483576445199,1.0028886e-05,4.0335937e-10,0.34823885112524716,735.3387340529972,11847.612187849809,-0.7438129720489206,-0.6683878085451227,1.5953497659870386,230.91126933869242,0.019427606499407987,0.791763914076614,0.0,221.53262896390854,,,,,,,,,,,,,,0.0,0 days 00:00:00,,,,,,,,,,,,,,,,,,,,,0.0,,,,,,,,,,,,,,,,,,0.0,0.0,4.5099214e-06,5.565663e-06,107519.336,0.03024203,-246.31972,0.0,0.0,1.0,-4.3536668679770604e-13,1.7760846e-12,6.399573e-16,0.0,0.0,0.0,7.480000000000001e-16,1.8817289896296223e-14,1.3407178902704904e-12,770.9289200548002,4.713227060562795e-13,6.790308104829471e-14,0.0,4.5099214e-06,5.565663e-06,107519.336,0.03024203,-246.31972,0.0,0.0,0.0,-4.3536668679770604e-13,1.7760846e-12,6.399573e-16,0.0,0.0,0.0,7.480000000000001e-16,1.8817289896296223e-14,1.3407178902704904e-12,770.9289200548002,4.713227060562795e-13,6.790308104829471e-14,0.0
43,43,45,adbb36,NKS2975,38.92195129394531,-74.51727825662363,196.517777608,11041.38,0.5270550573559308,34610D,226.02325,17.787653,9.4440775,215.07330939433635,65513.10069417199,0.34242869356988237,0.463356148760304,28.37736359713176,31.7453412886202,0.0,4.624241130223052e-06,22484.50492966137,0.0299200711289535,0.236478029976098,0.5861360921202471,cruise,0,GTF,0,43031,1.237,3.16,3.16,0,0.7136202361742515,15.872659337863784,11.231094329891132,26.954249774966616,1590141352633428.2,9.38688919391798,746.242762941384,1579.88371508397,0.000462424113022,0.0249147917069601,0.231678074380152,15.8726706443101,9.2988164262048,9.29877342643426,0.0004624241130223,0.6122995478957167,483994755065136.06,5.88307737684442,496450671669238.4,0.012069994331648452,6.840915378837585e-06,3.16,35.8,2023-02-06 15:45:00,4.624241130223052e-06,0.02992007757139783,0.0,43,224.84504929661372,4.624241130223052e-06,17.787653,9.4440775,0.02992007757139783,0.0,0.0,0.346555394118761,737.9153337043738,11732.308467911216,-0.7444306336613568,-0.6676998065497328,1.5830321185415281,230.83069946353305,0.018811727946841533,0.8246688319880457,0.0,221.45703790240017,,,,,,,,,,,,,,0.0,0 days 00:00:00,,,,,,,,,,,,,,,,,,,,,0.0,,,,,,,,,,,,,,,,,,0.0,0.0,4.5029624e-06,5.565075e-06,107759.3,0.0291821,-248.86147,0.0,0.0,1.0,-4.344060397551227e-13,1.7818794e-12,6.39912e-16,0.0,0.0,0.0,7.48e-16,1.890506685823201e-14,1.347473448972937e-12,772.477005613314,4.521613777759732e-13,6.571353970210533e-14,0.0,4.5029624e-06,5.565075e-06,107759.3,0.0291821,-248.86147,0.0,0.0,0.0,-4.344060397551227e-13,1.7818794e-12,6.39912e-16,0.0,0.0,0.0,7.48e-16,1.890506685823201e-14,1.347473448972937e-12,772.477005613314,4.521613777759732e-13,6.571353970210533e-14,0.0
44,44,46,adbb36,NKS2975,38.84337344412076,-74.60772705078125,195.48888872,11041.38,0.528886605332177,34610D,226.32326,17.784111,8.582451,213.62719222372007,65484.72333057486,0.34104452379303435,0.460091792776506,28.130565708655308,31.6067959745212,0.0,4.661947632878364e-06,22484.50492966137,0.0290954062847355,0.2344213809054608,0.5831001738927362,cruise,0,GTF,0,43031,1.237,3.16,3.16,0,0.7083520201187155,15.803349804582174,11.180588745089176,26.70703095714568,1593855459329436.0,9.3191867941769,745.94474985189,1579.70581179794,0.000466194763288,0.0249170332329205,0.230045896388253,15.8033979872606,9.23247540097652,9.232432359860336,0.0004661947632878,0.6113355258366788,479995139361092.0,5.813510329909238,493085663321706.6,0.01203709497772989,6.777696512185866e-06,3.16,35.8,2023-02-06 15:46:00,4.661947632878364e-06,0.02909539958395497,0.0,44,224.84504929661372,4.661947632878364e-06,17.784111,8.582451,0.02909539958395497,0.0,0.0,0.3460960065870085,740.4794567248794,11676.28996508651,-0.7449255579355207,-0.6671475947153322,1.5797069297575792,230.8088541361259,0.018347226139460982,0.8511457622551395,0.0,221.43553829004736,,,,,,,,,,,,,,0.0,0 days 00:00:00,,,,,,,,,,,,,,,,,,,,,0.0,,,,,,,,,,,,,,,,,,0.0,0.0,4.547134e-06,5.6274052e-06,107771.92,0.028462017,-249.98692,0.0,0.0,1.0,-4.3433212262823816e-13,1.7842193e-12,6.4471664e-16,0.0,0.0,0.0,7.480000000000001e-16,1.894124994535593e-14,1.3498871757122522e-12,774.0112181621993,4.4855416686239225e-13,6.525058612499833e-14,0.0,4.547134e-06,5.6274052e-06,107771.92,0.028462017,-249.98692,0.0,0.0,0.0,-4.3433212262823816e-13,1.7842193e-12,6.4471664e-16,0.0,0.0,0.0,7.480000000000001e-16,1.894124994535593e-14,1.3498871757122522e-12,774.0112181621993,4.4855416686239225e-13,6.525058612499833e-14,0.0
45,45,47,adbb36,NKS2975,38.76511913234904,-74.69757080078125,193.945555388,11041.38,0.5307119875959999,34610D,226.61247,17.774933,7.7496123,212.0813909452369,65456.59276486621,0.3403107646212555,0.462866395609616,28.304098881450173,31.9602534292854,26.164854477996307,4.6885540033466825e-06,22484.50492966137,0.0282639661248187,0.2358674906787514,0.5886246848252298,cruise,0,GTF,0,43031,1.237,3.16,3.16,0,0.7027775245842305,15.980134638638518,11.204103854135669,27.185842476950143,1586662005823322.0,9.35180327088754,747.210817988173,1583.59627378913,0.000468855400335,0.0250140890936895,0.231433197804808,15.9801267146427,9.25211375629079,9.252070377459184,0.0004688554003346,0.6154538680755735,484672212710828.06,5.740739356927992,489565184448716.8,0.012075600480067552,6.872398941859406e-06,3.16,35.8,2023-02-06 15:47:00,4.6885540033466825e-06,0.02826399609001149,0.0,45,224.84504929661372,4.6885540033466825e-06,17.774933,7.7496123,0.02826399609001149,0.0,0.0,0.3456543079193887,743.0349460751203,11527.132850463608,-0.7455933302670366,-0.6664012198828195,1.57794988947691,230.79729453387537,0.017873682737416813,0.8734347346452411,0.0,221.42339408298875,,,,,,,,,,,,,,0.0,0 days 00:00:00,,,,,,,,,,,,,,,,,,,,,0.0,,,,,,,,,,,,,,,,,,0.0,0.0,4.5796246e-06,5.6958556e-06,107784.53,0.027700655,-250.8526,0.0,0.0,1.0,-4.3425844381859336e-13,1.7864672e-12,6.4999307e-16,0.0,0.0,0.0,7.48e-16,1.897670735877609e-14,1.3522087912291175e-12,775.5391137128237,4.5348131088410444e-13,6.564408251847224e-14,0.0,4.5796246e-06,5.6958556e-06,107784.53,0.027700655,-250.8526,0.0,0.0,0.0,-4.3425844381859336e-13,1.7864672e-12,6.4999307e-16,0.0,0.0,0.0,7.48e-16,1.897670735877609e-14,1.3522087912291175e-12,775.5391137128237,4.5348131088410444e-13,6.564408251847224e-14,0.0
46,46,48,adbb36,NKS2975,38.68779586533368,-74.78607177734375,192.9166665,11049.0,0.5325264608240865,34610D,226.87679,17.835924,6.8865047,210.50891057684905,65428.28866598476,0.3388189964045968,0.458888308407736,28.009400103431176,31.78232758431,0.0,4.711575035768847e-06,22457.50380622449,0.0274856672453802,0.2334116675285931,0.5848647615847787,cruise,0,GTF,0,43031,1.237,3.16,3.16,0,0.6971603301903164,15.891148667730622,11.14380158148654,26.910119731032136,1590804342987952.5,9.27000970438964,746.755842008247,1583.22684402843,0.000471157503577,0.0250141772687824,0.229444154203868,15.891163792155,9.17256449166582,9.172521274643568,0.0004711575035768,0.6139691295220641,479722058394356.1,5.659090650143276,485271358464012.56,0.012035079947731332,6.792036377959233e-06,3.16,35.8,2023-02-06 15:48:00,4.711575035768847e-06,0.027485670498242465,0.0,46,224.57503806224494,4.711575035768847e-06,17.835924,6.8865047,0.027485670498242465,0.0,0.0,0.3448370029467312,745.5751607691188,11630.425458026664,-0.7462518485869257,-0.6656637127563707,1.572499074118193,230.76136077748913,0.017426704971540124,0.8933758136235403,0.0,221.38909950129138,,,,,,,,,,,,,,0.0,0 days 00:00:00,,,,,,,,,,,,,,,,,,,,,0.0,,,,,,,,,,,,,,,,,,0.0,0.0,4.605327e-06,5.763337e-06,107879.95,0.026860915,-251.7655,0.0,0.0,1.0,-4.338599577132713e-13,1.7899576e-12,6.5519475e-16,0.0,0.0,0.0,7.48e-16,1.9032464472628404e-14,1.356097670633041e-12,777.0451556400825,4.4936391314557065e-13,6.507990700903185e-14,0.0,4.605327e-06,5.763337e-06,107879.95,0.026860915,-251.7655,0.0,0.0,0.0,-4.338599577132713e-13,1.7899576e-12,6.5519475e-16,0.0,0.0,0.0,7.48e-16,1.9032464472628404e-14,1.356097670633041e-12,777.0451556400825,4.4936391314557065e-13,6.507990700903185e-14,0.0
47,47,49,adbb36,NKS2975,38.609710693359375,-74.8751698369565,193.945555388,11049.0,0.5343434815853758,34610D,227.13927,17.89636,6.068489,209.1470175391657,65400.27926588132,0.339756698389385,0.476760892783022,29.26119921522843,33.3271683269018,52.44632089713031,4.728572142244204e-06,22457.50380622449,0.0267340636342293,0.2438433267935702,0.6128573324044425,cruise,0,GTF,0,43031,1.237,3.16,3.16,0,0.6922496983836782,16.66439573792191,11.357083592736966,29.23187540144628,1555923307806298.0,9.55491601118727,752.088053831939,1597.07524056571,0.000472857214224,0.0253376644435539,0.238380446391511,16.6635841634509,9.40814600029787,9.408101513411143,0.0004728572142244,0.6318389420233249,503840176001418.0,5.596552376026692,482245060973495.3,0.012273033972983663,7.257925895357008e-06,3.16,35.8,2023-02-06 15:49:00,4.728572142244204e-06,0.026734049846877238,0.0,47,224.57503806224494,4.728572142244204e-06,17.89636,6.068489,0.026734049846877238,0.0,0.0,0.3444385125556444,748.1189409729626,11628.35844538571,-0.7469507956203856,-0.6648793190663047,1.574732418617412,230.77609712593468,0.016993959760428126,0.9083278833304003,0.0,221.40108836031743,,,,,,,,,,,,,,0.0,0 days 00:00:00,,,,,,,,,,,,,,,,,,,,,0.0,,,,,,,,,,,,,,,,,,0.0,0.0,4.6259897e-06,5.8272744e-06,107893.28,0.026110053,-252.72968,0.0,0.0,1.0,-4.337826405513996e-13,1.7919763e-12,6.6012327e-16,0.0,0.0,0.0,7.480000000000001e-16,1.906464136593285e-14,1.358193700068513e-12,778.565135267639,4.768321424910428e-13,6.761461122320241e-14,0.0,4.6259897e-06,5.8272744e-06,107893.28,0.026110053,-252.72968,0.0,0.0,0.0,-4.337826405513996e-13,1.7919763e-12,6.6012327e-16,0.0,0.0,0.0,7.480000000000001e-16,1.906464136593285e-14,1.358193700068513e-12,778.565135267639,4.768321424910428e-13,6.761461122320241e-14,0.0
48,48,50,adbb36,NKS2975,38.53156655521716,-74.96405029296875,194.459999832,11064.24,0.5361574420609976,34610D,227.36053,18.001911,5.204426,208.4525611003352,65371.018066666096,0.3397171409861081,0.48129362650215,29.58771215608574,33.752175806886,0.0,4.723606611808816e-06,22403.598795491587,0.0259489286265016,0.2465642679673811,0.6230358329805271,cruise,0,GTF,0,43031,1.237,3.16,3.16,0,0.6896153180420309,16.875367642450477,11.408530701335778,30.022405444883145,1544046732416107.2,9.61467898557283,754.106512561314,1602.54702261098,0.000472360661181,0.025468373379568,0.240646813251075,16.876087903443,9.4488489572771,9.448804324842516,0.0004723606611808,0.6392969370204666,510126314289758.8,5.545252961533997,479077673186884.1,0.012346350364459647,7.398460451793567e-06,3.16,35.8,2023-02-06 15:50:00,4.723606611808816e-06,0.025948973171348234,0.0,48,224.03598795491598,4.723606611808816e-06,18.001911,5.204426,0.025948973171348234,0.0,0.0,0.3432773607656893,750.6584353400198,11565.501319536128,-0.748494380375674,-0.6631411332032088,1.5708584477001823,230.75052355611152,0.016530846291762314,0.9217788119409643,0.0,221.37619423424948,,,,,,,,,,,,,,0.0,0 days 00:00:00,,,,,,,,,,,,,,,,,,,,,0.0,,,,,,,,,,,,,,,,,,0.0,0.0,4.6216646e-06,5.8942837e-06,108071.81,0.02534152,-253.62346,0.0,0.0,1.0,-4.3305580763577494e-13,1.7964393e-12,6.652886e-16,0.0,0.0,0.0,7.480000000000002e-16,1.913727345563821e-14,1.3633834523073304e-12,780.0862627107371,4.860914438893134e-13,6.825744714543614e-14,0.0,4.6216646e-06,5.8942837e-06,108071.81,0.02534152,-253.62346,0.0,0.0,0.0,-4.3305580763577494e-13,1.7964393e-12,6.652886e-16,0.0,0.0,0.0,7.480000000000002e-16,1.913727345563821e-14,1.3633834523073304e-12,780.0862627107371,4.860914438893134e-13,6.825744714543614e-14,0.0
49,49,51,adbb36,NKS2975,38.45368466134799,-75.0521240234375,191.887777612,11064.24,0.5379667246475497,34610D,227.58952,18.086231,4.429355,208.8888245490201,65341.43035451001,0.3393286158414349,0.47676784990557,29.24566272307673,33.3268049760274,0.0,4.723054162833611e-06,22403.598795491587,0.0252492368202676,0.2437138560256394,0.6183803262903684,cruise,0,GTF,0,43031,1.237,3.16,3.16,0,0.6907108961675954,16.66278858827976,11.351533810864138,29.46457976408498,1552427259895848.5,9.53454985473512,753.607474724983,1600.88619515547,0.000472305416283,0.0254255246593095,0.238383924952785,16.6634024880137,9.3757721088167,9.375727826746356,0.0004723054162833,0.6374516886643189,503382090706328.7,5.559025791090001,479744234364335.1,0.012302938570873875,7.288578673321894e-06,3.16,35.8,2023-02-06 15:51:00,4.72305416283361e-06,0.02524923912367594,0.0,49,224.03598795491598,4.72305416283361e-06,18.086231,4.429355,0.02524923912367594,0.0,0.0,0.34293197103578554,753.1913791144153,11432.793258521662,-0.748588095307536,-0.663035341112248,1.5699346624197352,230.7444170411399,0.016121353657996437,0.9334170807432817,0.0,221.36924419686923,,,,,,,,,,,,,,0.0,0 days 00:00:00,,,,,,,,,,,,,,,,,,,,,0.0,,,,,,,,,,,,,,,,,,0.0,0.0,4.62341e-06,5.950122e-06,108085.625,0.024741396,-254.55899,0.0,0.0,1.0,-4.3297549887244616e-13,1.7981547e-12,6.695928e-16,0.0,0.0,0.0,7.48e-16,1.9164923234898305e-14,1.3651792652124674e-12,781.5995317785728,4.80459462551345e-13,6.761559788788786e-14,0.0,4.62341e-06,5.950122e-06,108085.625,0.024741396,-254.55899,0.0,0.0,0.0,-4.3297549887244616e-13,1.7981547e-12,6.695928e-16,0.0,0.0,0.0,7.48e-16,1.9164923234898305e-14,1.3651792652124674e-12,781.5995317785728,4.80459462551345e-13,6.761559788788786e-14,0.0
50,50,52,adbb36,NKS2975,38.37668725999735,-75.13908054517663,190.34444428,11064.24,0.5397643028406103,34610D,227.80031,18.185543,3.6747692,208.95029225338897,65312.18469178693,0.33746545693078805,0.460428516060454,28.0723258432931,31.9985275403172,-26.29915330307109,4.716494528789634e-06,22403.598795491587,0.0245914509886123,0.2339360486941091,0.5956435104363328,cruise,0,GTF,0,43031,1.237,3.16,3.16,0,0.6905943495930598,15.999077954098142,11.146277063255411,27.477029293098493,1582287343274660.0,9.25859332550457,749.780688827841,1591.11193218718,0.000471649452879,0.0251985312545345,0.230214258030227,15.9992637701586,9.13601890938779,9.135975819607822,0.0004716494528789,0.6238861213081012,482239545510047.25,5.557559114094944,479673252758311.1,0.0120928770685237,6.894821560761942e-06,3.16,35.8,2023-02-06 15:52:00,4.716494528789634e-06,0.024591446083924124,0.0,50,224.03598795491598,4.716494528789634e-06,18.185543,3.6747692,0.024591446083924124,0.0,0.0,0.34261464648879686,755.7079347011152,11392.410792910809,-0.748783785498755,-0.6628143349190287,1.5655197324292214,230.71518889173518,0.01573395856508145,0.9441157708069289,0.0,221.34127109428175,,,,,,,,,,,,,,0.0,0 days 00:00:00,,,,,,,,,,,,,,,,,,,,,0.0,,,,,,,,,,,,,,,,,,0.0,0.0,4.6175765e-06,5.991941e-06,108099.77,0.024197007,-255.6786,0.0,0.0,1.0,-4.3289401545210893e-13,1.7997435e-12,6.728163e-16,0.0,0.0,0.0,7.479999999999998e-16,1.9189859766746684e-14,1.3668494954348285e-12,783.0937594521861,4.566293247696819e-13,6.529834049050642e-14,0.0,4.6175765e-06,5.991941e-06,108099.77,0.024197007,-255.6786,0.0,0.0,0.0,-4.3289401545210893e-13,1.7997435e-12,6.728163e-16,0.0,0.0,0.0,7.479999999999998e-16,1.9189859766746684e-14,1.3668494954348285e-12,783.0937594521861,4.566293247696819e-13,6.529834049050642e-14,0.0
51,51,53,adbb36,NKS2975,38.29994201660156,-75.22560931266622,190.34444428,11056.62,0.541555373373739,34610D,228.01662,18.24361,2.988662,208.1800973125785,65284.11236594364,0.3377625767501796,0.469060822162544,28.66724096472216,32.7478597072598,52.64080442899154,4.708985314941475e-06,22430.535107814052,0.0239601465581331,0.2388936747060179,0.6092485504106937,cruise,0,GTF,0,43031,1.237,3.16,3.16,0,0.6877223712168462,16.37397546045914,11.248472341425302,28.56354683944889,1565963981931055.0,9.39584164863785,752.432033857154,1597.91433184256,0.000470898531494,0.0253567717743076,0.234530411081272,16.3739298536299,9.24922198964251,9.249178435397084,0.0004708985314941,0.6331096055635813,492732910713074.7,5.53049613826191,478705513356389.75,0.01221987065820758,7.106248935638876e-06,3.16,35.8,2023-02-06 15:53:00,4.708985314941475e-06,0.0239601568466614,0.0,51,224.30535107814052,4.708985314941475e-06,18.24361,2.988662,0.0239601568466614,0.0,0.0,0.34270116397350087,758.2153779020856,11622.230180325982,-0.7851533108819323,-0.6193014438955715,1.5681052106434192,230.73231437723072,0.015362718714853398,0.9521934443705456,0.0,221.35564937720721,,,,,,,,,,,,,,0.0,0 days 00:00:00,,,,,,,,,,,,,,,,,,,,,0.0,,,,,,,,,,,,,,,,,,0.0,0.0,4.6104724e-06,6.029971e-06,108031.19,0.023679042,-256.94815,0.0,0.0,1.0000000000000002,-4.3313926908943344e-13,1.8000647e-12,6.7574774e-16,0.0,0.0,0.0,7.480000000000001e-16,1.9193778372291172e-14,1.366925431333743e-12,784.5830936957915,4.701017235787193e-13,6.652258104774974e-14,0.0,4.6104724e-06,6.029971e-06,108031.19,0.023679042,-256.94815,0.0,0.0,0.0,-4.3313926908943344e-13,1.8000647e-12,6.7574774e-16,0.0,0.0,0.0,7.480000000000001e-16,1.9193778372291172e-14,1.366925431333743e-12,784.5830936957915,4.701017235787193e-13,6.652258104774974e-14,0.0
52,52,54,adbb36,NKS2975,38.21785102456303,-75.3079953400985,199.604444272,11071.86,0.5434321308099075,34610D,228.1686,18.403748,2.2192202,206.96936587088663,65255.44512497892,0.3409319555442395,0.51334608534698,31.98863314273335,36.3875934543054,26.33844653371023,4.676788886282128e-06,22376.69483036539,0.0233164707895455,0.2665719428561112,0.6824080748287653,cruise,0,GTF,0,43031,1.237,3.16,3.16,0,0.6834949877356605,18.193315834530008,11.804985620156938,34.527370799773685,1476366115959146.8,10.0963587220415,764.022647130627,1629.33692601193,0.000467678888628,0.0261108549758952,0.25667304267349,18.1937967271527,9.83012784952631,9.830081876308638,0.0004676788886282,0.6770234775444678,553008759660479.25,5.460040936417288,474611824546979.75,0.012802421259915858,8.272015245678128e-06,3.16,35.8,2023-02-06 15:54:00,4.676788886282128e-06,0.023316481647270803,0.0,52,223.76694830365398,4.676788886282128e-06,18.403748,2.2192202,0.023316481647270803,0.0,0.0,0.34165085366891873,760.842787525599,11919.351162227978,-0.8423260985313707,-0.5389682214499474,1.5718639542234771,230.75716665780627,0.014972388691814689,0.9569704137281212,0.0,221.37701313815487,,,,,,,,,,,,,,0.0,0 days 00:00:00,,,,,,,,,,,,,,,,,,,,,0.0,,,,,,,,,,,,,,,,,,0.0,0.0,4.576111e-06,6.047787e-06,108213.9,0.022970438,-257.88272,0.0,0.0,1.0,-4.323899991221535e-13,1.8038582e-12,6.771211e-16,0.0,0.0,0.0,7.480000000000001e-16,1.925420727425657e-14,1.371468168852425e-12,786.1742454031455,5.408033219381765e-13,7.2803152500777e-14,0.0,4.576111e-06,6.047787e-06,108213.9,0.022970438,-257.88272,0.0,0.0,0.0,-4.323899991221535e-13,1.8038582e-12,6.771211e-16,0.0,0.0,0.0,7.480000000000001e-16,1.925420727425657e-14,1.371468168852425e-12,786.1742454031455,5.408033219381765e-13,7.2803152500777e-14,0.0
53,53,55,adbb36,NKS2975,38.1275396831965,-75.38143655528194,199.604444272,11079.48,0.5454545754382922,34610D,228.32936,18.56399,1.5476317,209.45853675620785,65223.45649183619,0.3442672305984497,0.540835563596328,34.185668182091696,38.2511327897866,26.356658125595,4.658476690832125e-06,22349.82317359047,0.0227611348057145,0.2848805681840974,0.7337185164099167,cruise,0,GTF,0,43031,1.237,3.16,3.16,0,0.6914716607397068,19.12599274612699,12.171593516370926,36.28235539,1450000000000000.0,10.5264384123115,771.292296231938,1648.15957813788,0.000465847669083,0.0265572655157235,0.270417781798164,19.1255663948933,10.1824407199627,10.182393285520924,0.0004658476690832,0.7058646189585642,589009922060822.2,5.550571884831822,478652607488642.8,0.013178527267516624,8.99190162925564e-06,3.16,35.8,2023-02-06 15:55:00,4.6584766908321255e-06,0.02276116091199302,0.0,53,223.49823173590477,4.6584766908321255e-06,18.56399,1.5476317,0.02276116091199302,0.0,0.0,0.3410003155671253,763.6741680442784,11854.56084932207,-0.8417502378138715,-0.539867147676436,1.5779617361823384,230.79737251177312,0.014638944405433662,0.9612384549645603,0.0,221.41257513413288,,,,,,,,,,,,,,0.0,0 days 00:00:00,,,,,,,,,,,,,,,,,,,,,0.0,,,,,,,,,,,,,,,,,,0.0,0.0,4.5557035e-06,6.057539e-06,108317.29,0.022311635,-258.04544,0.0,0.0,1.0,-4.319497025538675e-13,1.8064148e-12,6.7787284e-16,0.0,0.0,0.0,7.48e-16,1.929392011173085e-14,1.3744651750377009e-12,787.9214434738333,5.877831231162604e-13,7.670173229768212e-14,0.0,4.5557035e-06,6.057539e-06,108317.29,0.022311635,-258.04544,0.0,0.0,0.0,-4.319497025538675e-13,1.8064148e-12,6.7787284e-16,0.0,0.0,0.0,7.48e-16,1.929392011173085e-14,1.3744651750377009e-12,787.9214434738333,5.877831231162604e-13,7.670173229768212e-14,0.0
54,54,56,adbb36,NKS2975,38.03778076171875,-75.45451062790892,197.546666496,11087.1,0.5474651280769514,34610D,228.48425,18.70574,0.90572506,213.7143666327728,65189.27082365409,0.3450079860786682,0.515861100007842,32.12421374479917,35.8351848257658,0.0,4.640955501869348e-06,22322.98378636845,0.0222384374489185,0.2677017812066598,0.6947592767503564,cruise,0,GTF,0,43031,1.237,3.16,3.16,0,0.7052819832658447,17.917786073614426,11.858227049111555,34.51094389258951,1476612906581742.5,10.1431679360829,766.964230014148,1632.84729062968,0.000464095550187,0.0261494978755882,0.257930550003921,17.9175924128829,9.86369035577966,9.863644579044085,0.0004640955501869,0.6884764901099382,549425965309686.5,5.717408875311159,486384763096931.7,0.012915378824014416,8.287683370825158e-06,3.16,35.8,2023-02-06 15:56:00,4.6409555018693476e-06,0.02223847619462296,0.0,54,223.2298378636846,4.6409555018693476e-06,18.70574,0.90572506,0.02223847619462296,0.0,0.0,0.34035992885250954,766.488897600399,11760.892242906715,-0.822348641642186,-0.5689839291133376,1.5778492086044875,230.79663180693055,0.01432460481295797,0.9663262872767721,0.0,221.41084256479976,,,,,,,,,,,,,,0.0,0 days 00:00:00,,,,,,,,,,,,,,,,,,,,,0.0,,,,,,,,,,,,,,,,,,0.0,0.0,4.5362995e-06,6.0632997e-06,108420.734,0.02175267,-257.86725,0.0,0.0,1.0,-4.315084207269722e-13,1.8088829e-12,6.7831685e-16,0.0,0.0,0.0,7.480000000000001e-16,1.9332185556205578e-14,1.377374515329667e-12,789.657954216116,5.506088944113095e-13,7.315983389199217e-14,0.0,4.5362995e-06,6.0632997e-06,108420.734,0.02175267,-257.86725,0.0,0.0,0.0,-4.315084207269722e-13,1.8088829e-12,6.7831685e-16,0.0,0.0,0.0,7.480000000000001e-16,1.9332185556205578e-14,1.377374515329667e-12,789.657954216116,5.506088944113095e-13,7.315983389199217e-14,0.0
55,55,57,adbb36,NKS2975,37.95078083620233,-75.53082673445994,194.974444276,11087.1,0.5494179078431373,34610D,228.65012,18.844536,0.2848521,216.14833290160672,65157.146609909294,0.3423598885562671,0.473851007657086,29.013835409144875,32.2964087794866,0.0,4.637215775725746e-06,22322.98378636845,0.0217907972430138,0.2417819617428739,0.630611962406953,cruise,0,GTF,0,43031,1.237,3.16,3.16,0,0.7130556098940808,16.147527524558512,11.342842668755562,29.03383085015277,1558898641967954.8,9.46957147228396,757.386467403998,1605.76092963744,0.000463721577573,0.0254869240299532,0.236925503828543,16.1482043897433,9.29596304167969,9.29591993449312,0.0004637215775725,0.6515918578178768,492974404041188.1,5.8186760137922775,491283357661419.75,0.012377243017544243,7.226338703617297e-06,3.16,35.8,2023-02-06 15:57:00,4.637215775725745e-06,0.02179081914545168,0.0,55,223.2298378636846,4.637215775725745e-06,18.844536,0.2848521,0.02179081914545168,0.0,0.0,0.3401130210380778,769.2227398243693,11785.905642450463,-0.8378608790936067,-0.5458838221494464,1.5714957307052546,230.75473434474804,0.01405919633261425,0.9724564999975818,0.0,221.3717248828349,,,,,,,,,,,,,,0.0,0 days 00:00:00,,,,,,,,,,,,,,,,,,,,,0.0,,,,,,,,,,,,,,,,,,0.0,0.0,4.531172e-06,6.0651873e-06,108441.59,0.021316791,-257.16302,0.0,0.0,1.0,-4.313947464551629e-13,1.8101593e-12,6.784624e-16,0.0,0.0,0.0,7.480000000000001e-16,1.935040220106241e-14,1.3787646022108263e-12,791.3381257842425,4.851847052930667e-13,6.720192898673407e-14,0.0,4.531172e-06,6.0651873e-06,108441.59,0.021316791,-257.16302,0.0,0.0,0.0,-4.313947464551629e-13,1.8101593e-12,6.784624e-16,0.0,0.0,0.0,7.480000000000001e-16,1.935040220106241e-14,1.3787646022108263e-12,791.3381257842425,4.851847052930667e-13,6.720192898673407e-14,0.0
56,56,58,adbb36,NKS2975,37.86195373535156,-75.6041116917387,202.176666492,11087.1,0.5514027104423789,34610D,228.8091,19.016161,-0.31161317,215.31463093250403,65128.13277450015,0.344067063859712,0.496133675255926,30.61800655577268,34.1153400352922,26.411315791185988,4.646036823377822e-06,22322.98378636845,0.0214279786643972,0.2551500546314389,0.6666695456650984,cruise,0,GTF,0,43031,1.237,3.16,3.16,0,0.7100584573876948,17.05783416760843,11.614534338432591,31.91847080626352,1515561081053305.2,9.82547397100986,763.454990846396,1621.63859699693,0.000464603682338,0.0258618918896023,0.248066837627963,17.0576700176461,9.59198339730501,9.591938832803985,0.0004646036823377,0.6748195475492563,522164858843415.8,5.7794345543080805,489385247809412.0,0.012679779354176295,7.79766437153002e-06,3.16,35.8,2023-02-06 15:58:00,4.646036823377822e-06,0.021427984694185376,0.0,56,223.2298378636846,4.646036823377822e-06,19.016161,-0.31161317,0.021427984694185376,0.0,0.0,0.3398767054016602,772.0014148883834,12661.229894545604,-0.9308036225864047,-0.365519652248721,1.5755858234821205,230.78172328334963,0.013846761471722396,0.9760125733013008,0.0,221.3956349932462,,,,,,,,,,,,,,0.0,0 days 00:00:00,,,,,,,,,,,,,,,,,,,,,0.0,,,,,,,,,,,,,,,,,,0.0,0.0,4.538245e-06,6.056114e-06,108464.15,0.02100688,-256.1932,0.0,0.0,1.0,-4.312733633149232e-13,1.8114077e-12,6.77763e-16,0.0,0.0,0.0,7.480000000000001e-16,1.9367509331274555e-14,1.3801343331679822e-12,793.051262532148,5.209343703982957e-13,7.036207473173565e-14,0.0,4.538245e-06,6.056114e-06,108464.15,0.02100688,-256.1932,0.0,0.0,0.0,-4.312733633149232e-13,1.8114077e-12,6.77763e-16,0.0,0.0,0.0,7.480000000000001e-16,1.9367509331274555e-14,1.3801343331679822e-12,793.051262532148,5.209343703982957e-13,7.036207473173565e-14,0.0
57,57,59,adbb36,NKS2975,37.75595972093485,-75.65675154976225,219.153333144,11094.72,0.5537027793341676,34610D,228.95183,19.218557,-0.79349864,215.81272254911988,65097.514767944376,0.34636362045856656,0.521524328859894,32.527818481742905,36.0173070847362,0.0,4.658321372685898e-06,22296.17662994759,0.0211021971663072,0.2710651540145242,0.7110743799816116,cruise,0,GTF,0,43031,1.237,3.16,3.16,0,0.711479222807329,18.008513088931196,11.934048975984112,35.263226516725965,1465310943583038.8,10.222743401664,770.098052234359,1639.4967483833,0.000465832137269,0.0262911732757396,0.260762164429947,18.0086535423681,9.91823992391268,9.918193721778888,0.0004658321372685,0.7010039807188986,555616826930833.6,5.788608030496722,489488885673647.6,0.013025325588606631,8.454486043698327e-06,3.16,35.8,2023-02-06 15:59:00,4.658321372685898e-06,0.021102213019092247,0.0,57,222.96176629947595,4.658321372685898e-06,19.218557,-0.79349864,0.021102213019092247,0.0,0.0,0.3392569284878825,775.2214828333738,13155.426254843751,-0.9643872306136182,-0.2644943655910195,1.5792229409570226,230.8056711019799,0.013655430820138837,0.9789730939634795,0.0,221.41684040124008,,,,,,,,,,,,,,0.0,0 days 00:00:00,,,,,,,,,,,,,,,,,,,,,0.0,,,,,,,,,,,,,,,,,,0.0,0.0,4.548199e-06,6.0350885e-06,108574.95,0.020831514,-255.24289,0.0,0.0,0.9999999999999999,-4.3079426072560793e-13,1.8137949e-12,6.761423e-16,0.0,0.0,0.0,7.479999999999998e-16,1.9403150408941706e-14,1.383000623492223e-12,795.0954837148291,5.636854010598626e-13,7.396299753837324e-14,0.0,4.548199e-06,6.0350885e-06,108574.95,0.020831514,-255.24289,0.0,0.0,0.0,-4.3079426072560793e-13,1.8137949e-12,6.761423e-16,0.0,0.0,0.0,7.479999999999998e-16,1.9403150408941706e-14,1.383000623492223e-12,795.0954837148291,5.636854010598626e-13,7.396299753837324e-14,0.0
58,58,60,adbb36,NKS2975,37.64186096191406,-75.69626828457444,219.153333144,11094.72,0.5561610328337547,34610D,229.11613,19.454077,-1.1714827,218.4340420128181,65064.98694946263,0.34792621218276953,0.523603691829988,32.65907873786994,35.8881412511128,26.447002975221537,4.687577917152275e-06,22296.17662994759,0.0208295385323239,0.2721589894822495,0.7176129937291207,cruise,0,GTF,0,43031,1.237,3.16,3.16,0,0.7198627756631754,17.94416594374515,11.968721136162518,35.353134912920616,1463960199415272.0,10.2599242234515,771.485140867484,1641.390656884,0.000468757791715,0.0263177086558412,0.261801845914994,17.9440706255564,9.94774466647529,9.947698035865647,0.0004687577917152,0.7066537897141467,555533100207296.5,5.899152404360246,494835347073166.4,0.013084784370643364,8.485282199701867e-06,3.16,35.8,2023-02-06 16:00:00,4.687577917152275e-06,0.020829557117378623,0.0,58,222.96176629947595,4.687577917152275e-06,19.454077,-1.1714827,0.020829557117378623,0.0,0.0,0.3390136461255689,778.6630183719952,12986.425148620945,-0.9633982327991986,-0.2680743274530057,1.5830073389698853,230.83053682087734,0.013500825136077307,0.9821661636303219,0.0,221.4390056640917,,,,,,,,,,,,,,0.0,0 days 00:00:00,,,,,,,,,,,,,,,,,,,,,0.0,,,,,,,,,,,,,,,,,,0.0,0.0,4.577777e-06,6.0198217e-06,108606.86,0.02074064,-255.06755,0.0,0.0,1.0,-4.306251507395094e-13,1.8151591e-12,6.7496546e-16,0.0,0.0,0.0,7.48e-16,1.9421906637235167e-14,1.3845339370031112e-12,797.2894658255195,5.691465740055378e-13,7.425789445828237e-14,0.0,4.577777e-06,6.0198217e-06,108606.86,0.02074064,-255.06755,0.0,0.0,0.0,-4.306251507395094e-13,1.8151591e-12,6.7496546e-16,0.0,0.0,0.0,7.48e-16,1.9421906637235167e-14,1.3845339370031112e-12,797.2894658255195,5.691465740055378e-13,7.425789445828237e-14,0.0
59,59,61,adbb36,NKS2975,37.52934342723782,-75.73574563731319,218.124444256,11102.34,0.5585891545577585,34610D,229.26332,19.722702,-1.5580515,220.5442410922797,65032.32787072476,0.34322256733723855,0.464884004059874,28.38474296880676,31.1319379040612,0.0,4.717849609861813e-06,22269.401665622652,0.0205810567648138,0.2365395247400563,0.6271873819594178,cruise,0,GTF,0,43031,1.237,3.16,3.16,0,0.7265836665433528,15.565376837804653,11.251599236289191,27.919483254293176,1575640109724912.0,9.31309938847217,757.725730959599,1603.66922680349,0.000471784960986,0.0254059661241356,0.232442002029937,15.5659689520306,9.14911091726274,9.14906775333701,0.0004717849609861,0.6528856662396387,477289878199608.8,5.979485455963507,498380193866503.1,0.012325904670498976,7.0040313661469634e-06,3.16,35.8,2023-02-06 16:01:00,4.717849609861813e-06,0.0205810835983938,0.0,59,222.69401665622655,4.717849609861813e-06,19.722702,-1.5580515,0.0205810835983938,0.0,0.0,0.3383891427075396,782.0623657495776,13120.160825737394,-0.963289428911416,-0.26846503710449515,1.5697829690739447,230.743413995389,0.01335913283915797,0.9868437454205526,0.0,221.3590452640027,,,,,,,,,,,,,,0.0,0 days 00:00:00,,,,,,,,,,,,,,,,,,,,,0.0,,,,,,,,,,,,,,,,,,0.0,0.0,4.607481e-06,6.0016873e-06,108721.14,0.020735076,-254.7404,0.0,0.0,1.0,-4.301270208345447e-13,1.8175489e-12,6.7356753e-16,0.0,0.0,0.0,7.48e-16,1.9458052103253124e-14,1.3874218881495794e-12,799.4526869800792,4.770052946829718e-13,6.593022136297459e-14,0.0,4.607481e-06,6.0016873e-06,108721.14,0.020735076,-254.7404,0.0,0.0,0.0,-4.301270208345447e-13,1.8175489e-12,6.7356753e-16,0.0,0.0,0.0,7.48e-16,1.9458052103253124e-14,1.3874218881495794e-12,799.4526869800792,4.770052946829718e-13,6.593022136297459e-14,0.0
60,60,62,adbb36,NKS2975,37.41567993164063,-75.77562697390289,216.581110924,11102.34,0.5610217358688546,34610D,229.4281,20.032833,-1.9121112,218.58857924077387,65003.94312775596,0.3405103202264834,0.451896450029136,27.482144935701573,30.2916674403648,26.48288032184097,4.760211936708835e-06,22269.401665622652,0.0203695428034964,0.2290178744641798,0.6077244404056157,cruise,0,GTF,0,43031,1.237,3.16,3.16,0,0.7198820568414904,15.14572396975238,11.081245449932112,26.499292629571684,1596976428518840.0,9.08777859546627,754.281192004436,1595.988708269,0.000476021193671,0.025239658113042,0.225948225014568,15.1458337201824,8.95211115786925,8.952068544125709,0.0004760211936708,0.639947769379695,461852759826569.9,5.889847060919781,494045695347934.3,0.012143653777583007,6.70222644372221e-06,3.16,35.8,2023-02-06 16:02:00,4.760211936708836e-06,0.020369561291461613,0.0,60,222.69401665622655,4.760211936708836e-06,20.032833,-1.9121112,0.020369561291461613,0.0,0.0,0.3381461046361989,785.4679552178088,13015.24493242705,-0.9636187497069831,-0.2672805739539458,1.5633270656976759,230.70064562291662,0.013243318047499028,0.9903497257219901,0.0,221.319634390204,,,,,,,,,,,,,,0.0,0 days 00:00:00,,,,,,,,,,,,,,,,,,,,,0.0,,,,,,,,,,,,,,,,,,0.0,0.0,4.6520804e-06,5.991994e-06,108753.67,0.020383146,-254.99368,0.0,0.0,1.0000000000000002,-4.299541954215164e-13,1.8188931e-12,6.728204e-16,0.0,0.0,0.0,7.48e-16,1.9477026631771838e-14,1.3889389421581232e-12,801.6328027897932,4.573226499342714e-13,6.408831606029209e-14,0.0,4.6520804e-06,5.991994e-06,108753.67,0.020383146,-254.99368,0.0,0.0,0.0,-4.299541954215164e-13,1.8188931e-12,6.728204e-16,0.0,0.0,0.0,7.48e-16,1.9477026631771838e-14,1.3889389421581232e-12,801.6328027897932,4.573226499342714e-13,6.408831606029209e-14,0.0
61,61,63,adbb36,NKS2975,37.30288696289063,-75.8149556910738,216.06666648,11109.96,0.5634357935028979,34610D,229.5732,20.399279,-2.277205,215.5592960273945,64976.46098282025,0.33882544474312365,0.45159744299057,27.435294979063187,30.5451437596344,-26.501412372946763,4.796536386877354e-06,22242.65885473489,0.0201558823855878,0.2286274581588598,0.6071056714918494,cruise,0,GTF,0,43031,1.237,3.16,3.16,0,0.7096813390060372,15.272593416951558,11.057873968030384,26.71713772483868,1593703619700501.5,9.06603400210991,754.264049821507,1597.67385952086,0.000479653638688,0.0252976482379819,0.225798721495285,15.2725718798172,8.92568033878622,8.925637526641047,0.0004796536386877,0.6398838998873345,463045505511094.0,5.746481826909308,486772661597033.4,0.012134498277916666,6.7191531344891205e-06,3.16,35.8,2023-02-06 16:03:00,4.7965363868773536e-06,0.02015588772513832,0.0,61,222.42658854734898,4.7965363868773536e-06,20.399279,-2.277205,0.02015588772513832,0.0,0.0,0.3375265667510685,788.8476086727801,12951.790178670542,-0.9637444592891622,-0.26682694239795257,1.5574706984925992,230.66171335878363,0.013123148092431192,0.992970257442887,0.0,221.28370726778132,,,,,,,,,,,,,,0.0,0 days 00:00:00,,,,,,,,,,,,,,,,,,,,,0.0,,,,,,,,,,,,,,,,,,0.0,0.0,4.691108e-06,5.9817207e-06,108869.08,0.0199218,-255.42287,0.0,0.0,1.0,-4.29448589767649e-13,1.821219e-12,6.720285e-16,0.0,0.0,0.0,7.480000000000001e-16,1.9513043831841233e-14,1.3917704114677582e-12,803.7944474652604,4.576064616428154e-13,6.404591064287704e-14,0.0,4.691108e-06,5.9817207e-06,108869.08,0.0199218,-255.42287,0.0,0.0,0.0,-4.29448589767649e-13,1.821219e-12,6.720285e-16,0.0,0.0,0.0,7.480000000000001e-16,1.9513043831841233e-14,1.3917704114677582e-12,803.7944474652604,4.576064616428154e-13,6.404591064287704e-14,0.0
62,62,64,adbb36,NKS2975,37.190629344875525,-75.853968081267,215.552222036,11102.34,0.5658346976879287,34610D,229.74928,20.741705,-2.585262,213.5519634734491,64949.02568784119,0.34289779647604834,0.50199060623139,31.01747321285816,34.6847169302544,53.037381518830784,4.846993858303815e-06,22269.401665622652,0.0199779011709968,0.2584789434404846,0.6862158462715645,cruise,0,GTF,0,43031,1.237,3.16,3.16,0,0.7028031130779836,17.341836393599817,11.671613080983883,33.14333353096936,1497159282648074.8,9.87892483629218,767.504246275849,1632.51999014146,0.00048469938583,0.0261231711294745,0.250995303115695,17.3423584651272,9.6081483320568,9.608101761646571,0.0004846993858303,0.6905812262265045,527433105097323.9,5.667050723140922,483268987828762.1,0.01282917427918988,7.967862678827442e-06,3.16,35.8,2023-02-06 16:04:00,4.846993858303815e-06,0.019977921823389096,0.0,62,222.69401665622655,4.846993858303815e-06,20.741705,-2.585262,0.019977921823389096,0.0,0.0,0.3376733903544086,792.2060446754858,12785.150357722672,-0.9533558627846643,-0.30184863573338916,1.5690072831636521,230.73828356453595,0.013029868990397146,0.9942116389703839,0.0,221.35325908674363,,,,,,,,,,,,,,0.0,0 days 00:00:00,,,,,,,,,,,,,,,,,,,,,0.0,,,,,,,,,,,,,,,,,,0.0,0.0,4.7452995e-06,5.971821e-06,108819.234,0.019584239,-255.73605,0.0,0.0,1.0000000000000002,-4.2960633569141006e-13,1.8215082e-12,6.712654e-16,0.0,0.0,0.0,7.48e-16,1.9513990734052277e-14,1.3919019503632172e-12,805.9421934984796,5.378413507018059e-13,7.119270936822073e-14,0.0,4.7452995e-06,5.971821e-06,108819.234,0.019584239,-255.73605,0.0,0.0,0.0,-4.2960633569141006e-13,1.8215082e-12,6.712654e-16,0.0,0.0,0.0,7.48e-16,1.9513990734052277e-14,1.3919019503632172e-12,805.9421934984796,5.378413507018059e-13,7.119270936822073e-14,0.0
63,63,65,adbb36,NKS2975,37.08100891113281,-75.89747002784242,205.7777776,11117.58,0.5681701811137331,34610D,229.87265,21.194023,-2.9984097,214.2814069913377,64918.00821462833,0.33811131755337676,0.452705938904302,27.491740601794262,30.737804882904,0.0,4.862348498634033e-06,22215.94815867199,0.0197078649924672,0.2290978383482855,0.6113031528873245,cruise,0,GTF,0,43031,1.237,3.16,3.16,0,0.7050145268019856,15.368353930873312,11.06130532834896,27.041694538791848,1588827620993916.2,9.06924048431514,755.330963134739,1600.95162177041,0.000486234849863,0.0253798776582555,0.226352969452151,15.368902441452,8.9185997072182,8.91855634208916,0.0004862348498634,0.6438590769106443,464838285501817.3,5.676999266922157,483073021626492.25,0.012162146329393282,6.768852974397812e-06,3.16,35.8,2023-02-06 16:05:00,4.862348498634033e-06,0.019707876224492018,0.0,63,222.15948158671992,4.862348498634033e-06,21.194023,-2.9984097,0.019707876224492018,0.0,0.0,0.3366820785242693,795.4756858268564,11940.059648841909,-0.8830704261299751,-0.46924047405847685,1.5539220824160138,230.63805949905787,0.012869381120656215,0.9965174658227919,0.0,221.261272351841,,,,,,,,,,,,,,0.0,0 days 00:00:00,,,,,,,,,,,,,,,,,,,,,0.0,,,,,,,,,,,,,,,,,,0.0,0.0,4.7634167e-06,5.953534e-06,109017.7,0.019198222,-256.03387,0.0,0.0,0.9999999999999999,-4.287648491745992e-13,1.8247205e-12,6.698558e-16,0.0,0.0,0.0,7.479999999999999e-16,1.9565279754188086e-14,1.3959556911464446e-12,808.0363188709435,4.611575255912987e-13,6.420311842015923e-14,0.0,4.7634167e-06,5.953534e-06,109017.7,0.019198222,-256.03387,0.0,0.0,0.0,-4.287648491745992e-13,1.8247205e-12,6.698558e-16,0.0,0.0,0.0,7.479999999999999e-16,1.9565279754188086e-14,1.3959556911464446e-12,808.0363188709435,4.611575255912987e-13,6.420311842015923e-14,0.0
64,64,66,adbb36,NKS2975,36.98617191637977,-75.9605474057405,198.575555384,11117.58,0.570217998260636,34610D,230.01787,21.577019,-3.4396555,212.1126460690012,64890.51647402654,0.33522881353519207,0.439431999877664,26.57469496952812,29.8846309145798,0.0,4.896185533340959e-06,22215.94815867199,0.0195125641420334,0.2214557914127343,0.5911105284666105,cruise,0,GTF,0,43031,1.237,3.16,3.16,0,0.6976586363875833,14.942197077014209,10.88535467231128,25.82250892910804,1577554939650035.5,8.83834281071911,751.570045607089,1592.78988235876,0.000489618553334,0.0252060685556217,0.219715999938832,14.9423154572899,8.71678974664332,8.71674706783243,0.000489618553334,0.6299254176421978,448664474449610.5,5.583363136241741,478542642603139.2,0.01197676498903664,6.451619600710097e-06,3.16,35.8,2023-02-06 16:06:00,4.8961855333409585e-06,0.019512572019223934,0.0,64,222.15948158671992,4.8961855333409585e-06,21.577019,-3.4396555,0.019512572019223934,0.0,0.0,0.33646951690267307,798.3425737643619,11970.688390133297,-0.8746380166621358,-0.48477658752184555,1.5471841901619294,230.59301493742524,0.012760099066711833,0.9980042835527422,0.0,221.21980158555365,,,,,,,,,,,,,,0.0,0 days 00:00:00,,,,,,,,,,,,,,,,,,,,,0.0,,,,,,,,,,,,,,,,,,0.0,0.0,4.8010934e-06,5.9529807e-06,109046.195,0.01905446,-256.28488,0.0,0.0,1.0,-4.286129812295228e-13,1.8258127e-12,6.698131e-16,0.0,0.0,0.0,7.48e-16,1.9581408628094554e-14,1.3971996569226422e-12,809.8471774280986,4.412055105272117e-13,6.232059776825022e-14,0.0,4.8010934e-06,5.9529807e-06,109046.195,0.01905446,-256.28488,0.0,0.0,0.0,-4.286129812295228e-13,1.8258127e-12,6.698131e-16,0.0,0.0,0.0,7.48e-16,1.9581408628094554e-14,1.3971996569226422e-12,809.8471774280986,4.412055105272117e-13,6.232059776825022e-14,0.0
65,65,67,adbb36,NKS2975,36.891998291015625,-76.02579969040892,199.604444272,11117.58,0.5722406027314312,34610D,230.14886,21.998205,-3.909938,209.1679460264848,64863.94177905701,0.3353362053055768,0.45467881990814,27.58573835267175,31.3668911386516,53.12491266605846,4.92999466658449e-06,22215.94815867199,0.0193505039518911,0.2298811529389312,0.6132471154729302,cruise,0,GTF,0,43031,1.237,3.16,3.16,0,0.6877774527501105,15.68407743540755,11.055050436990127,27.624332245359906,1580074328560981.8,9.07743280999306,755.7417176114,1604.8339900207,0.000492999466658,0.0255011638244102,0.22733940995407,15.6834455693258,8.91486410265152,8.914820152635716,0.0004929994666584,0.6453894934286442,470128494559787.1,5.459871511550467,472566438443740.7,0.012175611999186771,6.8550123218050656e-06,3.16,35.8,2023-02-06 16:07:00,4.92999466658449e-06,0.0193505307167789,0.0,65,222.15948158671992,4.92999466658449e-06,21.998205,-3.909938,0.0193505307167789,0.0,0.0,0.33627801414215935,801.1741609361188,11897.927350220283,-0.8752339617228713,-0.4836998162568265,1.5474342185888679,230.59468954637225,0.012670484947188799,0.9987732571346069,0.0,221.22102945812082,,,,,,,,,,,,,,0.0,0 days 00:00:00,,,,,,,,,,,,,,,,,,,,,0.0,,,,,,,,,,,,,,,,,,0.0,0.0,4.8399843e-06,5.942799e-06,109075.17,0.019072006,-257.33524,0.0,0.0,1.0,-4.2845866099319233e-13,1.826801e-12,6.6902823e-16,0.0,0.0,0.0,7.48e-16,1.9595479466631606e-14,1.398342401071826e-12,811.6404097971645,4.644728158643763e-13,6.448291398242836e-14,0.0,4.8399843e-06,5.942799e-06,109075.17,0.019072006,-257.33524,0.0,0.0,0.0,-4.2845866099319233e-13,1.826801e-12,6.6902823e-16,0.0,0.0,0.0,7.48e-16,1.9595479466631606e-14,1.398342401071826e-12,811.6404097971645,4.644728158643763e-13,6.448291398242836e-14,0.0
66,66,68,adbb36,NKS2975,36.79833363678495,-76.09043202501658,199.604444272,11132.82,0.5742516199659078,34610D,230.23161,22.499735,-4.4087634,206.8182025847238,64836.35604070434,0.33610270406252263,0.474805927468986,29.007059649119267,33.2032670136864,53.14333026744246,4.9382665204320905e-06,22162.62295680326,0.0191515788754617,0.2417254970759939,0.6458909103137314,cruise,0,GTF,0,43031,1.237,3.16,3.16,0,0.6799288572156614,16.601847369018536,11.29337300411355,30.466175309795,1537379729308158.5,9.39241599600763,761.465055348484,1620.49477803811,0.000493826652043,0.0258783248114295,0.237402963734493,16.6016335068432,9.17381497698958,9.17376967446993,0.0004938266520432,0.6671406268830868,496695002753027.0,5.3462569329924365,466392329153858.56,0.012456882380170117,7.373504662668791e-06,3.16,35.8,2023-02-06 16:08:00,4.9382665204320905e-06,0.019151608900651033,0.0,66,221.6262295680326,4.9382665204320905e-06,22.499735,-4.4087634,0.019151608900651033,0.0,0.0,0.335350266910974,803.9895238671133,11974.78785692994,-0.8750252480417307,-0.4840772823522168,1.5455021978601904,230.581743261529,0.012550468566896697,0.9992194159888765,0.0,221.2088131037317,,,,,,,,,,,,,,0.0,0 days 00:00:00,,,,,,,,,,,,,,,,,,,,,0.0,,,,,,,,,,,,,,,,,,0.0,0.0,4.857356e-06,5.9331855e-06,109269.984,0.018958561,-258.94266,0.0,0.0,1.0,-4.276328447975947e-13,1.8295805e-12,6.6828724e-16,0.0,0.0,0.0,7.480000000000002e-16,1.9641607454678423e-14,1.4019477106541469e-12,813.4239504557552,4.975177296707876e-13,6.733735647839359e-14,0.0,4.857356e-06,5.9331855e-06,109269.984,0.018958561,-258.94266,0.0,0.0,0.0,-4.276328447975947e-13,1.8295805e-12,6.6828724e-16,0.0,0.0,0.0,7.480000000000002e-16,1.9641607454678423e-14,1.4019477106541469e-12,813.4239504557552,4.975177296707876e-13,6.733735647839359e-14,0.0
67,67,69,adbb36,NKS2975,36.70408630371094,-76.15545272827148,199.604444272,11148.06,0.5762614587354488,34610D,230.30849,23.007372,-4.9290075,206.11306325250047,64807.34898105522,0.33481186156646525,0.46620320925848,28.385610759454345,32.5875728728108,0.0,4.931440892437089e-06,22109.42575204426,0.018909810981998,0.2365467563287862,0.6339597982187773,cruise,0,GTF,0,43031,1.237,3.16,3.16,0,0.6774976257843573,16.292949563649024,11.179904930178504,29.54750630315625,1551181408076168.5,9.24236871885855,759.597781064913,1616.20789487993,0.000493144089244,0.0257832943510047,0.23310160462924,16.2937864364054,9.04079988599893,9.040755302048533,0.0004931440892437,0.6600177727356793,485582635609401.6,5.299647028630364,463463558047471.4,0.012349752837330714,7.167711361230021e-06,3.16,35.8,2023-02-06 16:09:00,4.931440892437089e-06,0.01890982469595268,0.0,67,221.09425752044265,4.931440892437089e-06,23.007372,-4.9290075,0.01890982469595268,0.0,0.0,0.3344336460939045,806.8032355206974,12018.619975922107,-0.8752786778898137,-0.48361889544501857,1.5388005492142773,230.53672468421075,0.01240141906159566,0.9996405285862097,0.0,221.16723034570077,,,,,,,,,,,,,,0.0,0 days 00:00:00,,,,,,,,,,,,,,,,,,,,,0.0,,,,,,,,,,,,,,,,,,0.0,0.0,4.859974e-06,5.9311956e-06,109464.984,0.018754384,-260.23407,0.0,0.0,1.0,-4.2680351788426e-13,1.8322481e-12,6.681338e-16,0.0,0.0,0.0,7.480000000000001e-16,1.968691444546014e-14,1.4054446642099081e-12,815.2157389768696,4.85510387554226e-13,6.611731209960505e-14,0.0,4.859974e-06,5.9311956e-06,109464.984,0.018754384,-260.23407,0.0,0.0,0.0,-4.2680351788426e-13,1.8322481e-12,6.681338e-16,0.0,0.0,0.0,7.480000000000001e-16,1.968691444546014e-14,1.4054446642099081e-12,815.2157389768696,4.85510387554226e-13,6.611731209960505e-14,0.0
68,68,70,adbb36,NKS2975,36.609466552734375,-76.2205696105957,198.575555384,11148.06,0.5782684648381173,34610D,230.41411,23.462175,-5.423997,205.5883935528805,64778.963370295765,0.3344122770577894,0.466223863547996,28.38136584233414,32.6331921231094,-26.59470474310073,4.941410085307837e-06,22109.42575204426,0.0187174612533464,0.2365113820194511,0.6346475162714144,cruise,0,GTF,0,43031,1.237,3.16,3.16,0,0.6756180983646083,16.316603992208496,11.17685496608947,29.603763592992205,1550336223317497.2,9.23769253921821,759.793466359526,1616.96903297204,0.000494141008531,0.0258039590895313,0.233111931773998,16.3165960615547,9.03395990379523,9.033915263515237,0.0004941410085307,0.660762535578257,485804474039484.6,5.277106137550182,462372266510610.0,0.01235276183235584,7.175307827089631e-06,3.16,35.8,2023-02-06 16:10:00,4.941410085307837e-06,0.018717481548149714,0.0,68,221.09425752044265,4.941410085307837e-06,23.462175,-5.423997,0.018717481548149714,0.0,0.0,0.33428034436381326,809.6129799090967,11781.565191115706,-0.8760480591308466,-0.4822238049838236,1.5378767460273175,230.53050537614595,0.012288067683408076,0.9998854119216718,0.0,221.1611749608269,,,,,,,,,,,,,,0.0,0 days 00:00:00,,,,,,,,,,,,,,,,,,,,,0.0,,,,,,,,,,,,,,,,,,0.0,0.0,4.87322e-06,5.9441263e-06,109495.09,0.018621542,-261.72266,0.0,0.0,1.0,-4.2664145351821893e-13,1.8330036e-12,6.6913056e-16,0.0,0.0,0.0,7.48e-16,1.969983815388644e-14,1.4063621213271804e-12,817.0115984501094,4.859672227037977e-13,6.612024130746764e-14,0.0,4.87322e-06,5.9441263e-06,109495.09,0.018621542,-261.72266,0.0,0.0,0.0,-4.2664145351821893e-13,1.8330036e-12,6.6913056e-16,0.0,0.0,0.0,7.48e-16,1.969983815388644e-14,1.4063621213271804e-12,817.0115984501094,4.859672227037977e-13,6.612024130746764e-14,0.0
69,69,71,adbb36,NKS2975,36.516632080078125,-76.28414154052734,197.032222052,11140.44,0.5802503103737566,34610D,230.52531,23.883886,-5.8820977,205.4905274094211,64750.58200445344,0.334184477357062,0.46557543617497,28.326567034379355,32.5811166031058,0.0,4.962324092219349e-06,22136.008374004403,0.0185785007429203,0.2360547252864946,0.633739624132682,cruise,0,GTF,0,43031,1.237,3.16,3.16,0,0.6751335778339571,16.290514760271336,11.167663359371437,29.481118080299243,1552178795513025.8,9.22660726606338,759.731057010678,1616.70380715792,0.000496232409222,0.0257966004261558,0.232787718087485,16.2905583015529,9.02396882697209,9.023924047336385,0.0004962324092219,0.6605250105044218,484805335069265.06,5.279867861652557,462841833531841.9,0.012346749871246869,7.1591763637098914e-06,3.16,35.8,2023-02-06 16:11:00,4.962324092219349e-06,0.018578501028287207,0.0,69,221.36008374004408,4.962324092219349e-06,23.883886,-5.8820977,0.018578501028287207,0.0,0.0,0.3345208137004893,812.3874965487661,11840.92956806633,-0.8762453345895344,-0.48186524424373567,1.5391989987857824,230.53940613935282,0.01221020864970648,0.9999936112466509,0.0,221.16903726273804,,,,,,,,,,,,,,0.0,0 days 00:00:00,,,,,,,,,,,,,,,,,,,,,0.0,,,,,,,,,,,,,,,,,,0.0,0.0,4.8939637e-06,5.9646095e-06,109442.56,0.018499225,-262.861,0.0,0.0,0.9999999999999999,-4.268164316788896e-13,1.8328251e-12,6.7070954e-16,0.0,0.0,0.0,7.480000000000001e-16,1.969682113852166e-14,1.4060085861738356e-12,818.7735737823447,4.84933215379482e-13,6.60282808186832e-14,0.0,4.8939637e-06,5.9646095e-06,109442.56,0.018499225,-262.861,0.0,0.0,0.0,-4.268164316788896e-13,1.8328251e-12,6.7070954e-16,0.0,0.0,0.0,7.480000000000001e-16,1.969682113852166e-14,1.4060085861738356e-12,818.7735737823447,4.84933215379482e-13,6.60282808186832e-14,0.0
70,70,72,adbb36,NKS2975,36.42330880892479,-76.34790948096742,196.003333164,11140.44,0.5822303072822531,34610D,230.6103,24.314903,-6.4093595,204.97147417099896,64722.25543741905,0.33445344479250533,0.471696385773056,28.76465778408045,33.1196879489878,26.61485317643124,4.951941492665977e-06,22136.008374004403,0.0183581819801777,0.2397054815340037,0.6441249622628284,cruise,0,GTF,0,43031,1.237,3.16,3.16,0,0.6733041615843807,16.559133923410524,11.242140865019524,30.324853738180337,1539502882391935.8,9.32312707214687,761.554153079667,1621.43750197397,0.000495194149267,0.0259082565637598,0.235848192886528,16.5598439744939,9.10320585663916,9.103160778319587,0.0004951941492665,0.6674844442631013,492973711425631.25,5.2580031656936645,461783215204328.25,0.01243157641177261,7.320234796264179e-06,3.16,35.8,2023-02-06 16:12:00,4.951941492665978e-06,0.018358199773116684,0.0,70,221.36008374004408,4.951941492665978e-06,24.314903,-6.4093595,0.018358199773116684,0.0,0.0,0.3343975281232345,815.1594236619784,11703.38319840051,-0.8763897443342351,-0.4816025498538958,1.5398210217326862,230.54359095137727,0.012075538749854627,inf,0.0,221.17240547569384,,,,,,,,,,,,,,0.0,0 days 00:00:00,,,,,,,,,,,,,,,,,,,,,0.0,,,,,,,,,,,,,,,,,,0.0,0.0,4.8900606e-06,6.00649e-06,109473.86,0.01816939,-263.24765,0.0,0.0,1.0,-4.266498785928617e-13,1.8334852e-12,6.739378e-16,0.0,0.0,0.0,7.48e-16,1.9710798102164322e-14,1.4068354077294768e-12,820.5400426139829,4.949750326917277e-13,6.689635878744343e-14,0.0,4.8900606e-06,6.00649e-06,109473.86,0.01816939,-263.24765,0.0,0.0,0.0,-4.266498785928617e-13,1.8334852e-12,6.739378e-16,0.0,0.0,0.0,7.48e-16,1.9710798102164322e-14,1.4068354077294768e-12,820.5400426139829,4.949750326917277e-13,6.689635878744343e-14,0.0
71,71,73,adbb36,NKS2975,36.3310546875,-76.41082763671875,197.032222052,11148.06,0.5841917242904563,34610D,230.67833,24.760761,-6.966158,204.5579671275082,64693.49077963497,0.3342454541406774,0.472559769976406,28.827565600013976,33.2267065262446,26.62279950865361,4.90589756772409e-06,22109.42575204426,0.0180233224515788,0.2402297133334498,0.6467809752029317,cruise,0,GTF,0,43031,1.237,3.16,3.16,0,0.671846773699213,16.613327838031385,11.250440679000576,30.546123384674587,1536178624623408.0,9.33055682255413,762.057507128233,1623.02824484075,0.000490589756772,0.0259488790813521,0.236279884988203,16.6133532631223,9.10559119904345,9.105546528164885,0.0004905897567724,0.6694268267222261,494282632959591.7,5.232152599267565,460195733371370.4,0.012447782536996901,7.350801312190663e-06,3.16,35.8,2023-02-06 16:13:00,4.90589756772409e-06,0.01802332017919061,0.0,71,221.09425752044265,4.90589756772409e-06,24.760761,-6.966158,0.01802332017919061,0.0,0.0,0.3338974581491098,817.9053364106863,11823.656307267542,-0.8769004193393176,-0.48067208631511854,1.537491342066716,230.52790974696043,0.011863220666000195,inf,0.0,221.15738403693095,,,,,,,,,,,,,,0.0,0 days 00:00:00,,,,,,,,,,,,,,,,,,,,,0.0,,,,,,,,,,,,,,,,,,0.0,0.0,4.855932e-06,6.057925e-06,109587.84,0.01787975,-263.52136,0.0,0.0,0.9999999999999999,-4.2614604803056677e-13,1.83501e-12,6.7790254e-16,0.0,0.0,0.0,7.48e-16,1.9741133469433512e-14,1.4088639163818562e-12,822.2852484774986,4.972434094243137e-13,6.701880462586989e-14,0.0,4.855932e-06,6.057925e-06,109587.84,0.01787975,-263.52136,0.0,0.0,0.0,-4.2614604803056677e-13,1.83501e-12,6.7790254e-16,0.0,0.0,0.0,7.48e-16,1.9741133469433512e-14,1.4088639163818562e-12,822.2852484774986,4.972434094243137e-13,6.701880462586989e-14,0.0
72,72,74,adbb36,NKS2975,36.237798141220864,-76.47419381648933,197.546666496,11155.68,0.5861570402006661,34610D,230.74803,25.207178,-7.536897,204.2376666717199,64664.66321403496,0.33542588338709967,0.487397419367178,29.935263780190457,34.4449371145858,53.25969570150229,4.844586427037286e-06,22082.87505254178,0.0176340853235141,0.2494605315015871,0.6730049496592703,cruise,0,GTF,0,43031,1.237,3.16,3.16,0,0.6706934095971433,17.22237958681096,11.439089804100597,32.62887207516009,1504888325100025.5,9.56382011901644,766.226482422202,1634.01302624909,0.000484458642704,0.0262105448157874,0.243698709683589,17.2224685572929,9.29773537316178,9.297690329697405,0.0004844586427037,0.6856010878085564,512341544779698.9,5.21001966878536,458788777186320.2,0.012668236077163997,7.712325927234723e-06,3.16,35.8,2023-02-06 16:14:00,4.844586427037286e-06,0.017634087059358542,0.0,72,220.82875052541786,4.844586427037286e-06,25.207178,-7.536897,0.017634087059358542,0.0,0.0,0.3333957520812061,820.6567065499357,11915.16062535861,-0.877000269044232,-0.4804898834484914,1.5383725648202273,230.53384378214056,0.011615003507096681,inf,0.0,221.1619688021049,,,,,,,,,,,,,,0.0,0 days 00:00:00,,,,,,,,,,,,,,,,,,,,,0.0,,,,,,,,,,,,,,,,,,0.0,0.0,4.8070237e-06,6.1239793e-06,109702.43,0.017676542,-263.6819,0.0,0.0,0.9999999999999999,-4.256382154746522e-13,1.8365277e-12,6.829942e-16,0.0,0.0,0.0,7.48e-16,1.9772557452683972e-14,1.4108894776970694e-12,824.0486520771165,5.226893103515092e-13,6.912309193258868e-14,0.0,4.8070237e-06,6.1239793e-06,109702.43,0.017676542,-263.6819,0.0,0.0,0.0,-4.256382154746522e-13,1.8365277e-12,6.829942e-16,0.0,0.0,0.0,7.48e-16,1.9772557452683972e-14,1.4108894776970694e-12,824.0486520771165,5.226893103515092e-13,6.912309193258868e-14,0.0
73,73,75,adbb36,NKS2975,36.143809173066735,-76.5379495823637,198.575555384,11170.92,0.5881228677627282,34610D,230.80049,25.655308,-8.194875,204.65264941819584,64634.72795025477,0.3352454919913827,0.4826620764817,29.584185543143573,34.0228108766412,0.0,4.7565647504188245e-06,22029.8692676161,0.0171677668454117,0.2465348795261964,0.6675189361344106,cruise,0,GTF,0,43031,1.237,3.16,3.16,0,0.6719797987079623,17.011624453259003,11.379167471757135,32.117818457041174,1512566169698608.2,9.48180111215356,765.56921663141,1632.09564877748,0.000475656475042,0.0261628394290313,0.24133103824085,17.0114054383206,9.22419139159108,9.224147516336153,0.0004756564750418,0.6830394493250056,505781436395828.5,5.208324515556766,458037786871371.4,0.012616701553861324,7.599396938034785e-06,3.16,35.8,2023-02-06 16:15:00,4.7565647504188245e-06,0.01716779199502547,0.0,73,220.298692676161,4.7565647504188245e-06,25.655308,-8.194875,0.01716779199502547,0.0,0.0,0.33251990074730364,823.4087917137457,11833.70634304565,-0.8777904924650797,-0.4790447279095273,1.5342634154570503,230.5061475418081,0.01131372256745776,inf,0.0,221.13568500646608,,,,,,,,,,,,,,0.0,0 days 00:00:00,,,,,,,,,,,,,,,,,,,,,0.0,,,,,,,,,,,,,,,,,,0.0,0.0,4.7376407e-06,6.230483e-06,109901.44,0.017239092,-263.20654,0.0,0.0,1.0,-4.2478251019958433e-13,1.8388986e-12,6.912039e-16,0.0,0.0,0.0,7.48e-16,1.982271189134932e-14,1.4141159983311132e-12,825.8207800761495,5.166843329690429e-13,6.845152181629588e-14,0.0,4.7376407e-06,6.230483e-06,109901.44,0.017239092,-263.20654,0.0,0.0,0.0,-4.2478251019958433e-13,1.8388986e-12,6.912039e-16,0.0,0.0,0.0,7.48e-16,1.982271189134932e-14,1.4141159983311132e-12,825.8207800761495,5.166843329690429e-13,6.845152181629588e-14,0.0
74,74,76,adbb36,NKS2975,36.050378831766416,-76.60100409325133,197.546666496,11170.92,0.590076127555648,34610D,230.87756,26.058992,-8.822176,205.4734062821761,64605.143764711625,0.334788023837297,0.473598996649138,28.9053329146098,33.205230986369,0.0,4.700658588215866e-06,22029.8692676161,0.0168157184675246,0.2408777742884149,0.6534841598822361,cruise,0,GTF,0,43031,1.237,3.16,3.16,0,0.6745621528847674,16.603381795056592,11.265558816302848,30.86793814548583,1531343821316206.2,9.33465301313168,763.542746591842,1626.38985602128,0.000470065858822,0.0260230072609528,0.236799498324569,16.6026154931845,9.09962080669609,9.09957803268646,0.0004700658588215,0.6751581863684483,494684729344801.8,5.238925690136411,459519433696988.6,0.012488646328788398,7.3891904099770565e-06,3.16,35.8,2023-02-06 16:16:00,4.700658588215865e-06,0.016815734541734656,0.0,74,220.298692676161,4.700658588215865e-06,26.058992,-8.822176,0.016815734541734656,0.0,0.0,0.33240890118220695,826.1432798986675,11935.618156564868,-0.8774829135033748,-0.47960789871480286,1.533208224240752,230.49902479450532,0.011090141222581236,inf,0.0,221.128436902238,,,,,,,,,,,,,,0.0,0 days 00:00:00,,,,,,,,,,,,,,,,,,,,,0.0,,,,,,,,,,,,,,,,,,0.0,0.0,4.686324e-06,6.3567245e-06,109936.0,0.016848147,-262.95822,0.0,0.0,1.0000000000000002,-4.2459930915132104e-13,1.8395528e-12,7.0093506e-16,0.0,0.0,0.0,7.48e-16,1.984333137312313e-14,1.4149535626623281e-12,827.5823753679074,5.021339409570895e-13,6.716618858397807e-14,0.0,4.686324e-06,6.3567245e-06,109936.0,0.016848147,-262.95822,0.0,0.0,0.0,-4.2459930915132104e-13,1.8395528e-12,7.0093506e-16,0.0,0.0,0.0,7.48e-16,1.984333137312313e-14,1.4149535626623281e-12,827.5823753679074,5.021339409570895e-13,6.716618858397807e-14,0.0
75,75,77,adbb36,NKS2975,35.9561767578125,-76.66460037231445,197.546666496,11170.92,0.5920297560487646,34610D,230.94893,26.506166,-9.498675,205.57669261833783,64576.23843179701,0.33302410540829763,0.456207435149884,27.65274981904655,31.8013526959978,-26.65439115340628,4.634258220605961e-06,22029.8692676161,0.01644224113786,0.2304395818253879,0.6259403668773267,cruise,0,GTF,0,43031,1.237,3.16,3.16,0,0.6747969213047146,15.900453180012232,11.04547984812103,28.61547770513335,1565183795464392.8,9.0501573198314,758.977540629687,1614.80873607495,0.000463425822061,0.0257526410516256,0.228103717574942,15.9006763479989,8.85748832974718,8.857447282049302,0.0004634258220605,0.6576571864150054,471886202476305.6,5.241716210734053,459654540131856.8,0.012256836237025654,6.952153758498242e-06,3.16,35.8,2023-02-06 16:17:00,4.63425822060596e-06,0.016442260598299695,0.0,75,220.298692676161,4.63425822060596e-06,26.506166,-9.498675,0.016442260598299695,0.0,0.0,0.33230617707226034,828.878282974655,11733.238118519273,-0.8810889120332086,-0.472950662429113,1.5291533360839547,230.47161300359224,0.01085146841105006,inf,0.0,221.1026219068428,,,,,,,,,,,,,,0.0,0 days 00:00:00,,,,,,,,,,,,,,,,,,,,,0.0,,,,,,,,,,,,,,,,,,0.0,0.0,4.6223217e-06,6.535422e-06,109971.49,0.016482335,-263.1507,0.0,0.0,1.0000000000000002,-4.244114806894843e-13,1.840224e-12,7.147096e-16,0.0,0.0,0.0,7.479999999999998e-16,1.9868272503771986e-14,1.4158125276939132e-12,829.3557563179552,4.750045216587593e-13,6.469970341890466e-14,0.0,4.6223217e-06,6.535422e-06,109971.49,0.016482335,-263.1507,0.0,0.0,0.0,-4.244114806894843e-13,1.840224e-12,7.147096e-16,0.0,0.0,0.0,7.479999999999998e-16,1.9868272503771986e-14,1.4158125276939132e-12,829.3557563179552,4.750045216587593e-13,6.469970341890466e-14,0.0
76,76,78,adbb36,NKS2975,35.86319228350106,-76.72617810837767,200.118888716,11163.3,0.5939667736297112,34610D,231.02498,26.98891,-10.190633,204.7781546406468,64548.585681977966,0.33572308528061073,0.489147002576608,30.056284576615887,34.5078908713716,53.32123091500603,4.583900729423329e-06,22056.356237162032,0.0161409906839746,0.2504690381384657,0.6798793628837281,cruise,0,GTF,0,43031,1.237,3.16,3.16,0,0.6720651427165378,17.25350042893935,11.461404432602116,32.95443453265781,1499997218047500.0,9.58246990211808,767.682899347778,1637.29649744611,0.000458390072942,0.0262830680181272,0.244573501288304,17.2539454356858,9.30536348038301,9.30532082571609,0.0004583900729423,0.691277534096271,513501351289252.5,5.217790183191807,458830301258056.0,0.012717667195653426,7.761219504758507e-06,3.16,35.8,2023-02-06 16:18:00,4.583900729423328e-06,0.016141000695842088,0.0,76,220.56356237162035,4.583900729423328e-06,26.98891,-10.190633,0.016141000695842088,0.0,0.0,0.3325961939019974,831.5900284392769,12148.110917943046,-0.9002629075203886,-0.4353466404406218,1.5372122745795374,230.5260299154981,0.010660639433742864,inf,0.0,221.151645691774,,,,,,,,,,,,,,0.0,0 days 00:00:00,,,,,,,,,,,,,,,,,,,,,0.0,,,,,,,,,,,,,,,,,,0.0,0.0,4.565227e-06,6.758352e-06,109924.69,0.016140213,-263.60318,0.0,0.0,1.0,-4.2456220658973664e-13,1.840051e-12,7.318938e-16,0.0,0.0,0.0,7.480000000000002e-16,1.9881246874849056e-14,1.415488697881769e-12,831.1030779782968,5.283290719100804e-13,6.937121922301663e-14,0.0,4.565227e-06,6.758352e-06,109924.69,0.016140213,-263.60318,0.0,0.0,0.0,-4.2456220658973664e-13,1.840051e-12,7.318938e-16,0.0,0.0,0.0,7.480000000000002e-16,1.9881246874849056e-14,1.415488697881769e-12,831.1030779782968,5.283290719100804e-13,6.937121922301663e-14,0.0
77,77,79,adbb36,NKS2975,35.764827404992054,-76.7847913376828,201.147777604,11178.54,0.5959779660482023,34610D,231.05681,27.577435,-10.971991,205.31946663337897,64518.52939740135,0.33501420176815794,0.477775936221162,29.20937401291133,33.5458500548202,26.66301714089185,4.475955082819459e-06,22003.41410566105,0.0156654999635994,0.2434114501075944,0.6629672568669013,cruise,0,GTF,0,43031,1.237,3.16,3.16,0,0.673795254850662,16.772755085973298,11.316836204344856,31.539081643092548,1521260856837957.5,9.39476603625767,765.272194412253,1630.77875451061,0.000447595508282,0.0261257742352312,0.238887968110581,16.7729250274101,9.14376607405707,9.14372514715402,0.0004475955082819,0.6818840681489665,498661603724084.6,5.221343441573185,458334484494943.1,0.0125716905252538,7.486073694145375e-06,3.16,35.8,2023-02-06 16:19:00,4.475955082819459e-06,0.015665500001887704,0.0,77,220.03414105661054,4.475955082819459e-06,27.577435,-10.971991,0.015665500001887704,0.0,0.0,0.33175215142419384,834.4056219142097,12157.772454930158,-0.8965621841128601,-0.4429178818006538,1.531887588309947,230.49010411740915,0.010349835124484091,inf,0.0,221.1178210611866,,,,,,,,,,,,,,0.0,0 days 00:00:00,,,,,,,,,,,,,,,,,,,,,0.0,,,,,,,,,,,,,,,,,,0.0,0.0,4.471501e-06,6.9700613e-06,110128.0,0.015665904,-264.00085,0.0,0.0,0.9999999999999999,-4.236810690469438e-13,1.842425e-12,7.482131e-16,0.0,0.0,0.0,7.480000000000001e-16,1.993988425068504e-14,1.4187439358206623e-12,832.9515057304394,5.112969738492807e-13,6.775856549563418e-14,0.0,4.471501e-06,6.9700613e-06,110128.0,0.015665904,-264.00085,0.0,0.0,0.0,-4.236810690469438e-13,1.842425e-12,7.482131e-16,0.0,0.0,0.0,7.480000000000001e-16,1.993988425068504e-14,1.4187439358206623e-12,832.9515057304394,5.112969738492807e-13,6.775856549563418e-14,0.0
78,78,80,adbb36,NKS2975,35.66678839214777,-76.84439801155253,201.662222048,11186.16,0.5979728124065111,34610D,231.0666,28.346205,-11.814935,205.3789283403493,64489.32002338844,0.3354441929420314,0.481696451079434,29.50615847076923,33.8547241901784,0.0,4.414240765986608e-06,21976.9907130999,0.0154135351907909,0.2458846539230769,0.6706494045396081,cruise,0,GTF,0,43031,1.237,3.16,3.16,0,0.6739760802355628,16.927153371941927,11.367426612296692,32.134514000571485,1512315343201798.5,9.45518066517746,766.512253206941,1633.96298751413,0.000441424076599,0.0262008380874581,0.240848225539717,16.9273620950892,9.1923863174059,9.1923457401786,0.0004414240765986,0.6867148914740331,503314348958993.1,5.215019319963059,457695159805946.8,0.012633177606144583,7.582533496092859e-06,3.16,35.8,2023-02-06 16:20:00,4.414240765986608e-06,0.015413555575019737,0.0,78,219.76990713099903,4.414240765986608e-06,28.346205,-11.814935,0.015413555575019737,0.0,0.0,0.3313397188761343,837.1983285591718,12072.72679941436,-0.8962121836170464,-0.44362565518279645,1.5310378936358755,230.4843609652063,0.010184364813996122,inf,0.0,221.112026879496,,,,,,,,,,,,,,0.0,0 days 00:00:00,,,,,,,,,,,,,,,,,,,,,0.0,,,,,,,,,,,,,,,,,,0.0,0.0,4.405816e-06,7.211308e-06,110250.19,0.015403598,-263.78568,0.0,0.0,1.0,-4.23131794294822e-13,1.8438536e-12,7.668092e-16,0.0,0.0,0.0,7.480000000000001e-16,1.9984193385185444e-14,1.420721861227746e-12,834.7885298546367,5.187359679449761e-13,6.831457604924621e-14,0.0,4.405816e-06,7.211308e-06,110250.19,0.015403598,-263.78568,0.0,0.0,0.0,-4.23131794294822e-13,1.8438536e-12,7.668092e-16,0.0,0.0,0.0,7.480000000000001e-16,1.9984193385185444e-14,1.420721861227746e-12,834.7885298546367,5.187359679449761e-13,6.831457604924621e-14,0.0
79,79,81,adbb36,NKS2975,35.56947326660156,-76.90361022949219,202.691110936,11186.16,0.5999510706863314,34610D,231.08067,29.190294,-12.632631,206.12504551284323,64459.81386491767,0.33538058577818114,0.476481419661472,29.115153057761848,33.3606545604044,53.32614697074054,4.373764113040643e-06,21976.9907130999,0.0152474691849633,0.2426262754813487,0.6623494656231224,cruise,0,GTF,0,43031,1.237,3.16,3.16,0,0.6764039620783115,16.679416923947528,11.303292683640048,31.38575028407562,1523564439681093.8,9.37279258759557,765.302922889731,1630.43202820353,0.000437376411304,0.0261129681875657,0.238240709830736,16.6803272802022,9.12346341172276,9.123423508020432,0.000437376411304,0.6820035982788913,496385498991415.8,5.243816097873784,459089372253795.25,0.012563942773646083,7.452558936774425e-06,3.16,35.8,2023-02-06 16:21:00,4.373764113040643e-06,0.015247484519791415,0.0,79,219.76990713099903,4.373764113040643e-06,29.190294,-12.632631,0.015247484519791415,0.0,0.0,0.3313195443204496,839.96780955028,12193.176860462612,-0.89533788829046,-0.445387545617948,1.5308913127526544,230.48336992786972,0.010076033409322166,inf,0.0,221.11076052109777,,,,,,,,,,,,,,0.0,0 days 00:00:00,,,,,,,,,,,,,,,,,,,,,0.0,,,,,,,,,,,,,,,,,,0.0,0.0,4.358046e-06,7.4600703e-06,110290.18,0.015288493,-263.70386,0.0,0.0,0.9999999999999998,-4.229212570468097e-13,1.8443868e-12,7.859846e-16,0.0,0.0,0.0,7.479999999999999e-16,2.0013038305613588e-14,1.4214656693302843e-12,836.611056095571,5.105749991242049e-13,6.757497612152567e-14,0.0,4.358046e-06,7.4600703e-06,110290.18,0.015288493,-263.70386,0.0,0.0,0.0,-4.229212570468097e-13,1.8443868e-12,7.859846e-16,0.0,0.0,0.0,7.479999999999999e-16,2.0013038305613588e-14,1.4214656693302843e-12,836.611056095571,5.105749991242049e-13,6.757497612152567e-14,0.0
80,80,82,adbb36,NKS2975,35.471282958984375,-76.96357727050781,202.691110936,11201.4,0.6019297889953542,34610D,231.04372,30.186733,-13.497674,205.67487358521623,64430.69871185991,0.33503972680956984,0.47521987301339,29.03221935245862,33.311263017418,0.0,4.327809937806006e-06,21924.23908360054,0.0151152971618946,0.2419351612704884,0.6613951322842602,cruise,0,GTF,0,43031,1.237,3.16,3.16,0,0.6749807214799647,16.655631112174714,11.285172760755431,31.381562528072912,1523627354683875.5,9.34582596472102,765.126437661396,1630.46254611962,0.000432780993781,0.0261189664413974,0.237609936506695,16.655631508709,9.09721818586563,9.09717881500475,0.0004327809937806,0.6813170916894317,495276774469690.56,5.209986920700204,456786858446820.8,0.012547038837682992,7.432156263442561e-06,3.16,35.8,2023-02-06 16:22:00,4.327809937806006e-06,0.015115281814035469,0.0,80,219.24239083600543,4.327809937806006e-06,30.186733,-13.497674,0.015115281814035469,0.0,0.0,0.3305771336892928,842.737933281024,12095.125486883737,-0.8944866909394084,-0.44709457582514583,1.5264337837680118,230.45319220082337,0.009985029130740425,inf,0.0,221.08291537970584,,,,,,,,,,,,,,0.0,0 days 00:00:00,,,,,,,,,,,,,,,,,,,,,0.0,,,,,,,,,,,,,,,,,,0.0,0.0,4.3057166e-06,7.670173e-06,110495.67,0.015269003,-264.04968,0.0,0.0,0.9999999999999999,-4.2202488577212976e-13,1.8465201e-12,8.0217996e-16,0.0,0.0,0.0,7.479999999999999e-16,2.0068618001766108e-14,1.4244952343592632e-12,838.4481403729714,5.096219053649891e-13,6.739606256665738e-14,0.0,4.3057166e-06,7.670173e-06,110495.67,0.015269003,-264.04968,0.0,0.0,0.0,-4.2202488577212976e-13,1.8465201e-12,8.0217996e-16,0.0,0.0,0.0,7.479999999999999e-16,2.0068618001766108e-14,1.4244952343592632e-12,838.4481403729714,5.096219053649891e-13,6.739606256665738e-14,0.0
81,81,83,adbb36,NKS2975,35.37397481627384,-77.02321803316153,202.176666492,11201.4,0.6038894986491317,34610D,231.00864,31.38606,-14.286387,205.9453622291916,64401.66649250745,0.3354960852691589,0.47521987301339,29.058188238827608,33.3128257659982,0.0,4.339273719065903e-06,21924.23908360054,0.0152167329176554,0.2421515686568967,0.6617726881064502,cruise,0,GTF,0,43031,1.237,3.16,3.16,0,0.6759197197216271,16.6562984070842,11.290874094415216,31.40023654952964,1523346804405603.0,9.35175530338311,765.14196597762,1630.00973316943,0.000433927371907,0.0261029305089098,0.237609936506695,16.6564128829991,9.10280692145237,9.102767422052924,0.0004339273719065,0.6813774949963346,494893517213017.6,5.221094416824045,457324630610649.6,0.012549956755281212,7.426735732086238e-06,3.16,35.8,2023-02-06 16:23:00,4.3392737190659036e-06,0.015216718566473744,0.0,81,219.24239083600543,4.3392737190659036e-06,31.38606,-14.286387,0.015216718566473744,0.0,0.0,0.3306273337417663,845.4814424274299,12059.037920498356,-0.8951050529513183,-0.44585529511380434,1.5274821011538464,230.46029638969227,0.010048559335838743,inf,0.0,221.0896111708777,,,,,,,,,,,,,,0.0,0 days 00:00:00,,,,,,,,,,,,,,,,,,,,,0.0,,,,,,,,,,,,,,,,,,0.0,0.0,4.3072887e-06,7.843173e-06,110537.125,0.015405143,-265.08932,0.0,0.0,1.0,-4.218060860777477e-13,1.8467632e-12,8.1551543e-16,0.0,0.0,0.0,7.48e-16,2.0087957323615363e-14,1.4249570677911651e-12,840.2643265517995,5.099056843181853e-13,6.739606256665739e-14,0.0,4.3072887e-06,7.843173e-06,110537.125,0.015405143,-265.08932,0.0,0.0,0.0,-4.218060860777477e-13,1.8467632e-12,8.1551543e-16,0.0,0.0,0.0,7.48e-16,2.0087957323615363e-14,1.4249570677911651e-12,840.2643265517995,5.099056843181853e-13,6.739606256665739e-14,0.0
82,82,84,adbb36,NKS2975,35.27689012430481,-77.0824448605801,201.662222048,11201.4,0.6058391538624134,34610D,230.96288,32.699924,-14.987614,206.24145856007075,64372.60830426862,0.3357865055478531,0.478737611391784,29.296865161666062,33.5402468726072,0.0,4.37445141908892e-06,21924.23908360054,0.015421233254848,0.2441405430138838,0.66689371544021,cruise,0,GTF,0,43031,1.237,3.16,3.16,0,0.6769585761500652,16.770121593999086,11.333483619417285,31.797196580695527,1517383051634693.0,9.40678799422112,765.931125110531,1632.25829978146,0.000437445141909,0.0261583288695892,0.239368805695892,16.7701234363036,9.15076826540606,9.15072823598994,0.0004374451419088,0.6844499202507353,499262113126190.9,5.233409434997475,457920850008796.1,0.01259715106842346,7.5091661238211435e-06,3.16,35.8,2023-02-06 16:24:00,4.37445141908892e-06,0.01542122341296365,0.0,82,219.24239083600543,4.37445141908892e-06,32.699924,-14.987614,0.01542122341296365,0.0,0.0,0.3306928399685332,848.2108734421525,12102.634291551289,-0.8948739786374997,-0.4463189020840272,1.5281500228075087,230.46482047615473,0.01017901081915788,inf,0.0,221.09417577564577,,,,,,,,,,,,,,0.0,0 days 00:00:00,,,,,,,,,,,,,,,,,,,,,0.0,,,,,,,,,,,,,,,,,,0.0,0.0,4.332292e-06,7.987154e-06,110578.32,0.015499227,-265.92462,0.0,0.0,1.0,-4.215884249989181e-13,1.8468692e-12,8.26614e-16,0.0,0.0,0.0,7.479999999999999e-16,2.0103265716770255e-14,1.425280899496818e-12,842.0763421839798,5.157290578392555e-13,6.789495103767192e-14,0.0,4.332292e-06,7.987154e-06,110578.32,0.015499227,-265.92462,0.0,0.0,0.0,-4.215884249989181e-13,1.8468692e-12,8.26614e-16,0.0,0.0,0.0,7.479999999999999e-16,2.0103265716770255e-14,1.425280899496818e-12,842.0763421839798,5.157290578392555e-13,6.789495103767192e-14,0.0
83,83,85,adbb36,NKS2975,35.17947956667108,-77.14187622070312,201.662222048,11201.4,0.6077838144792956,34610D,230.91237,34.16112,-15.594214,206.7746613823768,64343.31143910696,0.33686189075559336,0.48642884566265,29.874722892285565,34.1000741635592,0.0,4.441755794112799e-06,21924.23908360054,0.0157499875224674,0.2489560241023797,0.6798189004029805,cruise,0,GTF,0,43031,1.237,3.16,3.16,0,0.6787829882673192,17.05038411404763,11.435112740283987,32.78358228225262,1502564027050355.0,9.53315802621291,767.862977945995,1637.05904537388,0.000444175579411,0.0262698344760737,0.243214422831325,17.0500370817796,9.25831577099744,9.25827464800238,0.0004441755794112,0.6919793980147653,508837439057651.4,5.25510371095316,458971117987245.75,0.01270322905203906,7.694535763482105e-06,3.16,35.8,2023-02-06 16:25:00,4.4417557941127985e-06,0.015749982213317384,0.0,83,219.24239083600543,4.4417557941127985e-06,34.16112,-15.594214,0.015749982213317384,0.0,0.0,0.33076517604713657,850.9333104164518,11983.759828793418,-0.8955744103496633,-0.44491176150654044,1.5306282529556727,230.4815911624434,0.010390834455426157,inf,0.0,221.11018896719582,,,,,,,,,,,,,,0.0,0 days 00:00:00,,,,,,,,,,,,,,,,,,,,,0.0,,,,,,,,,,,,,,,,,,0.0,0.0,4.397312e-06,8.039392e-06,110620.47,0.015710793,-266.22888,0.0,0.0,0.9999999999999998,-4.2136578126460687e-13,1.8468514e-12,8.3064064e-16,0.0,0.0,0.0,7.480000000000002e-16,2.01099531318834e-14,1.425485575965297e-12,843.889914856313,5.285030860164261e-13,6.898572803495357e-14,0.0,4.397312e-06,8.039392e-06,110620.47,0.015710793,-266.22888,0.0,0.0,0.0,-4.2136578126460687e-13,1.8468514e-12,8.3064064e-16,0.0,0.0,0.0,7.480000000000002e-16,2.01099531318834e-14,1.425485575965297e-12,843.889914856313,5.285030860164261e-13,6.898572803495357e-14,0.0
84,84,86,adbb36,NKS2975,35.082950592041016,-77.20046880293866,202.176666492,11201.4,0.6097110196487987,34610D,230.86488,35.67865,-16.110794,207.86158310495463,64313.43671621467,0.33842547045020605,0.497142355845524,30.68177155445246,34.8298027939722,26.63723249895425,4.5242069435646086e-06,21924.23908360054,0.0161304743025903,0.2556814296204371,0.698329853141711,cruise,0,GTF,0,43031,1.237,3.16,3.16,0,0.6824211890941343,17.4153610940039,11.576960923970471,34.13492843337495,1482261997323220.0,9.70762233210763,770.557380043991,1643.8104777412,0.000452420694356,0.0264275870119957,0.248571177922762,17.4149013969861,9.40574626847066,9.405703715120604,0.0004524206943564,0.7028594013129056,524005070296225.7,5.298621556054391,461077764404322.6,0.012835665772346865,7.983468586549077e-06,3.16,35.8,2023-02-06 16:26:00,4.5242069435646086e-06,0.01613049662929276,0.0,84,219.24239083600543,4.5242069435646086e-06,35.67865,-16.110794,0.01613049662929276,0.0,0.0,0.3308332160115109,853.6313074306547,12264.441467959867,-0.8962587184346482,-0.4435316331783809,1.5342458823162601,230.50602922516208,0.010636889625823818,inf,0.0,221.13331386001863,,,,,,,,,,,,,,0.0,0 days 00:00:00,,,,,,,,,,,,,,,,,,,,,0.0,,,,,,,,,,,,,,,,,,0.0,0.0,4.482642e-06,8.049104e-06,110662.36,0.016005198,-266.6114,0.0,0.0,0.9999999999999999,-4.2114431289534223e-13,1.8467693e-12,8.313893e-16,0.0,0.0,0.0,7.48e-16,2.011251270114519e-14,1.4256248772544871e-12,845.6853645573751,5.458278380843882e-13,7.05051266198969e-14,0.0,4.482642e-06,8.049104e-06,110662.36,0.016005198,-266.6114,0.0,0.0,0.0,-4.2114431289534223e-13,1.8467693e-12,8.313893e-16,0.0,0.0,0.0,7.48e-16,2.011251270114519e-14,1.4256248772544871e-12,845.6853645573751,5.458278380843882e-13,7.05051266198969e-14,0.0
85,85,87,adbb36,NKS2975,34.98408508300781,-77.2601754324777,202.691110936,11209.02,0.6116566098377607,34610D,230.81165,37.241905,-16.542849,209.28934078232624,64282.75494466022,0.3408804143184353,0.51675511186059,32.214839130825425,36.2177243687922,26.631657917112683,4.602936037799631e-06,21897.91077049745,0.0164925271349848,0.2684569927568785,0.7344198425700397,cruise,0,GTF,0,43031,1.237,3.16,3.16,0,0.6871878436323702,18.10841635933674,11.837510041203496,36.28235539,1450000000000000.0,10.0185555569213,775.479499777291,1656.70093763286,0.00046029360378,0.0267360499438742,0.258377555930295,18.1088621843961,9.66401381178953,9.663969329156837,0.0004602936037799,0.7227266997664011,547170924139562.8,5.347473872497632,463110761177714.06,0.01312350201146904,8.444149364262538e-06,3.16,35.8,2023-02-06 16:27:00,4.602936037799632e-06,0.016492521803317582,0.0,85,218.97910770497455,4.602936037799632e-06,37.241905,-16.542849,0.016492521803317582,0.0,0.0,0.33051213147633285,856.3550432529561,12100.349550291821,-0.8955516528679505,-0.4449575676909902,1.5381111060414052,230.53208346846532,0.010869910168842468,inf,0.0,221.15786981040353,,,,,,,,,,,,,,0.0,0 days 00:00:00,,,,,,,,,,,,,,,,,,,,,0.0,,,,,,,,,,,,,,,,,,0.0,0.0,4.570721e-06,8.020138e-06,110787.08,0.016380517,-267.2716,0.0,0.0,1.0,-4.205759167548246e-13,1.8474985e-12,8.2915653e-16,0.0,0.0,0.0,7.48e-16,2.0127151467765954e-14,1.4269226887955992e-12,847.5232472283557,5.806122807395113e-13,7.328662336815836e-14,0.0,4.570721e-06,8.020138e-06,110787.08,0.016380517,-267.2716,0.0,0.0,0.0,-4.205759167548246e-13,1.8474985e-12,8.2915653e-16,0.0,0.0,0.0,7.48e-16,2.0127151467765954e-14,1.4269226887955992e-12,847.5232472283557,5.806122807395113e-13,7.328662336815836e-14,0.0
86,86,88,adbb36,NKS2975,34.88661943855932,-77.3192024230957,203.719999824,11216.64,0.6135772360606264,34610D,230.76825,38.768147,-16.709408,212.0534230009365,64250.54010552939,0.3439785925806497,0.536583804581438,33.804392525014066,37.4545968792406,0.0,4.675976488672967e-06,21871.614074458408,0.0168181715896717,0.2817032710417839,0.7729859152468157,cruise,0,GTF,0,43031,1.237,3.16,3.16,0,0.6963289744730946,18.727729618340444,12.107345857343311,36.28235539,1450000000000000.0,10.332101053209,780.505819105863,1669.40004954899,0.000467597648867,0.0270362704326598,0.268291902290719,18.7272984396203,9.92340652010281,9.923360118704206,0.0004675976488672,0.7433113845370507,570020532977733.9,5.4504358605116,467762420573412.5,0.013417319708370202,8.905445989910259e-06,3.16,35.8,2023-02-06 16:28:00,4.675976488672967e-06,0.0168181946465821,0.0,86,218.7161407445841,4.675976488672967e-06,38.768147,-16.709408,0.0168181946465821,0.0,0.0,0.3301773110140773,859.0438267631401,12279.598108529388,-0.8960994931382494,-0.4438532397058427,1.5435194023588341,230.56844181360134,0.011079811007713422,inf,0.0,221.1917509812154,,,,,,,,,,,,,,0.0,0 days 00:00:00,,,,,,,,,,,,,,,,,,,,,0.0,,,,,,,,,,,,,,,,,,0.0,0.0,4.6691384e-06,7.959908e-06,110911.02,0.017063234,-268.17258,0.0,0.0,1.0,-4.2000943436797323e-13,1.8481499e-12,8.245138e-16,0.0,0.0,0.0,7.479999999999999e-16,2.0138338436489776e-14,1.4281403598887855e-12,849.3298306073561,6.16915201384339e-13,7.609874443278319e-14,0.0,4.6691384e-06,7.959908e-06,110911.02,0.017063234,-268.17258,0.0,0.0,0.0,-4.2000943436797323e-13,1.8481499e-12,8.245138e-16,0.0,0.0,0.0,7.479999999999999e-16,2.0138338436489776e-14,1.4281403598887855e-12,849.3298306073561,6.16915201384339e-13,7.609874443278319e-14,0.0
87,87,89,adbb36,NKS2975,34.78764938095868,-77.3788833618164,204.748888712,11216.64,0.6155067421481658,34610D,230.72949,40.315838,-16.79176,216.3997837980841,64216.735713004375,0.34414075736317506,0.503194944598744,31.11491482972685,34.4347548653294,8.87403819037293,4.760842974805935e-06,21871.614074458408,0.0172002858198536,0.2592909569143904,0.7139066769818272,cruise,0,GTF,0,43031,1.237,3.16,3.16,0,0.7106609865301525,17.217039829589137,11.68844871989409,34.40348726579407,1478227287641522.8,9.82938093991686,773.452491212704,1646.65326155783,0.000476084297481,0.0264446841991216,0.251597472299372,17.2173774326647,9.51410387074047,9.514058575801538,0.0004760842974805,0.714610482659204,524464783444227.6,5.629892110480875,476444526622294.3,0.012985565590514496,8.052394603843145e-06,3.16,35.8,2023-02-06 16:29:00,4.7608429748059345e-06,0.017200285474544198,0.0,87,218.7161407445841,4.7608429748059345e-06,40.315838,-16.79176,0.017200285474544198,0.0,0.0,0.33023277714705795,861.745041306946,12369.982713901758,-0.8971354654465523,-0.4417555394536644,1.5439011589831328,230.5710039787909,0.01132720091403331,inf,0.0,221.19491690160336,,,,,,,,,,,,,,0.0,0 days 00:00:00,,,,,,,,,,,,,,,,,,,,,0.0,,,,,,,,,,,,,,,,,,0.0,0.0,4.7844983e-06,7.915886e-06,110953.93,0.017824832,-268.89777,0.0,0.0,0.9999999999999998,-4.1978021362183107e-13,1.8479168e-12,8.211204e-16,0.0,0.0,0.0,7.48e-16,2.0134896051363545e-14,1.4281365870561963e-12,851.1642991741192,5.599098854831407e-13,7.136350959894956e-14,0.0,4.7844983e-06,7.915886e-06,110953.93,0.017824832,-268.89777,0.0,0.0,0.0,-4.1978021362183107e-13,1.8479168e-12,8.211204e-16,0.0,0.0,0.0,7.48e-16,2.0134896051363545e-14,1.4281365870561963e-12,851.1642991741192,5.599098854831407e-13,7.136350959894956e-14,0.0
88,88,90,adbb36,NKS2975,34.687835693359375,-77.4386472118144,206.806666488,11219.18,0.6174382457604546,34610D,230.68501,41.832066,-16.718464,217.81124081441928,64185.62079817465,0.3465996559936576,0.523220391222454,32.65040894687747,35.8272882801634,44.35982591545973,4.827527937342461e-06,21862.855528562563,0.0175240590942717,0.2720867412239789,0.749894005834242,cruise,0,GTF,0,43031,1.237,3.16,3.16,0,0.7153652078335424,17.913191292663825,11.949193596853217,36.28235538999999,1450000000000000.0,10.1479729647389,778.319829874455,1659.43451433163,0.000482752793734,0.0267510775857083,0.261610195611227,17.9136441400817,9.77942644639453,9.779379236168056,0.0004827527937342,0.7342879791335204,548642966754527.2,5.686917777907126,479092405731380.1,0.013269659289233182,8.526484009503718e-06,3.16,35.8,2023-02-06 16:30:00,4.827527937342462e-06,0.017524078225003636,0.0,88,218.62855528562562,4.827527937342462e-06,41.832066,-16.718464,0.017524078225003636,0.0,0.0,0.3301641835619552,864.4490512037373,12384.000980118959,-0.8970261255998091,-0.44197752204314156,1.5490907240162024,230.60577822511078,0.011535372054459645,inf,0.0,221.22734598144814,,,,,,,,,,,,,,0.0,0 days 00:00:00,,,,,,,,,,,,,,,,,,,,,0.0,,,,,,,,,,,,,,,,,,0.0,0.0,4.8919537e-06,7.839751e-06,111024.65,0.018564157,-269.4913,0.0,0.0,1.0,-4.194332467741456e-13,1.8479484e-12,8.152517e-16,0.0,0.0,0.0,7.480000000000001e-16,2.013394796802718e-14,1.428515099668374e-12,853.0103721425273,5.95087076770427e-13,7.420353445948142e-14,0.0,4.8919537e-06,7.839751e-06,111024.65,0.018564157,-269.4913,0.0,0.0,0.0,-4.194332467741456e-13,1.8479484e-12,8.152517e-16,0.0,0.0,0.0,7.480000000000001e-16,2.013394796802718e-14,1.428515099668374e-12,853.0103721425273,5.95087076770427e-13,7.420353445948142e-14,0.0
89,89,91,adbb36,NKS2975,34.587921142578125,-77.49843675263071,206.806666488,11231.88,0.6193620941498699,34610D,230.62167,43.24586,-16.563211,220.0336831508237,64152.970389227776,0.33858019527680827,0.433902476007216,26.25834970245508,28.7306829631212,26.6044945962342,4.863714275267179e-06,21819.11538174516,0.0177496294855609,0.2188195808537923,0.6049498883217435,cruise,0,GTF,0,43031,1.237,3.16,3.16,0,0.722763700610283,14.36494764115024,10.850705983869366,25.77052330155924,1575101204775132.2,8.7122753301265,755.364168577668,1598.66483399632,0.000486371427527,0.0253009369774644,0.216951238003608,14.3653414815606,8.57483018106589,8.574788475744773,0.0004863714275267,0.6439827959721117,436830124531361.2,5.766991698426452,482413861469573.9,0.012017324544507253,6.361692751001623e-06,3.16,35.8,2023-02-06 16:31:00,4.863714275267179e-06,0.017749631294106137,0.0,89,218.19115381745166,4.863714275267179e-06,43.24586,-16.563211,0.017749631294106137,0.0,0.0,0.3295941350203701,867.1423420529339,12964.292149532022,-0.9370124441414839,-0.3492959769650983,1.5272470148823292,230.4587036439848,0.011676547745720781,inf,0.0,221.09359830492073,,,,,,,,,,,,,,0.0,0 days 00:00:00,,,,,,,,,,,,,,,,,,,,,0.0,,,,,,,,,,,,,,,,,,0.0,0.0,4.976924e-06,7.725918e-06,111205.03,0.019258631,-269.9951,0.0,0.0,1.0,-4.1862501898257614e-13,1.8490728e-12,8.0647706e-16,0.0,0.0,0.0,7.48e-16,2.01502986661405e-14,1.4304478165512943e-12,854.8558657014976,4.475310661116987e-13,6.153639626932418e-14,0.0,4.976924e-06,7.725918e-06,111205.03,0.019258631,-269.9951,0.0,0.0,0.0,-4.1862501898257614e-13,1.8490728e-12,8.0647706e-16,0.0,0.0,0.0,7.48e-16,2.01502986661405e-14,1.4304478165512943e-12,854.8558657014976,4.475310661116987e-13,6.153639626932418e-14,0.0
90,90,92,adbb36,NKS2975,34.478668212890625,-77.54783786073023,221.725555364,11239.5,0.6214321638000206,34610D,230.48743,44.536396,-16.278461,215.8384796636564,64126.71203952532,0.3459544233340012,0.52788610620631,33.07580499762396,36.409245985723,26.58572660261727,4.934235223996018e-06,21792.913309271287,0.0182669519177424,0.275631708313533,0.7582895037968027,cruise,0,GTF,0,43031,1.237,3.16,3.16,0,0.7091897318550593,18.20472602185524,12.006048433111603,36.28235538999999,1450000000000000.0,10.2098589320328,778.90165019878,1662.98570575752,0.0004934235224,0.0268581513587245,0.263943053103155,18.2046229928615,9.82729785002188,9.827249360061932,0.0004934235223996,0.7366869179411015,556677242307934.8,5.583977616510304,473232658644706.56,0.013315710864215109,8.663609886167175e-06,3.16,35.8,2023-02-06 16:32:00,4.934235223996019e-06,0.01826694627883799,0.0,90,217.929133092713,4.934235223996019e-06,44.536396,-16.278461,0.01826694627883799,0.0,0.0,0.3293900640193818,870.040349685134,13509.553542575182,-0.9826469766840636,-0.1854856307471531,1.542611787567929,230.56234808738168,0.01200096403078967,0.9999424402212624,0.0,221.18927328993027,,,,,,,,,,,,,,0.0,0 days 00:00:00,,,,,,,,,,,,,,,,,,,,,0.0,,,,,,,,,,,,,,,,,,0.0,0.0,5.1064803e-06,7.612167e-06,111337.25,0.020230558,-270.66782,0.0,0.0,1.0,-4.1801235557171927e-13,1.8495778e-12,7.9770874e-16,0.0,0.0,0.0,7.480000000000001e-16,2.015606002842993e-14,1.4315654837299288e-12,856.8724544735721,6.03763781462311e-13,7.486522989106388e-14,0.0,5.1064803e-06,7.612167e-06,111337.25,0.020230558,-270.66782,0.0,0.0,0.0,-4.1801235557171927e-13,1.8495778e-12,7.9770874e-16,0.0,0.0,0.0,7.480000000000001e-16,2.015606002842993e-14,1.4315654837299288e-12,856.8724544735721,6.03763781462311e-13,7.486522989106388e-14,0.0
91,91,93,adbb36,NKS2975,34.359283447265625,-77.57513552295916,226.35555536,11247.12,0.623693160460732,34610D,230.29639,45.78915,-15.867209,218.89705085691267,64093.636234527694,0.3482851891912375,0.532857024451912,33.45413605363361,36.482721685277,0.0,5.015271304229352e-06,21766.74270226199,0.0189598017426557,0.2787844671136134,0.7677359748394661,cruise,0,GTF,0,43031,1.237,3.16,3.16,0,0.7195376788248151,18.241489245197663,12.081680445955156,36.28235539,1450000000000000.0,10.29981802777,780.181143024368,1665.03981493303,0.000501527130423,0.0268935694079089,0.266428512225956,18.2413608426385,9.90677392743579,9.906724242525977,0.0005015271304229,0.74197051810131,561160643182206.0,5.706654775035282,478836843317072.2,0.01339378461766591,8.76027649920043e-06,3.16,35.8,2023-02-06 16:33:00,5.015271304229353e-06,0.018959790535522127,0.0,91,217.66742702261996,5.015271304229353e-06,45.78915,-15.867209,0.018959790535522127,0.0,0.0,0.329267421095009,873.2056645290335,12440.327367800983,-0.9837941071803653,-0.17930185352412809,1.5462697164768504,230.58688804659093,0.012432704210663083,0.9994458728949552,0.0,221.2131134976121,,,,,,,,,,,,,,0.0,0 days 00:00:00,,,,,,,,,,,,,,,,,,,,,0.0,,,,,,,,,,,,,,,,,,0.0,0.0,5.2595897e-06,7.4305376e-06,111470.71,0.021432515,-271.63928,0.0,0.0,1.0000000000000002,-4.1738673290009505e-13,1.8500412e-12,7.837082e-16,0.0,0.0,0.0,7.480000000000001e-16,2.015621715635991e-14,1.432654537968412e-12,859.0697900739675,6.134889380870056e-13,7.557020949338973e-14,0.0,5.2595897e-06,7.4305376e-06,111470.71,0.021432515,-271.63928,0.0,0.0,0.0,-4.1738673290009505e-13,1.8500412e-12,7.837082e-16,0.0,0.0,0.0,7.480000000000001e-16,2.015621715635991e-14,1.432654537968412e-12,859.0697900739675,6.134889380870056e-13,7.557020949338973e-14,0.0
92,92,94,adbb36,NKS2975,34.24921954803836,-77.59940283639091,225.326666472,11247.12,0.6258286593676153,34610D,230.0817,46.95046,-15.420826,222.3656301366171,64060.18209847406,0.34810421561873295,0.503724661595034,31.180223504724943,33.9325325029768,-53.038772523149525,5.132532319411765e-06,21766.74270226199,0.0198927722213143,0.2598351958727078,0.71545422678516,cruise,0,GTF,0,43031,1.237,3.16,3.16,0,0.7312802325407906,16.965833684254434,11.725293377407148,34.15625066569076,1481941661490713.5,9.86445616091101,773.482254512631,1644.12866462098,0.000513253231941,0.0263564800432887,0.251862330797517,16.9662662514884,9.55599269643936,9.555943650249732,0.0005132532319411,0.7147292745614698,522525295259468.0,5.859651305754847,486234628558760.0,0.0130002998926124,8.023227669587212e-06,3.16,35.8,2023-02-06 16:34:00,5.132532319411765e-06,0.019892753913020353,0.0,92,217.66742702261996,5.132532319411765e-06,46.95046,-15.420826,0.019892753913020353,0.0,0.0,0.3295746616214606,876.1952739499307,14570.663908139804,-0.983615370455982,-0.1802797908883336,1.5458406110326963,230.58401197164807,0.013016904438986057,0.9984609344269015,0.0,221.21244641707963,,,,,,,,,,,,,,0.0,0 days 00:00:00,,,,,,,,,,,,,,,,,,,,,0.0,,,,,,,,,,,,,,,,,,0.0,0.0,5.443211e-06,7.2806665e-06,111519.77,0.022914147,-272.40332,0.0,0.0,1.0,-4.171209524510546e-13,1.849623e-12,7.721556e-16,0.0,0.0,0.0,7.479999999999999e-16,2.0142684445808164e-14,1.4325022189887047e-12,861.0955193446682,5.628506063966432e-13,7.1438634487137e-14,0.0,5.443211e-06,7.2806665e-06,111519.77,0.022914147,-272.40332,0.0,0.0,0.0,-4.171209524510546e-13,1.849623e-12,7.721556e-16,0.0,0.0,0.0,7.479999999999999e-16,2.0142684445808164e-14,1.4325022189887047e-12,861.0955193446682,5.628506063966432e-13,7.1438634487137e-14,0.0
93,93,95,adbb36,NKS2975,34.120330810546875,-77.62793716119259,224.297777584,11231.88,0.6281853896033267,34610D,229.5523,48.214718,-14.672075,224.08219633662725,64029.00187496933,0.34712348736167686,0.48129097655761,29.56094814658708,32.0823229260906,26.460168214757697,5.5986699777045215e-06,21819.11538174516,0.0231349356435995,0.2463412345548923,0.6720543970306065,cruise,0,GTF,0,43031,1.237,3.16,3.16,0,0.7377746094721024,16.04091599244581,11.45968901438563,30.88171702209248,1531136813539374.0,9.5316011941384,766.301541179188,1624.72183835841,0.00055986699777,0.0258884031678532,0.240645488278805,16.0411614630453,9.29549368953068,9.2954416474206,0.0005598669977704,0.6858936324741474,494300786338969.0,5.965218419308592,491997435973251.9,0.012657389831561614,7.442331137010564e-06,3.16,35.8,2023-02-06 16:35:00,5.5986699777045215e-06,0.023134970630845506,0.0,93,218.19115381745166,5.5986699777045215e-06,48.214718,-14.672075,0.023134970630845506,0.0,0.0,0.3311295501748544,879.4946181481672,13507.052880651669,-0.9838401466343862,-0.17904905995405057,1.5472329654409012,230.59334163718742,0.015059675169471095,0.9935679946175618,0.0,221.22781276260986,,,,,,,,,,,,,,0.0,0 days 00:00:00,,,,,,,,,,,,,,,,,,,,,0.0,,,,,,,,,,,,,,,,,,0.0,0.0,5.9826025e-06,7.0529345e-06,111416.984,0.027366772,-273.52966,0.0,0.0,1.0000000000000002,-4.1748579849344603e-13,1.846762e-12,7.5460127e-16,0.0,0.0,0.0,7.48e-16,2.00831898192822e-14,1.4292760434362407e-12,863.4593283669105,5.224193328728573e-13,6.82570713281815e-14,0.0,5.9826025e-06,7.0529345e-06,111416.984,0.027366772,-273.52966,0.0,0.0,0.0,-4.1748579849344603e-13,1.846762e-12,7.5460127e-16,0.0,0.0,0.0,7.48e-16,2.00831898192822e-14,1.4292760434362407e-12,863.4593283669105,5.224193328728573e-13,6.82570713281815e-14,0.0
94,94,96,adbb36,NKS2975,34.00082345736229,-77.65417098999023,224.297777584,11239.5,0.6304133591127633,34610D,229.05533,49.175594,-14.116981,222.9482064173337,63999.44092682275,0.35107022681476885,0.52661222512447,32.96911366752211,35.6830848499846,26.391605788335887,5.964350277144022e-06,21792.913309271287,0.0260900421883361,0.2747426138960175,0.7436398623967013,cruise,0,GTF,0,43031,1.237,3.16,3.16,0,0.7348369611194479,17.84091047185474,12.024761334487303,36.28235539,1450000000000000.0,10.2592612212612,775.88209544104,1652.1830943052,0.000596435027714,0.0265679172277811,0.263306112562235,17.8415424249923,9.91067949755979,9.910620387148338,0.0005964350277144,0.7243475022833435,555009179999745.44,5.916329326817469,489304114995875.7,0.01322927262298656,8.573707601378537e-06,3.16,35.8,2023-02-06 16:36:00,5.964350277144022e-06,0.026090021349899,0.0,94,217.929133092713,5.964350277144022e-06,49.175594,-14.116981,0.026090021349899,0.0,0.0,0.3314494769598367,882.6136886007629,13441.476629399966,-0.9839548384327172,-0.17841770070496168,1.5547742673032983,230.64374423710518,0.016900307183132183,0.9847406876745173,0.0,221.27999645610814,,,,,,,,,,,,,,0.0,0 days 00:00:00,,,,,,,,,,,,,,,,,,,,,0.0,,,,,,,,,,,,,,,,,,0.0,0.0,6.4272795e-06,6.800643e-06,111555.99,0.031464413,-274.41724,0.0,0.0,0.9999999999999999,-4.1683380666177573e-13,1.8468129e-12,7.3515377e-16,0.0,0.0,0.0,7.48e-16,2.0072880980637294e-14,1.4299790179243065e-12,865.6510835596458,5.977338056941557e-13,7.468456705693244e-14,0.0,6.4272795e-06,6.800643e-06,111555.99,0.031464413,-274.41724,0.0,0.0,0.0,-4.1683380666177573e-13,1.8468129e-12,7.3515377e-16,0.0,0.0,0.0,7.48e-16,2.0072880980637294e-14,1.4299790179243065e-12,865.6510835596458,5.977338056941557e-13,7.468456705693244e-14,0.0
95,95,97,adbb36,NKS2975,33.88188248973782,-77.68014907836914,224.812222028,11247.12,0.6326218543025648,34610D,228.36397,49.758984,-13.67642,225.2434955041675,63966.47181315523,0.3490779519013934,0.48489912265956,29.878618988725886,32.3372435753998,131.5815421799197,6.577887181328825e-06,21766.74270226199,0.0311733207678174,0.2489884915727157,0.6687512922822989,cruise,0,GTF,0,43031,1.237,3.16,3.16,0,0.7435251745543939,16.167962079332195,11.518519533236786,31.12822103777836,1527433445715995.5,9.62247962454153,764.507898674024,1620.72442919478,0.000657788718133,0.0258011489734171,0.24244956132978,16.1686217876999,9.3968513409839,9.396789529962506,0.0006577887181328,0.6789110484490155,501536383704133.6,6.023245544555249,494142385485147.9,0.012635398147841863,7.5126812002820515e-06,3.16,35.8,2023-02-06 16:37:00,6.577887181328826e-06,0.03117332657287607,0.0,95,217.66742702261996,6.577887181328826e-06,49.758984,-13.67642,0.03117332657287607,0.0,0.0,0.332053687903527,885.705492434829,13483.902324443816,-0.9840727069583352,-0.17776644064528796,1.5481550162870732,230.59951587240025,0.020056099608956813,0.96856685864351,0.0,221.2502548661198,,,,,,,,,,,,,,0.0,0 days 00:00:00,,,,,,,,,,,,,,,,,,,,,0.0,,,,,,,,,,,,,,,,,,0.0,0.0,7.115074e-06,6.51218e-06,111699.945,0.0386945,-276.58246,0.0,0.0,1.0,-4.161583351037218e-13,1.8468684e-12,7.1291804e-16,0.0,0.0,0.0,7.48e-16,2.0060148167401033e-14,1.4307100079427878e-12,867.824664491094,5.259484688521768e-13,6.876878149487692e-14,0.0,7.115074e-06,6.51218e-06,111699.945,0.0386945,-276.58246,0.0,0.0,0.0,-4.161583351037218e-13,1.8468684e-12,7.1291804e-16,0.0,0.0,0.0,7.48e-16,2.0060148167401033e-14,1.4307100079427878e-12,867.824664491094,5.259484688521768e-13,6.876878149487692e-14,0.0
96,96,98,adbb36,NKS2975,33.76255229368048,-77.70607773138552,224.297777584,11285.22,0.6348226730077803,34610D,227.75027,50.230083,-13.427787,222.92117910895723,63936.5931941665,0.35154131337510736,0.519415897143444,32.512841603298604,35.2469640558654,0.0,6.957050862953573e-06,21636.360328255767,0.0352397193303991,0.270940346694155,0.7232178062462336,cruise,0,GTF,0,43031,1.237,3.16,3.16,0,0.7368499773581298,17.623384693935567,11.94450599785582,36.00464245275871,1454172236923012.0,10.1657046969699,771.569909738112,1642.69188214813,0.000695705086295,0.0263604113853214,0.259707948571722,17.6234820279327,9.85219634001382,9.85212779825962,0.0006957050862953,0.7070006861341271,550584853615440.5,5.88561620279672,485850273086364.25,0.013051242299137351,8.411633487141385e-06,3.16,35.8,2023-02-06 16:38:00,6.957050862953572e-06,0.03523974472448335,0.0,96,216.36360328255773,6.957050862953572e-06,50.230083,-13.427787,0.03523974472448335,0.0,0.0,0.3309540909357156,888.7865472858055,13219.70471739256,-0.9790798317520755,-0.20347649263816125,1.5447279978156059,230.57655139476884,0.022535793122458656,0.9476497514824165,0.0,221.23765718626152,,,,,,,,,,,,,,0.0,0 days 00:00:00,,,,,,,,,,,,,,,,,,,,,0.0,,,,,,,,,,,,,,,,,,0.0,0.0,7.602307e-06,6.190632e-06,112166.64,0.044573136,-278.6342,0.0,0.0,1.0,-4.1410903970506574e-13,1.85164e-12,6.881321e-16,0.0,0.0,0.0,7.480000000000001e-16,2.0124035139918113e-14,1.4375310034513152e-12,870.0053038952497,5.847033206452656e-13,7.366397806560097e-14,0.0,7.602307e-06,6.190632e-06,112166.64,0.044573136,-278.6342,0.0,0.0,0.0,-4.1410903970506574e-13,1.85164e-12,6.881321e-16,0.0,0.0,0.0,7.480000000000001e-16,2.0124035139918113e-14,1.4375310034513152e-12,870.0053038952497,5.847033206452656e-13,7.366397806560097e-14,0.0
97,97,99,adbb36,NKS2975,33.64615256099378,-77.73513560392418,216.06666648,11285.22,0.6369636063145623,34610D,226.96461,50.324005,-13.203092,225.1874486260819,63904.0803525632,0.34886912526596286,0.472444610206398,29.065624453107603,31.4956585476602,0.0,7.918735717029741e-06,21636.360328255767,0.0440415974484218,0.24221353710923,0.6397662333511354,cruise,0,GTF,0,43031,1.237,3.16,3.16,0,0.7456281854486932,15.747578615359204,11.37288396107012,29.603880155046408,1550334472140504.0,9.44473776300186,758.227760850636,1606.34700304866,0.000791873571703,0.0254836147521469,0.236222305103199,15.7478292738301,9.26957605507272,9.269502652330988,0.0007918735717029,0.6548001969644299,488778874066326.3,6.002878808390442,491517908339891.9,0.012392633056867372,7.184084671467742e-06,3.16,35.8,2023-02-06 16:39:00,7.918735717029741e-06,0.04404161267582304,0.0,97,216.36360328255773,7.918735717029741e-06,50.324005,-13.203092,0.04404161267582304,0.0,0.0,0.3320997206049603,891.7837578370545,12650.668898174104,-0.9641042334941773,-0.2655240609786712,1.5383898359376846,230.53396005340358,0.027947769312608544,0.9117044668582243,0.0,221.21707937343683,,,,,,,,,,,,,,0.0,0 days 00:00:00,,,,,,,,,,,,,,,,,,,,,0.0,,,,,,,,,,,,,,,,,,0.0,0.0,8.59677e-06,5.9118597e-06,112236.28,0.05554593,-281.42987,0.0,0.0,0.9999999999999999,-4.1374486967216527e-13,1.851695e-12,6.6664336e-16,0.0,0.0,0.0,7.48e-16,2.010799495998435e-14,1.4379501225119088e-12,872.1255098431869,5.05137443375943e-13,6.700247257515954e-14,0.0,8.59677e-06,5.9118597e-06,112236.28,0.05554593,-281.42987,0.0,0.0,0.0,-4.1374486967216527e-13,1.851695e-12,6.6664336e-16,0.0,0.0,0.0,7.48e-16,2.010799495998435e-14,1.4379501225119088e-12,872.1255098431869,5.05137443375943e-13,6.700247257515954e-14,0.0
98,98,100,adbb36,NKS2975,33.53646488512977,-77.77137600645727,215.037777592,11285.22,0.638984865965375,34610D,226.1945,50.148285,-13.129468,223.84175904607912,63875.014728110094,0.3470357149691821,0.45787816809686,28.073730322928505,30.5467096989112,-52.11646623432415,8.947598459495735e-06,21636.360328255767,0.0545735799945179,0.2339477526910708,0.6094240399059719,cruise,0,GTF,0,43031,1.237,3.16,3.16,0,0.7424330733891367,15.273494530639097,11.191271672776212,27.739253728908707,1578347798779285.0,9.22346817123204,752.013339871504,1591.85049117293,0.00089475984595,0.0251617405582506,0.22893908404843,15.2733548494556,9.09869822075407,9.098616809984318,0.0008947598459495,0.6315629483652234,472249579005225.7,5.959949317519686,489443153089460.5,0.012140925547119395,6.8011180869538164e-06,3.16,35.8,2023-02-06 16:40:00,8.947598459495735e-06,0.05457359416238042,0.0,98,216.36360328255773,8.947598459495735e-06,50.148285,-13.129468,0.05457359416238042,0.0,0.0,0.3332303993607881,894.6134173502895,13170.517903907068,-0.9646634738192339,-0.26348507031520463,1.5340716658807956,230.50485351759107,0.03436997301461498,0.8635397781378379,0.0,221.2123183095232,,,,,,,,,,,,,,0.0,0 days 00:00:00,,,,,,,,,,,,,,,,,,,,,0.0,,,,,,,,,,,,,,,,,,0.0,0.0,9.627592e-06,5.6438116e-06,112308.42,0.0673193,-284.04443,0.0,0.0,0.9999999999999999,-4.133736121985766e-13,1.8521734e-12,6.459813e-16,0.0,0.0,0.0,7.48e-16,2.0098378186529685e-14,1.4387997590496386e-12,874.1226726539123,4.799028612423175e-13,6.493664810203117e-14,0.0,9.627592e-06,5.6438116e-06,112308.42,0.0673193,-284.04443,0.0,0.0,0.0,-4.133736121985766e-13,1.8521734e-12,6.459813e-16,0.0,0.0,0.0,7.48e-16,2.0098378186529685e-14,1.4387997590496386e-12,874.1226726539123,4.799028612423175e-13,6.493664810203117e-14,0.0
99,99,101,adbb36,NKS2975,33.42220358121193,-77.80876651686063,214.008888704,11269.98,0.6410506808660851,34610D,225.44681,49.514755,-13.307292,222.37275817447764,63846.94099778717,0.3491964930595125,0.478490978722454,29.557184055019945,32.3328124899794,51.96568136700865,1.0377433132399773e-05,21688.41929638683,0.0694341103798669,0.2463098671251661,0.6314004925803091,cruise,0,GTF,0,43031,1.237,3.16,3.16,0,0.7387827738112833,16.16634685490648,11.445623311761674,30.10768214515553,1542765572809056.0,9.58539305330507,754.856929013986,1600.58151930527,0.00103774331324,0.0253804609858088,0.239245489361227,16.1664062449897,9.426365009485,9.426267189027556,0.0010377433132399,0.6420928888598327,501986192349729.2,5.930460404351369,488672226159914.9,0.012352568360075195,7.298475226743575e-06,3.16,35.8,2023-02-06 16:41:00,1.0377433132399773e-05,0.06943406254929213,0.0,99,216.8841929638683,1.0377433132399773e-05,49.514755,-13.307292,0.06943406254929213,0.0,0.0,0.3351399920252171,897.5054552529823,12808.679227956676,-0.9649345435412707,-0.26249062208162666,1.5428703121720266,230.5640841453827,0.043409025571132125,0.795109746785647,0.0,221.29732686484675,,,,,,,,,,,,,,0.0,0 days 00:00:00,,,,,,,,,,,,,,,,,,,,,0.0,,,,,,,,,,,,,,,,,,0.0,0.0,1.0983844e-05,5.340422e-06,112230.5,0.08300198,-286.03598,0.0,0.0,1.0,-4.1363967822145596e-13,1.8508658e-12,6.2259505e-16,0.0,0.0,0.0,7.48e-16,2.0054535430378618e-14,1.4372261830371386e-12,876.1979281203668,5.096914999954256e-13,6.78599733952014e-14,0.0,1.0983844e-05,5.340422e-06,112230.5,0.08300198,-286.03598,0.0,0.0,0.0,-4.1363967822145596e-13,1.8508658e-12,6.2259505e-16,0.0,0.0,0.0,7.48e-16,2.0054535430378618e-14,1.4372261830371386e-12,876.1979281203668,5.096914999954256e-13,6.78599733952014e-14,0.0
100,100,102,adbb36,NKS2975,33.31105041503906,-77.84494628906248,215.037777592,11285.22,0.643067408883312,34610D,224.88777,48.857307,-13.639872,221.2592185317272,63817.38381373214,0.35048729350857927,0.49232381845877,30.60826763140233,33.558550166799,51.84590004895209,1.1391079346779349e-05,21636.360328255767,0.0813681635778611,0.2550688969283528,0.6487391096806485,cruise,0,GTF,0,43031,1.237,3.16,3.16,0,0.7359963545285976,16.779153394959007,11.617936571772455,31.960736984976226,1514926092589420.5,9.81708825264978,756.940440526447,1607.54490153748,0.00113910793468,0.0255605127664481,0.246161909229385,16.7792750833995,9.63055442113463,9.630444719974678,0.0011391079346779,0.6498908990176141,522591406499025.6,5.874327104288609,485304570695686.3,0.012496330751220244,7.64947185304322e-06,3.16,35.8,2023-02-06 16:42:00,1.1391079346779349e-05,0.08136821568458835,0.0,100,216.36360328255773,1.1391079346779349e-05,48.857307,-13.639872,0.08136821568458835,0.0,0.0,0.3351666636572268,900.3287675050318,12979.46796929962,-0.9652087424515096,-0.26148056045368917,1.5422271337644913,230.55976456251753,0.05059171220077338,0.7365889235019175,0.0,221.3181038776864,,,,,,,,,,,,,,0.0,0 days 00:00:00,,,,,,,,,,,,,,,,,,,,,0.0,,,,,,,,,,,,,,,,,,0.0,0.0,1.19615925e-05,4.9942046e-06,112470.086,0.09543333,-287.9258,0.0,0.0,1.0,-4.1254980963246364e-13,1.8552367e-12,5.959075e-16,0.0,0.0,0.0,7.480000000000001e-16,2.0098836149344107e-14,1.4426868218605719e-12,878.2143692926355,5.325454444955066e-13,6.982175779287754e-14,0.0,1.19615925e-05,4.9942046e-06,112470.086,0.09543333,-287.9258,0.0,0.0,0.0,-4.1254980963246364e-13,1.8552367e-12,5.959075e-16,0.0,0.0,0.0,7.480000000000001e-16,2.0098836149344107e-14,1.4426868218605719e-12,878.2143692926355,5.325454444955066e-13,6.982175779287754e-14,0.0
101,101,103,adbb36,NKS2975,33.19838313733117,-77.88142033791055,216.06666648,11300.46,0.6450910159560157,34610D,224.40881,48.115433,-13.9975815,221.3513423858012,63786.77554610075,0.3497889828391253,0.480683401069762,29.77751387930521,32.6862072911338,51.74659290574188,1.24041647417447e-05,21584.4263178787,0.0937047914075782,0.2481459489942101,0.6277468773086393,cruise,0,GTF,0,43031,1.237,3.16,3.16,0,0.7370880781661324,16.3430396335974,11.474668697429918,30.51477086419792,1536649651090023.8,9.6361947642366,753.051500495618,1597.87875312635,0.00124041647417,0.0253384686137961,0.240341700534881,16.3431036455669,9.48524964938178,9.485131994241923,0.0012404164741744,0.6353979177160363,507520710758620.0,5.869694934862578,484428494505982.4,0.012326455053844847,7.334855745667119e-06,3.16,35.8,2023-02-06 16:43:00,1.24041647417447e-05,0.09370486216381152,0.0,101,215.8442631787871,1.24041647417447e-05,48.115433,-13.9975815,0.09370486216381152,0.0,0.0,0.3350757946978498,903.1617094449327,12915.09557094581,-0.9652422591937411,-0.26135680795908645,1.5368743123753532,230.52375295718085,0.057989094790662034,0.6821409663833964,0.0,221.31079984030603,,,,,,,,,,,,,,0.0,0 days 00:00:00,,,,,,,,,,,,,,,,,,,,,0.0,,,,,,,,,,,,,,,,,,0.0,0.0,1.2917681e-05,4.653615e-06,112709.875,0.1072737,-289.09186,0.0,0.0,1.0,-4.1145477685155823e-13,1.8602446e-12,5.696537e-16,0.0,0.0,0.0,7.48e-16,2.015192237845897e-14,1.4487898983104677e-12,880.2548216440783,5.150554434090215e-13,6.81709044864345e-14,0.0,1.2917681e-05,4.653615e-06,112709.875,0.1072737,-289.09186,0.0,0.0,0.0,-4.1145477685155823e-13,1.8602446e-12,5.696537e-16,0.0,0.0,0.0,7.48e-16,2.015192237845897e-14,1.4487898983104677e-12,880.2548216440783,5.150554434090215e-13,6.81709044864345e-14,0.0
102,102,104,adbb36,NKS2975,33.0862708010916,-77.9176499970105,216.06666648,11315.7,0.6470959747664607,34610D,224.02718,47.302277,-14.353976,220.6329717859928,63756.99803222144,0.34960744989652576,0.479406395447198,29.70899851682545,32.6885401772524,-25.829928812132184,1.338599305731831e-05,21532.616965318048,0.1057001681040411,0.247574987640212,0.6234375919608397,cruise,0,GTF,0,43031,1.237,3.16,3.16,0,0.73532153842574,16.34426807587224,11.457350820956,30.46534117726496,1537392260948114.0,9.61805222483289,751.881576423124,1595.80647936907,0.00133859930573,0.0253003301076949,0.239703197723599,16.3442700886262,9.47431107433241,9.474184252967776,0.0013385993057318,0.6310762136785504,506928999663637.7,5.827482294913001,481737928593465.75,0.012290158173145884,7.2972588802599615e-06,3.16,35.8,2023-02-06 16:44:00,1.3385993057318312e-05,0.10570024558942934,0.0,102,215.32616965318059,1.3385993057318312e-05,47.302277,-14.353976,0.10570024558942934,0.0,0.0,0.3348409393887787,905.9685414726644,13070.328508239769,-0.9634429698986795,-0.26791350050494356,1.5327587011284056,230.49598910531876,0.0651681261950444,0.6333656266663936,0.0,221.31041035196776,,,,,,,,,,,,,,0.0,0 days 00:00:00,,,,,,,,,,,,,,,,,,,,,0.0,,,,,,,,,,,,,,,,,,0.0,0.0,1.3830522e-05,4.3354466e-06,112948.31,0.118036024,-289.18646,0.0,0.0,0.9999999999999998,-4.103624110261697e-13,1.8657875e-12,5.4512817e-16,0.0,0.0,0.0,7.48e-16,2.0213652791322488e-14,1.4554249699592782e-12,882.2811557204616,5.145201263557143e-13,6.798979852743799e-14,0.0,1.3830522e-05,4.3354466e-06,112948.31,0.118036024,-289.18646,0.0,0.0,0.0,-4.103624110261697e-13,1.8657875e-12,5.4512817e-16,0.0,0.0,0.0,7.48e-16,2.0213652791322488e-14,1.4554249699592782e-12,882.2811557204616,5.145201263557143e-13,6.798979852743799e-14,0.0
103,103,105,adbb36,NKS2975,32.97302204713983,-77.9551866928412,216.06666648,11308.08,0.6491002295501787,34610D,223.65717,46.338917,-14.787869,221.0045595529084,63727.28903370461,0.35038649354660323,0.482369557238932,29.94159146714798,32.908451967101,51.5870394289645,1.4834745852452396e-05,21558.506078089278,0.1227297311401922,0.2495132622262331,0.6239736488204105,cruise,0,GTF,0,43031,1.237,3.16,3.16,0,0.7371689918213474,16.454441868869388,11.49978015968867,30.67182336057257,1534290163517227.5,9.68203820891343,751.508607352108,1594.94284019376,0.00148347458525,0.0252812674362743,0.241184778619466,16.4542259835505,9.54005882922651,9.539917306977808,0.0014834745852452,0.62971804202954,511402166421932.7,5.861247704725563,483694876394640.9,0.012304734291258083,7.352337948059279e-06,3.16,35.8,2023-02-06 16:45:00,1.4834745852452395e-05,0.12272986180000653,0.0,103,215.58506078089286,1.4834745852452395e-05,46.338917,-14.787869,0.12272986180000653,0.0,0.0,0.33579813987217577,908.7743864784084,13023.037990257451,-0.9601767291506421,-0.2793933585423503,1.5364438470089457,230.52085213292006,0.07539363422355402,0.5735140034403503,0.0,221.36899968115443,,,,,,,,,,,,,,0.0,0 days 00:00:00,,,,,,,,,,,,,,,,,,,,,0.0,,,,,,,,,,,,,,,,,,0.0,0.0,1.5150862e-05,4.0363097e-06,112950.77,0.13239484,-289.2113,0.0,0.0,1.0,-4.1028168867589693e-13,1.866966e-12,5.220697e-16,0.0,0.0,0.0,7.48e-16,2.020696678644263e-14,1.4566843896457062e-12,884.3262137326334,5.187628264875462e-13,6.841003650327113e-14,0.0,1.5150862e-05,4.0363097e-06,112950.77,0.13239484,-289.2113,0.0,0.0,0.0,-4.1028168867589693e-13,1.866966e-12,5.220697e-16,0.0,0.0,0.0,7.48e-16,2.020696678644263e-14,1.4566843896457062e-12,884.3262137326334,5.187628264875462e-13,6.841003650327113e-14,0.0
104,104,106,adbb36,NKS2975,32.860565185546875,-77.994140625,217.095555368,11323.32,0.6510786632135409,34610D,223.39612,45.537373,-15.036129,220.5342880447301,63697.34744223746,0.3479617710392555,0.460433067584334,28.36892692282549,31.261035233981,-25.766523666258585,1.5836074500792212e-05,21506.75894218531,0.1349670991811826,0.2364077243568791,0.5898001838866231,cruise,0,GTF,0,43031,1.237,3.16,3.16,0,0.7360299883430127,15.630412215254603,11.221944255028529,28.04834175422345,1573704196344017.2,9.32055969328923,745.30396743973,1579.58359072867,0.00158360745008,0.0249309551198634,0.230216533792167,15.6305176169905,9.23416422216194,9.234017991565084,0.0015836074500792,0.6092627028562693,482054077958779.0,5.827316072227236,481405668347525.44,0.012020675065321557,6.7922383778101435e-06,3.16,35.8,2023-02-06 16:46:00,1.5836074500792216e-05,0.1349671240938378,0.0,104,215.06758942185314,1.5836074500792216e-05,45.537373,-15.036129,0.1349671240938378,0.0,0.0,0.3353835753815271,911.5440792220177,12980.771519867807,-0.9610857701115774,-0.2762501447764983,1.5270573906141507,230.45741875196674,0.08269929026581356,0.5402600281078088,0.0,221.33676696280318,,,,,,,,,,,,,,0.0,0 days 00:00:00,,,,,,,,,,,,,,,,,,,,,0.0,,,,,,,,,,,,,,,,,,0.0,0.0,1.6060038e-05,3.7845712e-06,113185.75,0.14235464,-288.7825,0.0,0.0,1.0,-4.091988644143348e-13,1.8728484e-12,5.0266487e-16,0.0,0.0,0.0,7.480000000000001e-16,2.0278108620830986e-14,1.4636495201238166e-12,886.3512055406435,4.860530909308621e-13,6.529898599126433e-14,0.0,1.6060038e-05,3.7845712e-06,113185.75,0.14235464,-288.7825,0.0,0.0,0.0,-4.091988644143348e-13,1.8728484e-12,5.0266487e-16,0.0,0.0,0.0,7.480000000000001e-16,2.0278108620830986e-14,1.4636495201238166e-12,886.3512055406435,4.860530909308621e-13,6.529898599126433e-14,0.0
105,105,107,adbb36,NKS2975,32.74836730957031,-78.03248291015626,217.609999812,11315.7,0.6530432037930961,34610D,223.18927,44.670815,-15.353036,219.589246289608,63668.97851531464,0.3493944424867942,0.476679879035554,29.548934660185395,32.6372218784288,51.486781472673385,1.726704383320761e-05,21532.616965318048,0.1511472227234764,0.2462411221682116,0.6109335204100959,cruise,0,GTF,0,43031,1.237,3.16,3.16,0,0.7332154926287545,16.31911196587557,11.423789549591293,30.035831319366725,1543845027987784.2,9.59485850067611,748.691261465917,1588.99566645466,0.00172670438332,0.0251569812264351,0.238339939517777,16.3186109392144,9.47410730136924,9.473943714367852,0.0017267043833207,0.6202850495108128,506330507650422.0,5.799934244582565,480406212446107.1,0.012194811512389592,7.213990452099006e-06,3.16,35.8,2023-02-06 16:47:00,1.7267043833207615e-05,0.15114723060649352,0.0,105,215.32616965318059,1.7267043833207615e-05,44.670815,-15.353036,0.15114723060649352,0.0,0.0,0.33609801851056287,914.2943195985833,13019.752905298714,-0.9613367158041025,-0.27537559595393046,1.5322620072549398,230.49263394768866,0.09242600478923678,0.49836734980309044,0.0,221.40357736105398,,,,,,,,,,,,,,0.0,0 days 00:00:00,,,,,,,,,,,,,,,,,,,,,0.0,,,,,,,,,,,,,,,,,,0.0,0.0,1.7372175e-05,3.545251e-06,113183.55,0.15558138,-288.49365,0.0,0.0,1.0,-4.091376388180726e-13,1.8738895e-12,4.842173e-16,0.0,0.0,0.0,7.479999999999999e-16,2.0273992670820804e-14,1.4647519539485324e-12,888.3714233850178,5.108780563935341e-13,6.760312178872548e-14,0.0,1.7372175e-05,3.545251e-06,113183.55,0.15558138,-288.49365,0.0,0.0,0.0,-4.091376388180726e-13,1.8738895e-12,4.842173e-16,0.0,0.0,0.0,7.479999999999999e-16,2.0273992670820804e-14,1.4647519539485324e-12,888.3714233850178,5.108780563935341e-13,6.760312178872548e-14,0.0
106,106,108,adbb36,NKS2975,32.63580322265625,-78.07077026367188,217.609999812,11330.94,0.6550004660325925,34610D,222.99516,44.042007,-15.504592,218.938791329922,63639.42958065445,0.348801891860052,0.472523233313804,29.25937427673159,32.39371235284,25.72144456199156,1.8190100506287683e-05,21480.93197135621,0.162700824808876,0.2438281189727632,0.6040727143714456,cruise,0,GTF,0,43031,1.237,3.16,3.16,0,0.7313616761039724,16.196706997388922,11.368538281802556,29.655746122516987,1549555260676040.0,9.52412453496726,747.30971826933,1586.10661478175,0.00181901005063,0.025097051806528,0.236261616656902,16.19685617642,9.41391915186819,9.41374791484748,0.0018190100506287,0.6157766127189515,500724228073354.6,5.757077786148211,477686512682888.9,0.012140728728757846,7.102307556928953e-06,3.16,35.8,2023-02-06 16:48:00,1.819010050628768e-05,0.16270079712157592,0.0,106,214.8093197135621,1.819010050628768e-05,44.042007,-15.504592,0.16270079712157592,0.0,0.0,0.3355831385821828,917.0343686037829,13084.875000859558,-0.961556261181401,-0.27460800531456686,1.5271943981731753,230.45834712790418,0.09930205905008059,0.46850293570909185,0.0,221.39681220101596,,,,,,,,,,,,,,0.0,0 days 00:00:00,,,,,,,,,,,,,,,,,,,,,0.0,,,,,,,,,,,,,,,,,,0.0,0.0,1.8167057e-05,3.352286e-06,113411.01,0.16459677,-287.61606,0.0,0.0,1.0,-4.080823033230984e-13,1.8794664e-12,4.6934286e-16,0.0,0.0,0.0,7.480000000000001e-16,2.034533717450986e-14,1.471384176369008e-12,890.3907309066476,5.064601205433095e-13,6.701362296715035e-14,0.0,1.8167057e-05,3.352286e-06,113411.01,0.16459677,-287.61606,0.0,0.0,0.0,-4.080823033230984e-13,1.8794664e-12,4.6934286e-16,0.0,0.0,0.0,7.480000000000001e-16,2.034533717450986e-14,1.471384176369008e-12,890.3907309066476,5.064601205433095e-13,6.701362296715035e-14,0.0
107,107,109,adbb36,NKS2975,32.52265024993379,-78.10909349091196,217.095555368,11338.56,0.6569530212203925,34610D,222.80891,43.411076,-15.677551,218.44090427817264,63610.17020637772,0.3475473418582185,0.462093838765424,28.51373083365064,31.6367324930166,-25.702171228841525,1.92534085353626e-05,21455.13601554076,0.1760157176962965,0.2376144236137553,0.5872847543941077,cruise,0,GTF,0,43031,1.237,3.16,3.16,0,0.7300033870997745,15.81832854520744,11.234796486096998,28.41816800553847,1568148089537603.0,9.35250715334176,744.134009816296,1578.46436914647,0.00192534085354,0.0249254840764998,0.231046919382712,15.8183662465083,9.26950580673164,9.269327340585503,0.0019253408535362,0.605478087358188,486397750959989.75,5.73019785007143,476063857241234.9,0.012006017768202424,6.826344501604078e-06,3.16,35.8,2023-02-06 16:49:00,1.9253408535362596e-05,0.17601579034975384,0.0,107,214.55136015540768,1.9253408535362596e-05,43.411076,-15.677551,0.17601579034975384,0.0,0.0,0.33546032767871553,919.7678261801035,13103.535275571812,-0.9617411155481873,-0.27395989973740337,1.5224288260932548,230.42601169669558,0.107232985703099,0.4385309386592704,0.0,221.39577070240128,,,,,,,,,,,,,,0.0,0 days 00:00:00,,,,,,,,,,,,,,,,,,,,,0.0,,,,,,,,,,,,,,,,,,0.0,0.0,1.9086343e-05,3.1658626e-06,113558.91,0.17466623,-286.85236,0.0,0.0,0.9999999999999999,-4.073687710617456e-13,1.883399e-12,4.5497274e-16,0.0,0.0,0.0,7.48e-16,2.0391365195526726e-14,1.476030189061894e-12,892.4206025573425,4.913326788098214e-13,6.553451788878346e-14,0.0,1.9086343e-05,3.1658626e-06,113558.91,0.17466623,-286.85236,0.0,0.0,0.0,-4.073687710617456e-13,1.883399e-12,4.5497274e-16,0.0,0.0,0.0,7.48e-16,2.0391365195526726e-14,1.476030189061894e-12,892.4206025573425,4.913326788098214e-13,6.553451788878346e-14,0.0
108,108,110,adbb36,NKS2975,32.40931417174258,-78.14733263911033,216.581110924,11330.94,0.6588958385704768,34610D,222.66113,42.75514,-15.967236,217.9604130407901,63581.65647554407,0.34794945580397507,0.467100776798298,28.879608889072617,32.0871073820458,25.68513054564895,2.041839507733865e-05,21480.93197135621,0.1903455883359641,0.2406634074089385,0.5923744545711598,cruise,0,GTF,0,43031,1.237,3.16,3.16,0,0.7286393767928714,16.043192046004005,11.297175134816245,28.98641849205585,1559610944365618.0,9.44147811620092,744.819823740449,1580.53918148515,0.00204183950773,0.0249769427788995,0.233550388399149,16.0435536910229,9.35063952648568,9.350448605331906,0.0020418395077338,0.6076965796814664,493781380863611.0,5.721899397744315,475985746143284.8,0.012055302379762309,6.946147468141016e-06,3.16,35.8,2023-02-06 16:50:00,2.041839507733865e-05,0.19034555675652082,0.0,108,214.8093197135621,2.041839507733865e-05,42.75514,-15.967236,0.19034555675652082,0.0,0.0,0.33608657102133643,922.4876489762312,12824.53148496067,-0.9617476788947289,-0.27393685794467587,1.5252008040330935,230.44483106269124,0.11579542070166599,0.40549270843828783,0.0,221.44406563775215,,,,,,,,,,,,,,0.0,0 days 00:00:00,,,,,,,,,,,,,,,,,,,,,0.0,,,,,,,,,,,,,,,,,,0.0,0.0,2.0068119e-05,3.0022009e-06,113546.86,0.1862764,-286.68036,0.0,0.0,1.0,-4.073465931377331e-13,1.8836393e-12,4.4235716e-16,0.0,0.0,0.0,7.479999999999999e-16,2.0382162958841068e-14,1.476292754657014e-12,894.4475930093666,4.987839111689198e-13,6.624460584615605e-14,0.0,2.0068119e-05,3.0022009e-06,113546.86,0.1862764,-286.68036,0.0,0.0,0.0,-4.073465931377331e-13,1.8836393e-12,4.4235716e-16,0.0,0.0,0.0,7.479999999999999e-16,2.0382162958841068e-14,1.476292754657014e-12,894.4475930093666,4.987839111689198e-13,6.624460584615605e-14,0.0
109,109,111,adbb36,NKS2975,32.29839066327628,-78.18470857581315,216.06666648,11338.56,0.6607972310739646,34610D,222.51355,42.23966,-16.198256,217.2287168105132,63552.776866655,0.3477077982477335,0.467349020912756,28.90727186465948,32.189925396409,7.867123983871788,2.1043663151807544e-05,21455.13601554076,0.1995607998133506,0.2408939322054956,0.5917809861403119,cruise,0,GTF,0,43031,1.237,3.16,3.16,0,0.7264341098448511,16.094929952947137,11.297422901888911,29.10901048000798,1557769176302234.8,9.44430656194301,744.516362292169,1580.42432442753,0.00210436631518,0.0249814746864984,0.233674510456378,16.0949626982045,9.35391178418587,9.353714947759292,0.0021043663151807,0.6067149331010887,494833648122770.56,5.68432073036926,473845737799943.8,0.012049422646326824,6.953794896884513e-06,3.16,35.8,2023-02-06 16:51:00,2.1043663151807544e-05,0.19956098743636916,0.0,109,214.55136015540768,2.1043663151807544e-05,42.23966,-16.198256,0.19956098743636916,0.0,0.0,0.33590561095419774,925.1494735902633,12992.160100991803,-0.9618689567853904,-0.273510712719968,1.5228056775472376,230.42857198016443,0.12122637678376584,0.37798628688237645,0.0,221.4489874079878,,,,,,,,,,,,,,0.0,0 days 00:00:00,,,,,,,,,,,,,,,,,,,,,0.0,,,,,,,,,,,,,,,,,,0.0,0.0,2.0532629e-05,2.8547186e-06,113686.6,0.19335493,-286.78723,0.0,0.0,1.0,-4.0666695746240255e-13,1.8870302e-12,4.3098873e-16,0.0,0.0,0.0,7.48e-16,2.042371053251425e-14,1.4803632150836435e-12,896.4299279250795,5.001809078958803e-13,6.62798120250638e-14,0.0,2.0532629e-05,2.8547186e-06,113686.6,0.19335493,-286.78723,0.0,0.0,0.0,-4.0666695746240255e-13,1.8870302e-12,4.3098873e-16,0.0,0.0,0.0,7.48e-16,2.042371053251425e-14,1.4803632150836435e-12,896.4299279250795,5.001809078958803e-13,6.62798120250638e-14,0.0
110,110,112,,,32.18600306190253,-78.22246740666402,216.06666648,11340.895161290324,0.6627041548635524,34610D,222.42778,41.720695,-16.467785,216.87139677334503,63523.86959479034,0.34653209074143776,0.457900532437374,28.22826457326504,31.4842802533692,8.27887710681627,2.149809614620644e-05,21447.237006192,0.2059786853408282,0.235235538110542,0.5770702200496275,cruise,0,GTF,0,43031,1.237,3.16,3.16,0,0.7253789608545272,15.742108338621982,11.176117882527905,27.96043006123237,1575024942921780.0,9.2880791129168,741.759215719051,1573.6457574127,0.00214980961462,0.0248278852998012,0.228950266218687,15.7421401266846,9.22149685541364,9.221298615049422,0.0021498096146206,0.5978706220377819,481930973699340.0,5.668005845502482,472957982128961.06,0.011927671261401835,6.708385676553818e-06,3.16,35.8,2023-02-06 16:52:00,2.1498096146206434e-05,0.2059787740623916,0.0,110,214.47237006192006,2.1498096146206434e-05,41.720695,-16.467785,0.2059787740623916,0.0,0.0,0.3359114228975204,927.8190410037101,13015.81376886044,-0.9618316405291454,-0.27364191067344373,1.5195068354471306,230.406140951835,0.12502000529951146,0.36415340887328707,0.0,221.44232857423648,,,,,,,,,,,,,,0.0,0 days 00:00:00,,,,,,,,,,,,,,,,,,,,,0.0,,,,,,,,,,,,,,,,,,0.0,0.0,2.0850106e-05,2.716727e-06,113770.22,0.19831729,-286.6014,0.0,0.0,1.0,-4.0622867576287456e-13,1.8890178e-12,4.2035188e-16,0.0,0.0,0.0,7.48e-16,2.044460925496141e-14,1.482789028630079e-12,898.4340548314456,4.859117755827091e-13,6.493981983069434e-14,0.0,2.0850106e-05,2.716727e-06,113770.22,0.19831729,-286.6014,0.0,0.0,0.01975866391416196,-4.0622867576287456e-13,1.8890178e-12,4.2035188e-16,0.0,0.0,0.0,7.48e-16,2.044460925496141e-14,1.482789028630079e-12,898.4340548314456,4.859117755827091e-13,6.493981983069434e-14,0.0
111,111,113,,,32.07341522333594,-78.26026645080286,216.06666648,11343.353225806452,0.6646010718117624,34610D,222.38968,41.233185,-16.746485,215.86437928763087,63495.64133021708,0.3461095604293039,0.458652441633946,28.283336663881315,31.6444652416844,8.278427827752033,2.172731782857514e-05,21438.92540123711,0.209082266665654,0.2356944721990109,0.5774908637718348,cruise,0,GTF,0,43031,1.237,3.16,3.16,0,0.7220725847684906,15.822168520806578,11.180653956320418,28.13878269455498,1572345451467557.8,9.29755035390825,741.751679267903,1574.25000511486,0.00217273178286,0.0248485889499067,0.229326220816973,15.8222326208422,9.22894339309493,9.228742877265276,0.0021727317828575,0.5978465252739386,483616429262086.7,5.622984281946829,470676933187240.9,0.011931099356692221,6.731668370855288e-06,3.16,35.8,2023-02-06 16:53:00,2.172731782857514e-05,0.20908228333700704,0.0,111,214.38925401237108,2.172731782857514e-05,41.233185,-16.746485,0.20908228333700704,0.0,0.0,0.3358387710265848,930.4745970587238,13017.013852627684,-0.9617430573143173,-0.27395308304107396,1.5179367769474807,230.39544990737937,0.12685640624969113,0.3580798860856741,0.0,221.43927264208554,,,,,,,,,,,,,,0.0,0 days 00:00:00,,,,,,,,,,,,,,,,,,,,,0.0,,,,,,,,,,,,,,,,,,0.0,0.0,2.0969963e-05,2.5850686e-06,113852.5,0.2003869,-286.135,0.0,0.0,1.0,-4.057949948945319e-13,1.8908057e-12,4.102032e-16,0.0,0.0,0.0,7.479999999999999e-16,2.04633404787002e-14,1.4850105598024647e-12,900.4384398624775,4.875789686916855e-13,6.504645619447952e-14,0.0,2.0969963e-05,2.5850686e-06,113852.5,0.2003869,-286.135,0.0,0.0,0.045482792203862456,-4.057949948945319e-13,1.8908057e-12,4.102032e-16,0.0,0.0,0.0,7.479999999999999e-16,2.04633404787002e-14,1.4850105598024647e-12,900.4384398624775,4.875789686916855e-13,6.504645619447952e-14,0.0
112,112,114,adbb36,NKS2975,31.96082738476936,-78.29806549494168,216.06666648,11345.81129032258,0.6664854418664433,34610D,222.40363,40.77524,-16.98048,215.0441990351644,63467.3579935532,0.34535903312586147,0.4560164415327,28.09273155745016,31.5141086680052,26.91105041960689,2.1666544721107453e-05,21430.617017339402,0.2080554314643505,0.2341060963120846,0.5735007164351634,cruise,0,GTF,0,43031,1.237,3.16,3.16,0,0.7193065156181113,15.756971880513044,11.14276467646557,27.8911869157702,1576065221459152.2,9.24976792588542,741.00096739892,1572.80481096565,0.00216665447211,0.0248203909470325,0.22800822076635,15.7570543340026,9.18632672841162,9.186127696765066,0.0021666544721107,0.5954120801755054,480435135095910.9,5.585100959871541,468740973808590.3,0.011895645096465325,6.669375884196544e-06,3.16,35.8,2023-02-06 16:54:00,2.1666544721107456e-05,0.20805550270212586,0.0,112,214.306170173394,2.1666544721107456e-05,40.77524,-16.98048,0.20805550270212586,0.0,0.0,0.3356875640469319,933.1125855666817,12905.366960408599,-0.9618693503760354,-0.2735093285560546,1.515608843288915,230.37958018133926,0.12625065627129592,0.3642468949852326,0.0,221.42250287454206,,,,,,,,,,,,,,0.0,0 days 00:00:00,,,,,,,,,,,,,,,,,,,,,0.0,,,,,,,,,,,,,,,,,,0.0,0.0,2.0858724e-05,2.457818e-06,113932.984,0.19974577,-285.64,0.0,0.0,1.0000000000000002,-4.053682968358243e-13,1.892443e-12,4.003943e-16,0.0,0.0,0.0,7.48e-16,2.0480366052072843e-14,1.48707474931136e-12,902.4401348421197,4.840080107445517e-13,6.467261655132075e-14,0.0,2.0858724e-05,2.457818e-06,113932.984,0.19974577,-285.64,0.0,0.0,0.0389799175816546,-4.053682968358243e-13,1.892443e-12,4.003943e-16,0.0,0.0,0.0,7.48e-16,2.0480366052072843e-14,1.48707474931136e-12,902.4401348421197,4.840080107445517e-13,6.467261655132075e-14,0.0
113,113,115,adbb36,NKS2975,31.849190663483185,-78.3354342713648,216.06666648,11353.8,0.6683459277533651,34610D,222.49153,40.335346,-17.153784,213.87003627131165,63439.265261995744,0.3435146529796023,0.445941877330928,27.371888608717946,30.8215886942744,0.0,2.110226924561828e-05,21403.6370000147,0.2001831099720183,0.2280990717393162,0.5596764158710356,cruise,0,GTF,0,43031,1.237,3.16,3.16,0,0.7152376815563336,15.410768811923976,11.007931822062854,26.80414956879023,1592396392058605.2,9.07228100732625,738.459419084525,1567.03678935478,0.00211022692456,0.024695390124242,0.222970938665464,15.4107943471372,9.028848604687,9.02865807951328,0.0021102269245618,0.5863128243952419,467943690383137.5,5.524667376279537,465480727445866.9,0.011759714207841608,6.428760015770251e-06,3.16,35.8,2023-02-06 16:55:00,2.1102269245618282e-05,0.20018319294184575,0.0,113,214.03637000014703,2.1102269245618282e-05,40.335346,-17.153784,0.20018319294184575,0.0,0.0,0.3351324975632451,935.7171337992614,13135.114828834741,-0.9621709283522444,-0.2724465170153221,1.5094473302513234,230.33747206518493,0.12157814874456536,0.39105737899416587,0.0,221.36679436183155,,,,,,,,,,,,,,0.0,0 days 00:00:00,,,,,,,,,,,,,,,,,,,,,0.0,,,,,,,,,,,,,,,,,,0.0,0.0,2.03302e-05,2.3422765e-06,114067.67,0.19405136,-284.87726,0.0,0.0,1.0,-4.0470385327700937e-13,1.8951646e-12,3.91488e-16,0.0,0.0,0.0,7.48e-16,2.0515477369519207e-14,1.490460722133028e-12,904.4199209823993,4.689718890780156e-13,6.324383379657407e-14,0.0,2.03302e-05,2.3422765e-06,114067.67,0.19405136,-284.87726,0.0,0.0,0.01221978958988967,-4.0470385327700937e-13,1.8951646e-12,3.91488e-16,0.0,0.0,0.0,7.48e-16,2.0515477369519207e-14,1.490460722133028e-12,904.4199209823993,4.689718890780156e-13,6.324383379657407e-14,0.0
114,114,116,adbb36,NKS2975,31.735530853271484,-78.3732739616843,217.609999812,11353.8,0.6702186133544404,34610D,222.60574,39.872738,-17.31011,212.4438808621269,63411.89337338703,0.34299436044730347,0.448902879624994,27.57259881976937,31.1872142009864,30.56966953787651,2.06859347694354e-05,21403.6370000147,0.1934703705206627,0.2297716568314114,0.5640839927838126,cruise,0,GTF,0,43031,1.237,3.16,3.16,0,0.7102860003361134,15.593186492931226,11.037276939347311,27.2856504040904,1585162535460290.0,9.11436395561477,739.380250801448,1570.02432759104,0.00206859347694,0.0247710455862633,0.224451439812497,15.5936071004932,9.06104019835829,9.060852766149017,0.0020685934769435,0.5896084562344212,472359253884499.4,5.463257395490569,462510418870779.3,0.011800470475158876,6.514302244757635e-06,3.16,35.8,2023-02-06 16:56:00,2.0685934769435393e-05,0.1934707022918667,0.0,114,214.03637000014703,2.0685934769435393e-05,39.872738,-17.31011,0.1934707022918667,0.0,0.0,0.334960554636047,938.3387609757849,12868.449701042045,-0.9637402833328677,-0.2668420249538741,1.5082514348553506,230.3292815937427,0.11763280385686906,0.4160048588593222,0.0,221.3448923113299,,,,,,,,,,,,,,0.0,0 days 00:00:00,,,,,,,,,,,,,,,,,,,,,0.0,,,,,,,,,,,,,,,,,,0.0,0.0,1.9959214e-05,2.222804e-06,114121.1,0.18937951,-284.02606,0.0,0.0,1.0,-4.043926515841091e-13,1.896074e-12,3.8227865e-16,0.0,0.0,0.0,7.48e-16,2.0522136262108197e-14,1.4916813546074561e-12,906.4345864469875,4.741099017169906e-13,6.366376551072035e-14,0.0,1.9959214e-05,2.222804e-06,114121.1,0.18937951,-284.02606,0.0,0.0,0.0,-4.043926515841091e-13,1.896074e-12,3.8227865e-16,0.0,0.0,0.0,7.48e-16,2.0522136262108197e-14,1.4916813546074561e-12,906.4345864469875,4.741099017169906e-13,6.366376551072035e-14,0.0
115,115,117,,,31.62399729777431,-78.40953924503154,217.9815430215556,11362.86468401487,0.6720544772984737,34610D,222.78554,39.440502,-17.308723,210.9590413651929,63384.320774567255,0.34268295854717556,0.454634594712668,27.977178673456635,31.7788577387646,17.20942561069125,1.984543108614852e-05,21373.06426290887,0.1812579479937331,0.2331431556121386,0.5740873606235084,cruise,0,GTF,0,43031,1.237,3.16,3.16,0,0.7050369262564702,15.889461285184195,11.101484229612112,28.21313517193736,1571228412576486.5,9.19640257295744,741.398165117154,1575.94125441561,0.00198454310861,0.0249157277203558,0.227317297356334,15.8894288693823,9.12344603808695,9.12326498296045,0.0019845431086148,0.5967162124995805,480460291823363.9,5.388449978291154,458509476675650.9,0.01188460949517973,6.679397082307496e-06,3.16,35.8,2023-02-06 16:57:00,1.9845431086148522e-05,0.181258096597546,0.0,115,213.73064262908875,1.9845431086148522e-05,39.440502,-17.308723,0.181258096597546,0.0,0.0,0.33421215521590186,940.9088347887892,12661.553438112622,-0.9665802639765542,-0.25636418098286434,1.505382463727791,230.3096090254115,0.11040146676654476,0.45496785004915336,0.0,221.3006113706857,,,,,,,,,,,,,,0.0,0 days 00:00:00,,,,,,,,,,,,,,,,,,,,,0.0,,,,,,,,,,,,,,,,,,0.0,0.0,1.9271405e-05,2.1158844e-06,114264.98,0.18000497,-282.90814,0.0,0.0,1.0000000000000002,-4.03684913945925e-13,1.8989508e-12,3.7403694e-16,0.0,0.0,0.0,7.48e-16,2.0560492590075394e-14,1.4952658203432904e-12,908.4048461661675,4.847491456229696e-13,6.447664192982635e-14,0.0,1.9271405e-05,2.1158844e-06,114264.98,0.18000497,-282.90814,0.0,0.0,0.0,-4.03684913945925e-13,1.8989508e-12,3.7403694e-16,0.0,0.0,0.0,7.48e-16,2.0560492590075394e-14,1.4952658203432904e-12,908.4048461661675,4.847491456229696e-13,6.447664192982635e-14,0.0
116,116,118,,,31.51393404956967,-78.44377992764724,218.35308623111112,11367.963568773232,0.6738625135560179,34610D,222.96803,39.019188,-17.29692,210.23479692628223,63356.3435958938,0.34147013273381793,0.448482338713994,27.525700121839964,31.3454787682568,17.22459031339926,1.90588441907246e-05,21355.88629311056,0.1700483219368107,0.2293808343486663,0.5666068538440098,cruise,0,GTF,0,43031,1.237,3.16,3.16,0,0.7023288601554261,15.672185532162375,11.017432018249256,27.55833649077085,1581065819727341.2,9.08487412929915,740.216190289397,1573.20839821628,0.00190588441907,0.0248557737410693,0.224241169356997,15.6727393841284,9.02169337768322,9.021521437911773,0.0019058844190724,0.5926018718834778,472393769357998.9,5.349758334064285,456422977906473.75,0.011811431154394399,6.537073747093222e-06,3.16,35.8,2023-02-06 16:58:00,1.90588441907246e-05,0.17004852633420714,0.0,116,213.5588629311056,1.90588441907246e-05,39.019188,-17.29692,0.17004852633420714,0.0,0.0,0.33367022324530693,943.4399472668639,12662.533515449146,-0.966505529243389,-0.2566457908128564,1.5014012778099675,230.28225483773346,0.10375907623334071,0.4938073651241379,0.0,221.25158478847578,,,,,,,,,,,,,,0.0,0 days 00:00:00,,,,,,,,,,,,,,,,,,,,,0.0,,,,,,,,,,,,,,,,,,0.0,0.0,1.8665361e-05,2.009473e-06,114366.7,0.17159884,-281.995,0.0,0.0,1.0,-4.031620271216414e-13,1.9008855e-12,3.658344e-16,0.0,0.0,0.0,7.48e-16,2.058423830840109e-14,1.4977233774705677e-12,910.3491326504734,4.760260581043002e-13,6.360412406228961e-14,0.0,1.8665361e-05,2.009473e-06,114366.7,0.17159884,-281.995,0.0,0.0,0.0,-4.031620271216414e-13,1.9008855e-12,3.658344e-16,0.0,0.0,0.0,7.48e-16,2.058423830840109e-14,1.4977233774705677e-12,910.3491326504734,4.760260581043002e-13,6.360412406228961e-14,0.0
117,117,119,,,31.403870801365027,-78.47802061026293,218.72462944066663,11373.062453531598,0.6756574505890046,34610D,223.17831,38.594276,-17.13883,209.10630231746583,63328.817895771965,0.3414978156182652,0.455998407905694,28.062375073649427,32.045390845166,17.240835431923998,1.8132736957646768e-05,21338.72212959862,0.1575087532487429,0.2338531256137452,0.5795276444938624,cruise,0,GTF,0,43031,1.237,3.16,3.16,0,0.6982296843340081,16.022742852142084,11.107210007249137,28.672482259063,1564327384138915.0,9.1981368654705,742.772898584555,1580.23924472694,0.00181327369576,0.0250235120507502,0.227999203952847,16.022695422583,9.11139905103814,9.111233839431568,0.0018132736957646,0.6011117332906113,483019442527323.1,5.294647966274701,453542165883209.4,0.011916164912269805,6.747354275074141e-06,3.16,35.8,2023-02-06 16:59:00,1.8132736957646765e-05,0.1575087911632176,0.0,117,213.3872212959862,1.8132736957646765e-05,38.594276,-17.13883,0.1575087911632176,0.0,0.0,0.33308791215482453,945.9527189885073,12663.51159367187,-0.9664309592330762,-0.25692645063487773,1.5002564393573141,230.27437690088473,0.09630574039228175,0.5322724308107302,0.0,221.21763815887547,,,,,,,,,,,,,,0.0,0 days 00:00:00,,,,,,,,,,,,,,,,,,,,,0.0,,,,,,,,,,,,,,,,,,0.0,0.0,1.7994334e-05,1.9103616e-06,114468.38,0.16210316,-281.16815,0.0,0.0,0.9999999999999999,-4.026376550477131e-13,1.9029056e-12,3.5819456e-16,0.0,0.0,0.0,7.479999999999999e-16,2.0609677878214172e-14,1.5002679477755127e-12,912.2867529895409,4.891250582596415e-13,6.467005900791185e-14,0.0,1.7994334e-05,1.9103616e-06,114468.38,0.16210316,-281.16815,0.0,0.0,0.0,-4.026376550477131e-13,1.9029056e-12,3.5819456e-16,0.0,0.0,0.0,7.479999999999999e-16,2.0609677878214172e-14,1.5002679477755127e-12,912.2867529895409,4.891250582596415e-13,6.467005900791185e-14,0.0
118,118,120,,,31.293807553160388,-78.51226129287862,219.09617265022223,11378.161338289963,0.677439232481004,34610D,223.38881,38.18002,-16.941254,208.6424850715017,63300.75552069831,0.34185297929675046,0.463256762707968,28.59327522527055,32.66177848908,17.256430180175563,1.7180380027807666e-05,21321.57176127669,0.1452943271525498,0.2382772935439212,0.5927767397330176,cruise,0,GTF,0,43031,1.237,3.16,3.16,0,0.6963526872732515,16.330921521053803,11.19800965031252,29.72904870447944,1548453994951605.5,9.30859677175936,745.327004663261,1586.91840842868,0.00171803800278,0.0251797490293491,0.231628381353984,16.33088924454,9.19899483843154,9.19883679891952,0.0017180380027807,0.6093372243871883,493266987928726.3,5.266494362957339,451965782338162.9,0.012016254292156529,6.950767298965897e-06,3.16,35.8,2023-02-06 17:00:00,1.7180380027807666e-05,0.14529433594298952,0.0,118,213.21571761276692,1.7180380027807666e-05,38.18002,-16.941254,0.14529433594298952,0.0,0.0,0.3325065850169921,948.4470716812071,12664.4876588104,-0.9663565549370521,-0.2572061599771515,1.499858370933699,230.2716364374463,0.08902077630510424,0.5678513181804986,0.0,221.18916402050203,,,,,,,,,,,,,,0.0,0 days 00:00:00,,,,,,,,,,,,,,,,,,,,,0.0,,,,,,,,,,,,,,,,,,0.0,0.0,1.7311237e-05,1.8107008e-06,114569.55,0.15263811,-280.32504,0.0,0.0,1.0,-4.0211459445078037e-13,1.9049142e-12,3.5051237e-16,0.0,0.0,0.0,7.479999999999999e-16,2.0634905431262715e-14,1.5027994655551943e-12,914.2234070623799,5.019300078492599e-13,6.569944469265418e-14,0.0,1.7311237e-05,1.8107008e-06,114569.55,0.15263811,-280.32504,0.0,0.0,0.0,-4.0211459445078037e-13,1.9049142e-12,3.5051237e-16,0.0,0.0,0.0,7.479999999999999e-16,2.0634905431262715e-14,1.5027994655551943e-12,914.2234070623799,5.019300078492599e-13,6.569944469265418e-14,0.0
119,119,121,,,31.183744304955745,-78.54650197549432,219.4677158597778,11383.260223048328,0.6792078037120628,34610D,223.58228,37.769394,-16.632648,208.76556424322047,63272.16224547304,0.34190118822497445,0.464332324134838,28.667226081133165,32.7229239549898,17.27072654427235,1.6211829088614577e-05,21304.43517705728,0.1337683790374383,0.2388935506761097,0.5967659557441855,cruise,0,GTF,0,43031,1.237,3.16,3.16,0,0.6964619149892031,16.361580008192448,11.21115781323521,29.94008518417399,1545283475776551.5,9.31905174341905,746.276292561207,1589.16452792141,0.00162118290886,0.0252298475268544,0.232166162067419,16.3614619774949,9.20204380229819,9.201894622755276,0.0016211829088614,0.6124080105581974,494504869133033.6,5.262081220743153,451538383303701.8,0.012041863267122989,6.990241645899434e-06,3.16,35.8,2023-02-06 17:01:00,1.621182908861458e-05,0.13376833626531753,0.0,119,213.04435177057286,1.621182908861458e-05,37.769394,-16.632648,0.13376833626531753,0.0,0.0,0.33195184963648794,950.9229276276149,12665.461696922817,-0.9662823173440079,-0.25748491837056026,1.4987614355280658,230.26408135315026,0.08211435799319727,0.5995363810998438,0.0,221.15777996577333,,,,,,,,,,,,,,0.0,0 days 00:00:00,,,,,,,,,,,,,,,,,,,,,0.0,,,,,,,,,,,,,,,,,,0.0,0.0,1.6616585e-05,1.7186572e-06,114669.72,0.14342198,-279.94186,0.0,0.0,1.0,-4.015944796492184e-13,1.9069826e-12,3.4341733e-16,0.0,0.0,0.0,7.480000000000001e-16,2.066146343671354e-14,1.5053881612109378e-12,916.1554443929791,5.050360225932181e-13,6.585198167466205e-14,0.0,1.6616585e-05,1.7186572e-06,114669.72,0.14342198,-279.94186,0.0,0.0,0.0,-4.015944796492184e-13,1.9069826e-12,3.4341733e-16,0.0,0.0,0.0,7.480000000000001e-16,2.066146343671354e-14,1.5053881612109378e-12,916.1554443929791,5.050360225932181e-13,6.585198167466205e-14,0.0
120,120,122,,,31.073681056751106,-78.58074265811001,219.8392590693333,11388.359107806691,0.6809631091605433,34610D,223.7591,37.363163,-16.252256,208.95593735283228,63243.49501939191,0.34199560446696337,0.465342061578496,28.736843055672704,32.773253462538,17.283168410526155,1.5240124354009162e-05,21287.312365861842,0.1229478778199076,0.2394736921306058,0.6005577348029582,cruise,0,GTF,0,43031,1.237,3.16,3.16,0,0.6968215458677538,16.38667201122418,11.223844581233852,30.13507847358205,1542353982430330.8,9.32906097337874,747.170422294054,1591.25429579903,0.0015240124354,0.0252761875417811,0.232671030789248,16.386626731269,9.20514735082761,9.205007065375254,0.0015240124354009,0.6153220434362507,495905473625671.3,5.260651086832491,451255559792271.75,0.012063586922702214,7.030749697669777e-06,3.16,35.8,2023-02-06 17:02:00,1.5240124354009162e-05,0.12294789541021853,0.0,120,212.87312365861845,1.5240124354009162e-05,37.363163,-16.252256,0.12294789541021853,0.0,0.0,0.33142294736190864,953.3802096681133,12666.43369410243,-0.9662082474394764,-0.2577627253501468,1.4977704775059966,230.25725196545397,0.07560304534352921,0.6270144905411199,0.0,221.1285913405799,,,,,,,,,,,,,,0.0,0 days 00:00:00,,,,,,,,,,,,,,,,,,,,,0.0,,,,,,,,,,,,,,,,,,0.0,0.0,1.591515e-05,1.6323987e-06,114769.414,0.13442598,-279.83743,0.0,0.0,1.0,-4.010752917579126e-13,1.9090955e-12,3.3676823e-16,0.0,0.0,0.0,7.480000000000001e-16,2.068902990770903e-14,1.5080201282319465e-12,918.0844291832497,5.07933849718483e-13,6.599518344671158e-14,0.0,1.591515e-05,1.6323987e-06,114769.414,0.13442598,-279.83743,0.0,0.0,0.0,-4.010752917579126e-13,1.9090955e-12,3.3676823e-16,0.0,0.0,0.0,7.480000000000001e-16,2.068902990770903e-14,1.5080201282319465e-12,918.0844291832497,5.07933849718483e-13,6.599518344671158e-14,0.0
121,121,123,,,30.963617808546463,-78.6149833407257,220.21080227888888,11393.457992565056,0.6827050941048329,34610D,223.90453,36.96466,-15.812398,209.204167426991,63214.75817633624,0.3421985816487136,0.466856777633292,28.846016245561515,32.860410196781,17.292381989494707,1.4311101418006631e-05,21270.20331662069,0.1133193881706467,0.2403834687130126,0.604916932986318,cruise,0,GTF,0,43031,1.237,3.16,3.16,0,0.6974227817291446,16.430242617909546,11.243656239726638,30.387722218000405,1538558374025114.8,9.34833086422722,748.118827320002,1593.49354163636,0.0014311101418,0.0253261486717349,0.233428388816646,16.4302050983905,9.21689246328885,9.216760561293713,0.0014311101418006,0.6184170057386479,498100429902600.4,5.262096381706471,451112101994727.7,0.01208956202584757,7.083691974687971e-06,3.16,35.8,2023-02-06 17:03:00,1.4311101418006633e-05,0.11331927718499063,0.0,121,212.70203316620697,1.4311101418006633e-05,36.96466,-15.812398,0.11331927718499063,0.0,0.0,0.3309414838228632,955.8188412032156,12667.403636472944,-0.9661343462061504,-0.25803958045387987,1.4970272832935927,230.2521274622237,0.06978160359699209,0.6485339675737575,0.0,221.1034996320186,,,,,,,,,,,,,,0.0,0 days 00:00:00,,,,,,,,,,,,,,,,,,,,,0.0,,,,,,,,,,,,,,,,,,0.0,0.0,1.5222376e-05,1.5545143e-06,114868.586,0.12594838,-280.04724,0.0,0.0,0.9999999999999999,-4.0055732511280406e-13,1.9112433e-12,3.3076465e-16,0.0,0.0,0.0,7.48e-16,2.071768115544889e-14,1.5106858857446805e-12,920.0108666977443,5.115871859326374e-13,6.621000168937558e-14,0.0,1.5222376e-05,1.5545143e-06,114868.586,0.12594838,-280.04724,0.0,0.0,0.0,-4.0055732511280406e-13,1.9112433e-12,3.3076465e-16,0.0,0.0,0.0,7.48e-16,2.071768115544889e-14,1.5106858857446805e-12,920.0108666977443,5.115871859326374e-13,6.621000168937558e-14,0.0
122,122,124,,,30.853554560341824,-78.6492240233414,220.58234548844445,11398.55687732342,0.6844337042251354,34610D,223.99774,36.57222,-15.272102,209.54655647034923,63185.91216009067,0.3423877553955749,0.467323973876948,28.878480227791098,32.8577027457858,17.298892761536,1.3482404703979409e-05,21253.10801827308,0.1054593369443325,0.2406540018982591,0.6072132084119327,cruise,0,GTF,0,43031,1.237,3.16,3.16,0,0.6984188246209158,16.428886217187024,11.25051549507702,30.48559704043401,1537087945776264.8,9.35226113581472,748.663083696405,1594.67520142542,0.0013482404704,0.0253513038734149,0.233661986938474,16.4288513728929,9.21696130917777,9.216837044050653,0.0013482404703979,0.620193096039438,498673865763856.6,5.268244056758572,451196403081861.9,0.0121018051212368,7.104261440431697e-06,3.16,35.8,2023-02-06 17:04:00,1.3482404703979409e-05,0.10545939634293237,0.0,122,212.5310801827308,1.3482404703979409e-05,36.57222,-15.272102,0.10545939634293237,0.0,0.0,0.3305378985915166,958.2387461960697,12668.371510192306,-0.9660606146238527,-0.2583154832227129,1.496253322436943,230.24678841690945,0.06500087361208777,0.6621244886486792,0.0,221.0819337438197,,,,,,,,,,,,,,0.0,0 days 00:00:00,,,,,,,,,,,,,,,,,,,,,0.0,,,,,,,,,,,,,,,,,,0.0,0.0,1.4546319e-05,1.4963159e-06,114967.305,0.11813771,-280.8612,0.0,0.0,0.9999999999999999,-4.000398925828644e-13,1.9134841e-12,3.2627852e-16,0.0,0.0,0.0,7.48e-16,2.0749054169155226e-14,1.513444280336529e-12,921.9321454803566,5.135537477636308e-13,6.627625983440787e-14,0.0,1.4546319e-05,1.4963159e-06,114967.305,0.11813771,-280.8612,0.0,0.0,0.0,-4.000398925828644e-13,1.9134841e-12,3.2627852e-16,0.0,0.0,0.0,7.48e-16,2.0749054169155226e-14,1.513444280336529e-12,921.9321454803566,5.135537477636308e-13,6.627625983440787e-14,0.0
123,123,125,,,30.74349131213718,-78.68346470595709,220.953888698,11403.655762081784,0.6861488856052103,34610D,224.07318,36.18118,-14.72204,209.8996211912278,63157.033679862885,0.3426914138832517,0.468707298137834,28.981106719309,32.928710445883,17.300841515971456,1.2716141234491824e-05,21236.02645976712,0.0984713132570328,0.2415092226609082,0.6108228501239529,cruise,0,GTF,0,43031,1.237,3.16,3.16,0,0.6994777694006594,16.464392573922403,11.269593772018856,30.70149131343253,1533844445252957.8,9.37169295793896,749.399972078653,1596.37661433746,0.00127161412345,0.0253888498966424,0.234353649068917,16.4643552229415,9.23057365823844,9.230456282452694,0.0012716141234491,0.6226011591600566,500603942223378.5,5.2751477291486495,451317499694610.56,0.012124104516886704,7.1485124829650505e-06,3.16,35.8,2023-02-06 17:05:00,1.2716141234491824e-05,0.09847131707650723,0.0,123,212.36026459767126,1.2716141234491824e-05,36.18118,-14.72204,0.09847131707650723,0.0,0.0,0.3301610438630396,960.6398491748935,12669.337301448611,-0.9659870536693155,-0.2585904332013753,1.4957404367177711,230.2432490073242,0.06073860493783914,0.6727545660691281,0.0,221.06387919830246,,,,,,,,,,,,,,0.0,0 days 00:00:00,,,,,,,,,,,,,,,,,,,,,0.0,,,,,,,,,,,,,,,,,,0.0,0.0,1.3892741e-05,1.4423618e-06,115065.51,0.110746644,-281.62054,0.0,0.0,1.0,-3.9952393237710123e-13,1.9157126e-12,3.2211956e-16,0.0,0.0,0.0,7.479999999999999e-16,2.0780572288724523e-14,1.5161886714089457e-12,923.8529663982716,5.169587436460996e-13,6.647244398774613e-14,0.0,1.3892741e-05,1.4423618e-06,115065.51,0.110746644,-281.62054,0.0,0.0,0.0,-3.9952393237710123e-13,1.9157126e-12,3.2211956e-16,0.0,0.0,0.0,7.479999999999999e-16,2.0780572288724523e-14,1.5161886714089457e-12,923.8529663982716,5.169587436460996e-13,6.647244398774613e-14,0.0
124,124,126,,,30.63342806393254,-78.71770538857278,221.32543190755555,11408.754646840149,0.6878505847340998,34610D,224.04822,35.79055,-14.084015,210.33354697670336,63128.05257314358,0.3429995438786944,0.468930027377174,29.00043656553052,32.9059534363156,17.298561685368043,1.2292144086412108e-05,21218.95863005983,0.0954026897016625,0.2416703047127543,0.6117174459254493,cruise,0,GTF,0,43031,1.237,3.16,3.16,0,0.7009628657944713,16.45298578968963,11.274496797785972,30.738377431679474,1533290284449268.8,9.37533541957967,749.568770216206,1596.64974158512,0.00122921440864,0.0253934663397536,0.234465013688587,16.4529767181578,9.23328113427078,9.233167638843788,0.0012292144086412,0.623170871992178,500611963730914.06,5.287150901979784,451685542536695.3,0.012130516339081548,7.152567253851634e-06,3.16,35.8,2023-02-06 17:06:00,1.2292144086412108e-05,0.09540271465747645,0.0,124,212.18958630059834,1.2292144086412108e-05,35.79055,-14.084015,0.09540271465747645,0.0,0.0,0.32993243855887733,963.0220752353927,12670.300996465148,-0.9659136643162939,-0.2588644299378919,1.4952386637737651,230.23978524496908,0.05883144817587185,0.6698505117908462,0.0,221.0540983983755,,,,,,,,,,,,,,0.0,0 days 00:00:00,,,,,,,,,,,,,,,,,,,,,0.0,,,,,,,,,,,,,,,,,,0.0,0.0,1.3371406e-05,1.412136e-06,115163.4,0.10581236,-282.89594,0.0,0.0,0.9999999999999999,-3.9900764517032817e-13,1.9180686e-12,3.1978967e-16,0.0,0.0,0.0,7.480000000000001e-16,2.0815581881970893e-14,1.5190609402731496e-12,925.766502594847,5.18458235562884e-13,6.650403162665273e-14,0.0,1.3371406e-05,1.412136e-06,115163.4,0.10581236,-282.89594,0.0,0.0,0.0,-3.9900764517032817e-13,1.9180686e-12,3.1978967e-16,0.0,0.0,0.0,7.480000000000001e-16,2.0815581881970893e-14,1.5190609402731496e-12,925.766502594847,5.18458235562884e-13,6.650403162665273e-14,0.0
125,125,127,,,30.523364815727906,-78.75194607118848,221.6969751171111,11413.853531598514,0.6895387485078737,34610D,224.01413,35.39633,-13.452891,210.7611632272646,63099.05213657805,0.3432514574557165,0.468570483305804,28.97626744049082,32.8381112209086,17.29284855948619,1.191996832629444e-05,21201.90451811708,0.0928266183498557,0.2414688953374235,0.6115994009454504,cruise,0,GTF,0,43031,1.237,3.16,3.16,0,0.7024413882171028,16.4190369301512,11.27181327670624,30.69677146653429,1533915354155133.5,9.3698148708118,749.561894547351,1596.46314062489,0.00119199683263,0.0253872793647597,0.234285241652902,16.4190556104543,9.22845013389325,9.228340132371168,0.0011919968326294,0.6231476658310624,499929033882598.2,5.299099104676,452051123624047.0,0.012128259142120748,7.142649690436727e-06,3.16,35.8,2023-02-06 17:07:00,1.1919968326294437e-05,0.09282673426813175,0.0,125,212.01904518117087,1.1919968326294437e-05,35.39633,-13.452891,0.09282673426813175,0.0,0.0,0.3297174331681858,965.3853500431993,12671.262581498115,-0.9658404475357995,-0.25913747298267503,1.494609508081584,230.23544069662833,0.05722380806585111,0.6658056715394636,0.0,221.04455910870195,,,,,,,,,,,,,,0.0,0 days 00:00:00,,,,,,,,,,,,,,,,,,,,,0.0,,,,,,,,,,,,,,,,,,0.0,0.0,1.2874026e-05,1.3839209e-06,115260.78,0.101170614,-284.1274,0.0,0.0,1.0,-3.98492901751532e-13,1.9204005e-12,3.1761475e-16,0.0,0.0,0.0,7.479999999999999e-16,2.085041312620144e-14,1.5219075682900182e-12,927.6800387914217,5.189349516612698e-13,6.645304079881575e-14,0.0,1.2874026e-05,1.3839209e-06,115260.78,0.101170614,-284.1274,0.0,0.0,0.0,-3.98492901751532e-13,1.9204005e-12,3.1761475e-16,0.0,0.0,0.0,7.479999999999999e-16,2.085041312620144e-14,1.5219075682900182e-12,927.6800387914217,5.189349516612698e-13,6.645304079881575e-14,0.0
126,126,128,,,30.41330156752326,-78.78618675380417,222.06851832666663,11418.95241635688,0.6912133242313007,34610D,223.90024,34.981003,-12.868381,211.1390718671205,63070.07586913755,0.3435426697070387,0.46828418296053,28.961693659375484,32.7871000537888,17.28326855810869,1.189037882436489e-05,21184.86411291363,0.0938229649653812,0.2413474471614623,0.6108495232175887,cruise,0,GTF,0,43031,1.237,3.16,3.16,0,0.7038798217544961,16.3935251965425,11.270483191763574,30.654063444526283,1534556980678192.5,9.36762069952409,749.344718307505,1595.84578091156,0.00118903788244,0.0253722478745252,0.234142091480265,16.3935500268944,9.22827542274463,9.228165696358646,0.0011890378824364,0.6224174973950242,499622353286843.4,5.310589557541043,452394756717012.25,0.012121353296292646,7.133225966054438e-06,3.16,35.8,2023-02-06 17:08:00,1.1890378824364889e-05,0.09382293600215127,0.0,126,211.84864112913635,1.1890378824364889e-05,34.981003,-12.868381,0.09382293600215127,0.0,0.0,0.3296200131138198,967.7295998362174,12672.222042832516,-0.9657674042955956,-0.2594095618903584,1.4940707152576203,230.23171884731875,0.05777339762333393,0.6506219543472098,0.0,221.0430578045925,,,,,,,,,,,,,,0.0,0 days 00:00:00,,,,,,,,,,,,,,,,,,,,,0.0,,,,,,,,,,,,,,,,,,0.0,0.0,1.2624734e-05,1.3724433e-06,115356.875,0.09936864,-285.54276,0.0,0.0,1.0,-3.9798238458037313e-13,1.9226784e-12,3.1673002e-16,0.0,0.0,0.0,7.48e-16,2.0885779164016134e-14,1.5246960884075572e-12,929.5874473423767,5.192722747905943e-13,6.641243745480874e-14,0.0,1.2624734e-05,1.3724433e-06,115356.875,0.09936864,-285.54276,0.0,0.0,0.0,-3.9798238458037313e-13,1.9226784e-12,3.1673002e-16,0.0,0.0,0.0,7.48e-16,2.0885779164016134e-14,1.5246960884075572e-12,929.5874473423767,5.192722747905943e-13,6.641243745480874e-14,0.0
127,127,129,,,30.30323831931862,-78.82042743641986,222.44006153622223,11424.051301115242,0.6928742596195591,34610D,223.76599,34.552086,-12.31581,211.48373656919384,63041.11417547818,0.3436770027229921,0.466521630357158,28.837059116858363,32.6232121641682,17.272412558540058,1.1954935370268829e-05,21167.83740343311,0.0958225095817173,0.2403088259738197,0.6075570485818311,cruise,0,GTF,0,43031,1.237,3.16,3.16,0,0.7052403561199516,16.311528780346695,11.249834525371476,30.41478783252211,1538151752146518.8,9.34188862499992,748.682324567879,1594.08657552178,0.00119549353703,0.0253306506154963,0.233260815178579,16.3116060820841,9.20863892204486,9.208528834677786,0.0011954935370268,0.6202558854281991,496880482483769.25,5.321164742437549,452694310299722.4,0.012098500537560106,7.07914802668056e-06,3.16,35.8,2023-02-06 17:09:00,1.1954935370268829e-05,0.09582260137795681,0.0,127,211.67837403433114,1.1954935370268829e-05,34.552086,-12.31581,0.09582260137795681,0.0,0.0,0.32955268968687895,970.0547514270116,12673.179366795039,-0.9656945355605837,-0.2596806962183144,1.4931755365351238,230.22553253877257,0.05892715437454931,0.6323546146096196,0.0,221.04139624944932,,,,,,,,,,,,,,0.0,0 days 00:00:00,,,,,,,,,,,,,,,,,,,,,0.0,,,,,,,,,,,,,,,,,,0.0,0.0,1.2452893e-05,1.3650439e-06,115452.1,0.098352924,-286.9835,0.0,0.0,1.0,-3.9747480245668327e-13,1.9249147e-12,3.1615965e-16,0.0,0.0,0.0,7.480000000000001e-16,2.0920878124211224e-14,1.5274398833604158e-12,931.4932045219438,5.172716890679743e-13,6.616247083455645e-14,0.0,1.2452893e-05,1.3650439e-06,115452.1,0.098352924,-286.9835,0.0,0.0,0.0,-3.9747480245668327e-13,1.9249147e-12,3.1615965e-16,0.0,0.0,0.0,7.480000000000001e-16,2.0920878124211224e-14,1.5274398833604158e-12,931.4932045219438,5.172716890679743e-13,6.616247083455645e-14,0.0
128,128,130,,,30.193175071113977,-78.85466811903557,222.81160474577777,11429.150185873606,0.6945215027999443,34610D,223.61905,34.089607,-11.904815,211.68726799094244,63012.27711636132,0.3438683035846577,0.724647210242392,47.53211002813423,50.6530349093014,17.26082017957004,1.20819670129075e-05,21150.82437866796,0.09852632646322,0.3961009169011185,1.0,cruise,0,GTF,0,43031,1.237,3.16,3.16,0,0.7061509090161243,25.326569052969425,15.855363210224738,36.28235539,1450000000000000.0,12.9978849788052,812.733324464374,1782.21391883205,0.00120819670129,0.0301189503886986,0.362323605121196,25.3265174546507,12.0297553681402,12.02961002678868,0.0012081967012907,0.8874215837086392,785426517975271.2,5.326339870094139,452732830173964.94,0.01564744147080032,1.4473627349672604e-05,3.16,35.8,2023-02-06 17:10:00,1.20819670129075e-05,0.09852626992121126,0.0,128,211.5082437866796,1.20819670129075e-05,34.089607,-11.904815,0.09852626992121126,0.0,0.0,0.32950419634882044,972.3607322051987,12674.134539737406,-0.9656218422927434,-0.2599508755268351,1.4924106025992074,230.22024370582707,0.06050263232894246,0.6113895839622591,0.0,221.04202137019809,,,,,,,,,,,,,,0.0,0 days 00:00:00,,,,,,,,,,,,,,,,,,,,,0.0,,,,,,,,,,,,,,,,,,0.0,0.0,1.2378539e-05,1.3508097e-06,115544.86,0.09855597,-288.2571,0.0,0.0,1.0000000000000002,-3.9697707755831597e-13,1.926937e-12,3.1506243e-16,0.0,0.0,0.0,7.48e-16,2.0952539210755385e-14,1.5299597523634666e-12,933.3949267137469,1.0408813257141132e-12,1.0277004707434423e-13,0.0,1.2378539e-05,1.3508097e-06,115544.86,0.09855597,-288.2571,0.0,0.0,0.0,-3.9697707755831597e-13,1.926937e-12,3.1506243e-16,0.0,0.0,0.0,7.48e-16,2.0952539210755385e-14,1.5299597523634666e-12,933.3949267137469,1.0408813257141132e-12,1.0277004707434423e-13,0.0
129,129,131,,,30.083111822909338,-78.88890880165125,223.1831479553333,11434.249070631971,0.696155002313473,34610D,223.46571,33.59226,-11.628437,229.0687906443858,62964.74500633319,0.35880454216392005,0.522922822073622,33.074620292602354,35.246097989236,17.249825151556827,1.22418637892782e-05,21133.8250276195,0.1016501593002879,0.2756218357716863,0.7065849700923705,cruise,0,GTF,0,43031,1.237,3.16,3.16,0,0.7643947265425585,17.623029114283668,12.050878421869982,36.28235539,1450000000000000.0,10.3077644153087,764.56664183585,1627.70890455058,0.00122418637893,0.0260397145038467,0.261461411036811,17.623048994618,10.0408708781422,10.040747960673324,0.0012241863789278,0.6791395523757163,562955280245641.4,6.065330726571945,488243527272279.6,0.01289956822297439,8.434130232750412e-06,3.16,35.8,2023-02-06 17:11:00,1.2241863789278202e-05,0.10165017871479423,0.0,129,211.338250276195,1.2241863789278202e-05,33.59226,-11.628437,0.10165017871479423,0.0,0.0,0.32946528792913893,974.6474701396965,12675.087548050758,-0.9655493254509119,-0.26022009937990825,1.525948142521713,230.4498996633923,0.062327251202596703,0.5531045124538095,0.0,221.25836558472778,,,,,,,,,,,,,,0.0,0 days 00:00:00,,,,,,,,,,,,,,,,,,,,,0.0,,,,,,,,,,,,,,,,,,0.0,0.0,1.2378812e-05,1.3307424e-06,115635.41,0.0998495,-289.36597,0.0,0.0,1.0,-3.9648813614098824e-13,1.928754e-12,3.1351556e-16,0.0,0.0,0.0,7.479999999999999e-16,2.0980973553195946e-14,1.53226599910517e-12,935.2928685934364,6.201520521064824e-13,7.416133296473872e-14,0.0,1.2378812e-05,1.3307424e-06,115635.41,0.0998495,-289.36597,0.0,0.0,0.0,-3.9648813614098824e-13,1.928754e-12,3.1351556e-16,0.0,0.0,0.0,7.479999999999999e-16,2.0980973553195946e-14,1.53226599910517e-12,935.2928685934364,6.201520521064824e-13,7.416133296473872e-14,0.0
130,130,132,,,29.97304857470469,-78.92314948426694,223.55469116488888,11439.347955390334,0.697774707116601,34610D,223.33429,33.06326,-11.43009,231.19616996232725,62931.67038604058,0.36013442633665843,0.523707372271386,33.121421723880026,35.1037998747646,17.241834551485596,1.2348987737785112e-05,21116.83933929789,0.1041298364009128,0.2760118476990002,0.7081647346360288,cruise,0,GTF,0,43031,1.237,3.16,3.16,0,0.7717206837664022,17.55171833780432,12.06963605617625,36.28235538999999,1450000000000000.0,10.3301425033692,764.872255028265,1627.37402269477,0.00123489877378,0.0260196308045524,0.261853686135693,17.5518999373823,10.0636972177899,10.06357294285103,0.0012348987737785,0.6803283514179828,562465244181607.5,6.158849550742911,492548568711472.7,0.012918726939500235,8.434227830560337e-06,3.16,35.8,2023-02-06 17:12:00,1.234898773778511e-05,0.10412992214163723,0.0,130,211.1683933929789,1.234898773778511e-05,33.06326,-11.43009,0.10412992214163723,0.0,0.0,0.3293942063861761,976.9148937811214,12676.038378156307,-0.9654769859909048,-0.26048836734472103,1.5278907998626319,230.46306486912727,0.0637655816381117,0.5287955137556694,0.0,221.275413608597,,,,,,,,,,,,,,0.0,0 days 00:00:00,,,,,,,,,,,,,,,,,,,,,0.0,,,,,,,,,,,,,,,,,,0.0,0.0,1.2376797e-05,1.3130202e-06,115724.445,0.10126015,-290.35904,0.0,0.0,0.9999999999999999,-3.9600504367878407e-13,1.9304074e-12,3.1214948e-16,0.0,0.0,0.0,7.48e-16,2.100738171562347e-14,1.5344024797107534e-12,937.1888878755365,6.228722006402799e-13,7.427259850142579e-14,0.0,1.2376797e-05,1.3130202e-06,115724.445,0.10126015,-290.35904,0.0,0.0,0.0,-3.9600504367878407e-13,1.9304074e-12,3.1214948e-16,0.0,0.0,0.0,7.48e-16,2.100738171562347e-14,1.5344024797107534e-12,937.1888878755365,6.228722006402799e-13,7.427259850142579e-14,0.0
131,131,133,,,29.862985326500056,-78.95739016688265,223.92623437444445,11444.4468401487,0.6993805665828188,34610D,223.25873,32.46753,-11.417074,233.03326150040309,62898.5489643167,0.35923291361912457,0.50117139332941,31.379081414062245,33.2449680301022,17.23647724411933,1.2324223328925198e-05,21099.8673027221,0.1048097572837793,0.2614923451171854,0.6718920340272362,cruise,0,GTF,0,43031,1.237,3.16,3.16,0,0.7779844335384797,16.62204297911809,11.791443981351897,33.231622918018864,1495832861761035.0,9.9814197169606,759.954991796018,1612.13040958403,0.00123242233289,0.0256334791129809,0.250585696664705,16.6224840150511,9.77571930677982,9.775598830116664,0.0012324223328925,0.6613772886871626,530095396776124.9,6.238858864940699,496200606854920.5,0.012645431869686799,7.83336535338336e-06,3.16,35.8,2023-02-06 17:13:00,1.2324223328925198e-05,0.10480977217391287,0.0,131,210.9986730272211,1.2324223328925198e-05,32.46753,-11.417074,0.10480977217391287,0.0,0.0,0.3292408565527263,979.1629322640296,12676.987016513283,-0.9654048248657561,-0.2607556789907337,1.5245148665472146,230.44017695757546,0.06413442055923117,0.5193859478436652,0.0,221.25577169081532,,,,,,,,,,,,,,0.0,0 days 00:00:00,,,,,,,,,,,,,,,,,,,,,0.0,,,,,,,,,,,,,,,,,,0.0,0.0,1.2373013e-05,1.2987923e-06,115809.91,0.10294415,-291.0867,0.0,0.0,1.0,-3.9553675542372573e-13,1.9316476e-12,3.1105273e-16,0.0,0.0,0.0,7.48e-16,2.1028494030685928e-14,1.5361108683547998e-12,939.0789783212712,5.84108803739633e-13,7.107652793909159e-14,0.0,1.2373013e-05,1.2987923e-06,115809.91,0.10294415,-291.0867,0.0,0.0,0.0,-3.9553675542372573e-13,1.9316476e-12,3.1105273e-16,0.0,0.0,0.0,7.48e-16,2.1028494030685928e-14,1.5361108683547998e-12,939.0789783212712,5.84108803739633e-13,7.107652793909159e-14,0.0
132,132,134,adbb36,,29.752922078295413,-78.99163084949834,224.297777584,11449.545724907064,0.7009725305043393,34610D,223.19553,31.858519,-11.413493,232.93570723814832,62867.16988290264,0.3599030656194517,0.508639767317564,31.94861309975413,33.8174790012228,11.20343833740535,1.2258446559022154e-05,21082.90890691997,0.1049822060133106,0.2662384424979511,0.6838550681029493,cruise,0,GTF,0,43031,1.237,3.16,3.16,0,0.7777688140947843,16.908776628010877,11.88538440360176,34.23199137160932,1480803766465197.0,10.0991709058596,761.606236940289,1617.06038344459,0.0012258446559,0.0257564415538386,0.254319883658782,16.9087395006114,9.87403027422008,9.873909235431393,0.0012258446559022,0.6676854295885674,541022515502051.4,6.229091219333118,495517469984121.0,0.012733004579913082,8.034982762897952e-06,3.16,35.8,2023-02-06 17:14:00,1.2258446559022154e-05,0.10498221755808905,0.0,132,210.82908906919974,1.2258446559022154e-05,31.858519,-11.413493,0.10498221755808905,0.0,0.0,0.3290693917719895,981.39151530927,20045.768057982215,-0.9786376967383954,-0.20559245735816395,1.5248843102023173,230.44268387379924,0.06420019559648177,0.5078265532947118,0.0,221.2582932818422,,,,,,,,,,,,,,0.0,0 days 00:00:00,,,,,,,,,,,,,,,,,,,,,0.0,,,,,,,,,,,,,,,,,,0.0,0.0,1.2356474e-05,1.2839829e-06,115895.02,0.10454178,-291.7013,0.0,0.0,1.0,-3.9506928784154536e-13,1.9328538e-12,3.099112e-16,0.0,0.0,0.0,7.479999999999999e-16,2.1049109342428447e-14,1.537784473705279e-12,940.9690687670056,5.975688207557621e-13,7.213569871279077e-14,0.0,1.2356474e-05,1.2839829e-06,115895.02,0.10454178,-291.7013,0.0,0.0,0.0,-3.9506928784154536e-13,1.9328538e-12,3.099112e-16,0.0,0.0,0.0,7.479999999999999e-16,2.1049109342428447e-14,1.537784473705279e-12,940.9690687670056,5.975688207557621e-13,7.213569871279077e-14,0.0
133,133,135,adbb36,NKS2975,29.576496780063,-79.03424564452811,224.297777584,11452.86,0.7033630246207736,34610D,223.2479,30.864338,-11.395235,233.4856446171257,62835.22126980289,0.3618007899280908,0.528106415891462,33.45761855745395,35.2137445327132,0.0,1.2041536862400524e-05,21071.89325931987,0.1024067901068922,0.2788134879787829,0.7175583530071461,cruise,0,GTF,0,43031,1.237,3.16,3.16,0,0.7795136220084271,17.606948119166546,12.135462116378436,36.28235538999999,1450000000000000.0,10.4042266759399,766.309175045041,1630.20863435686,0.00120415368624,0.0260770192257692,0.264053207945731,17.6068722663566,10.125896892571,10.125774962678529,0.00120415368624,0.685923385787722,566520685330459.1,6.248990232513329,496340973058916.06,0.012993067375383823,8.52987759257394e-06,3.16,35.8,2023-02-06 17:15:00,1.2041536862400525e-05,0.10240667883073674,0.0,133,210.71893259319876,1.2041536862400525e-05,30.864338,-11.395235,0.10240667883073674,0.0,0.0,0.3288203021911643,984.7380734320095,13586.149747021998,-0.9873940526027156,-0.15828134724213638,1.5286192520437825,230.46799769526336,0.0626572916501116,0.5129234333321562,0.0,221.27606192918984,,,,,,,,,,,,,,0.0,0 days 00:00:00,,,,,,,,,,,,,,,,,,,,,0.0,,,,,,,,,,,,,,,,,,0.0,0.0,1.2375645e-05,1.2614446e-06,115978.32,0.10670951,-292.30893,0.0,0.0,1.0,-3.945574914993263e-13,1.9333274e-12,3.0817385e-16,0.0,0.0,0.0,7.479999999999999e-16,2.106018176089159e-14,1.5387698386649823e-12,943.986345500849,6.335166737341399e-13,7.489647438685985e-14,0.0,1.2375645e-05,1.2614446e-06,115978.32,0.10670951,-292.30893,0.0,0.0,0.0,-3.945574914993263e-13,1.9333274e-12,3.0817385e-16,0.0,0.0,0.0,7.479999999999999e-16,2.106018176089159e-14,1.5387698386649823e-12,943.986345500849,6.335166737341399e-13,7.489647438685985e-14,0.0
134,134,136,adbb36,NKS2975,29.455856323242188,-79.05645517202521,224.812222028,11452.86,0.7050674212998044,34610D,223.30334,30.20534,-11.2863455,235.469666770868,62801.76365124544,0.3628362903007682,0.528504057718912,33.460429767275315,35.0433417210924,-15.647430887783347,1.19138951077623e-05,21071.89325931987,0.1006304315418502,0.2788369147272942,0.7197653888400083,cruise,0,GTF,0,43031,1.237,3.16,3.16,0,0.7860398400090426,17.521568990340338,12.14715916096799,36.28235539,1450000000000000.0,10.4165410751605,766.929203527135,1630.45654320286,0.00119138951078,0.0260681958502803,0.264252028859456,17.5216708605462,10.1369511866935,10.13683041755918,0.0011913895107762,0.6883399729020663,565192799189898.2,6.340622588139471,500765086952337.0,0.013016001531265314,8.524682195728227e-06,3.16,35.8,2023-02-06 17:16:00,1.19138951077623e-05,0.1006305961886749,0.0,134,210.71893259319876,1.19138951077623e-05,30.20534,-11.2863455,0.1006305961886749,0.0,0.0,0.32873866526825274,987.1240646587389,13545.985969770096,-0.9874759027735779,-0.1577699003026469,1.5311033520877875,230.48480350440892,0.06160403836168957,0.5199051902723756,0.0,221.28775973545933,,,,,,,,,,,,,,0.0,0 days 00:00:00,,,,,,,,,,,,,,,,,,,,,0.0,,,,,,,,,,,,,,,,,,0.0,0.0,1.2440041e-05,1.2498756e-06,116011.484,0.10866478,-292.47794,0.0,0.0,1.0,-3.9431444177622327e-13,1.9332292e-12,3.0728209e-16,0.0,0.0,0.0,7.480000000000001e-16,2.106117506563623e-14,1.5389148451780012e-12,946.0462526470432,6.351726018804751e-13,7.495286826894228e-14,0.0,1.2440041e-05,1.2498756e-06,116011.484,0.10866478,-292.47794,0.0,0.0,0.0,-3.9431444177622327e-13,1.9332292e-12,3.0728209e-16,0.0,0.0,0.0,7.480000000000001e-16,2.106117506563623e-14,1.5389148451780012e-12,946.0462526470432,6.351726018804751e-13,7.495286826894228e-14,0.0
135,135,137,adbb36,NKS2975,29.335562569754465,-79.07850139743678,226.35555536,11448.233571428573,0.706751811751418,34610D,223.3811,29.584639,-11.023286,237.2577302085472,62768.30322147816,0.325591355562772,0.302711429413982,18.533198854337087,17.87568743521056,15.652949250907673,1.187378489403558e-05,21087.271699148772,0.0994072493838088,0.1544433237861424,0.3996380381934832,cruise,0,GTF,0,43031,1.237,3.16,3.16,0,0.7918708497463469,8.937837429318689,9.339852019741665,15.40360457887816,1085779997846309.8,6.67577824957744,700.125951500722,1448.55661352163,0.0011873784894,0.0218040203385212,0.151355714706991,8.93784371760528,6.94164252083321,6.941560098241775,0.0011873784894035,0.4585033095067372,269389257686397.3,6.429859064034582,505264671307694.9,0.009875111932941077,2.933892060647518e-06,3.16,35.8,2023-02-06 17:17:00,1.1873784894035579e-05,0.09940744659438978,0.0,135,210.87271699148775,1.1873784894035579e-05,29.584639,-11.023286,0.09940744659438978,0.0,0.0,0.32886406245701766,989.4820451846624,13548.772767638995,-0.987399215513932,-0.158249136498345,1.4476021922779878,229.90615762663467,0.060901615706925545,0.6199195326318764,0.0,220.75609328563874,,,,,,,,,,,,,,0.0,0 days 00:00:00,,,,,,,,,,,,,,,,,,,,,0.0,,,,,,,,,,,,,,,,,,0.0,0.0,1.26081e-05,1.2428585e-06,115997.26,0.1115638,-292.3185,0.0,0.0,0.9999999999999999,-3.9428594661254925e-13,1.9322562e-12,3.0674118e-16,0.0,0.0,0.0,7.480000000000001e-16,2.1048354387050213e-14,1.537970246437796e-12,948.0947488780924,2.758481209273724e-13,4.2930777088634466e-14,0.0,1.26081e-05,1.2428585e-06,115997.26,0.1115638,-292.3185,0.0,0.0,0.0,-3.9428594661254925e-13,1.9322562e-12,3.0674118e-16,0.0,0.0,0.0,7.480000000000001e-16,2.1048354387050213e-14,1.537970246437796e-12,948.0947488780924,2.758481209273724e-13,4.2930777088634466e-14,0.0
136,136,138,adbb36,NKS2975,29.2152534096928,-79.10059311810664,226.35555536,11452.86,0.7084204171293002,34610D,223.46088,28.95113,-10.765215,221.9801686258248,62749.77002262382,0.35144526285762473,0.482311829725408,30.012972485285665,32.8588885755608,22.92464316667354,1.161590189841957e-05,21071.89325931987,0.0962271572031609,0.2501081040440472,0.6384485696333421,cruise,0,GTF,0,43031,1.237,3.16,3.16,0,0.7407482332038636,16.429282759516134,11.500953633182847,31.84600766753568,1516649735352096.2,9.62954266677828,754.207619539494,1603.23327894586,0.00116159018984,0.0254892040071411,0.241155914862704,16.4294442877804,9.46110026798566,9.46099037004966,0.0011615901898419,0.6396736481661356,512007947959695.3,5.729274704452984,471234046993198.4,0.01235299404092773,7.428245445494798e-06,3.16,35.8,2023-02-06 17:18:00,1.1615901898419571e-05,0.09622708167808842,0.0,136,210.71893259319876,1.1615901898419571e-05,28.95113,-10.765215,0.09622708167808842,0.0,0.0,0.32850690439213714,991.8179248198669,13716.491571743714,-0.9875415743811277,-0.15735831363116407,1.504211109916892,230.30156747955508,0.05899926405579056,0.5749571748841175,0.0,221.11117544303238,,,,,,,,,,,,,,0.0,0 days 00:00:00,,,,,,,,,,,,,,,,,,,,,0.0,,,,,,,,,,,,,,,,,,0.0,0.0,1.2576705e-05,1.2376281e-06,116075.664,0.1125809,-292.04633,0.0,0.0,0.9999999999999998,-3.938376787227242e-13,1.9333138e-12,3.0633802e-16,0.0,0.0,0.0,7.479999999999998e-16,2.1067526380206817e-14,1.5394760283121563e-12,950.1409948604672,5.503314433955823e-13,6.840184954112113e-14,0.0,1.2576705e-05,1.2376281e-06,116075.664,0.1125809,-292.04633,0.0,0.0,0.0,-3.938376787227242e-13,1.9333138e-12,3.0633802e-16,0.0,0.0,0.0,7.479999999999998e-16,2.1067526380206817e-14,1.5394760283121563e-12,950.1409948604672,5.503314433955823e-13,6.840184954112113e-14,0.0
137,137,139,adbb36,NKS2975,29.093437410343835,-79.12280604850112,227.384444248,11459.633333333337,0.7100914156319786,34610D,223.53526,28.356989,-10.379299,222.25184961139232,62719.75705013853,0.35966542499783055,0.308457215859402,20.39529077672976,21.4797726270798,-873.4621829117558,1.1366445144748608e-05,21049.398646318197,0.0932025857587157,0.169960756472748,0.4349714797019037,descent,0,GTF,0,43031,1.237,3.16,3.16,0,0.7415314408338289,10.73986825534555,9.679965712977532,18.49721316524019,1231799111889537.2,7.32025675481825,690.153634320911,1376.49820613689,0.00113664451447,0.0197419591897654,0.154228607929701,10.7398863135399,7.81222402737293,7.812135231166362,0.0011366445144748,0.4285255741913298,245422265539384.2,3.8232354401057744,2833115492796330.0,0.009980519765068568,2.4235516108987464e-06,3.16,35.8,2023-02-06 17:19:00,1.136644514474861e-05,0.09320265820124753,0.0,137,210.49398646318207,1.136644514474861e-05,28.356989,-10.379299,0.09320265820124753,0.0,0.0,0.3280470255629056,994.1571538049365,13563.924198355458,-0.9877065839466286,-0.15631923755085755,1.521894394914628,230.4223798718753,0.05718656613951896,0.5687213319096371,0.0,221.2153482710334,,,,,,,,,,,,,,0.0,0 days 00:00:00,,,,,,,,,,,,,,,,,,,,,0.0,,,,,,,,,,,,,,,,,,0.0,0.0,1.2519787e-05,1.2509424e-06,116175.42,0.11314221,-291.50455,0.0,0.0,0.9999999999999999,-3.932901295726918e-13,1.9350441e-12,3.0736433e-16,0.0,0.0,0.0,7.48e-16,2.1098167100793993e-14,1.5417540601779377e-12,952.2066047861215,2.847832516971523e-13,4.374564911895308e-14,0.0,1.2519787e-05,1.2509424e-06,116175.42,0.11314221,-291.50455,0.0,0.0,0.0,-3.932901295726918e-13,1.9350441e-12,3.0736433e-16,0.0,0.0,0.0,7.48e-16,2.1098167100793993e-14,1.5417540601779377e-12,952.2066047861215,2.847832516971523e-13,4.374564911895308e-14,0.0
138,138,140,adbb36,NKS2975,28.9729781069998,-79.14459746347833,225.841110916,11201.4,0.7117299867472285,34610D,223.1848,29.029612,-8.706306,223.7047458885893,62699.36175936181,0.3576341398110717,0.304123059129806,20.223746128511177,20.921583946497,-920.2638995621596,1.867502980017644e-05,21924.23908360054,0.1665368694293846,0.1685312177375931,0.4123069976373492,descent,0,GTF,0,43031,1.237,3.16,3.16,0,0.7469647362468933,10.46091362145468,9.673518436173534,17.159725947469536,1168669374196160.5,7.34677396027397,682.577920885206,1353.71906420884,0.00186750298002,0.0192189167901139,0.152061529564903,10.4607919732485,7.91207596273706,7.9119282072420125,0.0018675029800176,0.4066135271643412,233920962783034.9,4.045481966388255,2997805867400527.5,0.009892267851382731,2.1041911352000787e-06,3.16,35.8,2023-02-06 17:20:00,1.8675029800176432e-05,0.16653705529314686,0.0,138,219.24239083600543,1.8675029800176432e-05,29.029612,-8.706306,0.16653705529314686,0.0,0.0,0.3422176183795292,996.4509820015047,13399.663033308318,-0.9875069020277681,-0.15757575463097115,1.580143730795661,230.81172609002903,0.10183237144277832,0.441967567954052,0.0,221.72937856057686,,,,,,,,,,,,,,0.0,0 days 00:00:00,,,,,,,,,,,,,,,,,,,,,0.0,,,,,,,,,,,,,,,,,,0.0,0.0,1.8877849e-05,1.3637164e-06,113563.1,0.1771218,-290.9302,0.0,0.0,1.0,-4.050863483016806e-13,1.8811278e-12,3.1605732e-16,0.0,0.0,0.0,7.480000000000002e-16,2.0252595651414308e-14,1.4760414104718378e-12,954.247246743403,2.664372912487403e-13,4.3130975544236403e-14,0.0,1.8877849e-05,1.3637164e-06,113563.1,0.1771218,-290.9302,0.0,0.0,0.0,-4.050863483016806e-13,1.8811278e-12,3.1605732e-16,0.0,0.0,0.0,7.480000000000002e-16,2.0252595651414308e-14,1.4760414104718378e-12,954.247246743403,2.664372912487403e-13,4.3130975544236403e-14,0.0
139,139,141,adbb36,NKS2975,28.85400471906685,-79.16627258813682,222.754444252,10928.712857142857,0.71333433340154,34610D,223.0008,28.597229,-6.7183313,225.0777023230592,62679.13801323329,0.3739492539218053,0.391933839787022,26.084615804067266,28.0204044168346,-287.5928864080768,2.632677176374318e-05,22887.27069377425,0.2507208105269715,0.2173717983672272,0.5085692889781435,descent,0,GTF,0,43031,1.237,3.16,3.16,0,0.751859109920313,14.010192410004358,10.871944266458389,22.715465349682603,1430901690508741.0,9.06798346209514,707.30113638866,1417.00578362039,0.00263267717637,0.0205827940193083,0.195966919893511,14.0102022084173,9.52090953782457,9.520658889610942,0.0026326771763743,0.4809888636266685,342709589176028.9,4.259617470682427,3156485766736465.0,0.010980897694319779,3.954992387756289e-06,3.16,35.8,2023-02-06 17:21:00,2.632677176374318e-05,0.25072069108058,0.0,139,228.87270693774255,2.632677176374318e-05,28.597229,-6.7183313,0.25072069108058,0.0,0.0,0.35754444409800495,998.6968934666313,13556.131205316078,-0.9873175783992572,-0.15875767503912036,1.6925513341864311,231.52841206816845,0.15303216749148618,0.25958200833140965,0.0,222.5751510456172,,,,,,,,,,,,,,0.0,0 days 00:00:00,,,,,,,,,,,,,,,,,,,,,0.0,,,,,,,,,,,,,,,,,,0.0,0.0,2.5233117e-05,1.3254246e-06,110804.734,0.23511657,-290.0689,0.0,0.0,0.9999999999999999,-4.175868418332529e-13,1.826893e-12,3.1310565e-16,0.0,0.0,0.0,7.480000000000002e-16,1.9382085484887134e-14,1.4093061411880877e-12,956.256013408127,3.639210714752513e-13,5.5584370705667303e-14,0.0,2.5233117e-05,1.3254246e-06,110804.734,0.23511657,-290.0689,0.0,0.0,0.0,-4.175868418332529e-13,1.826893e-12,3.1310565e-16,0.0,0.0,0.0,7.480000000000002e-16,1.9382085484887134e-14,1.4093061411880877e-12,956.256013408127,3.639210714752513e-13,5.5584370705667303e-14,0.0
140,140,142,adbb36,NKS2975,28.733642578125,-79.18834392841046,227.898888692,10843.26,0.7149392342543115,34610D,223.00267,27.785149,-6.1595464,224.58058259260875,62653.05339742923,0.37876084230821233,0.432996947340182,28.93692854583748,31.4238319030344,0.0,2.861564971231076e-05,23196.700098968227,0.2761391283112508,0.2411410712153123,0.5563943830825623,descent,0,GTF,0,43031,1.237,3.16,3.16,0,0.7501953745335759,15.711832571655112,11.39404715098022,25.42900555552168,1558981480086532.5,9.84111020046048,717.538207057495,1443.71236386907,0.00286156497123,0.0211723496567313,0.216498473670091,15.7119159515172,10.2255289176778,10.225236315897158,0.002861564971231,0.5145366080488456,392975488703632.0,4.294958213896614,3182674163631080.0,0.011496396504137151,4.860985885457668e-06,3.16,35.8,2023-02-06 17:22:00,2.8615649712310753e-05,0.2761391310080457,0.0,140,231.9670009896824,2.8615649712310753e-05,27.785149,-6.1595464,0.2761391310080457,0.0,0.0,0.36237530478227686,1000.9435797516647,13630.968918432207,-0.9877216597897784,-0.15622395073139442,1.7287238498838358,231.75007900747565,0.1685498840172434,0.2104611531153573,0.0,222.83766217067966,,,,,,,,,,,,,,0.0,0 days 00:00:00,,,,,,,,,,,,,,,,,,,,,0.0,,,,,,,,,,,,,,,,,,0.0,0.0,2.7082173e-05,1.2525874e-06,109997.51,0.25026166,-289.22955,0.0,0.0,1.0,-4.2121818631576737e-13,1.8119363e-12,3.0749112e-16,0.0,0.0,0.0,7.479999999999999e-16,1.913482774252119e-14,1.3907182026318005e-12,958.2870346288197,4.1537175159880757e-13,6.140797346934247e-14,0.0,2.7082173e-05,1.2525874e-06,109997.51,0.25026166,-289.22955,0.0,0.0,0.0,-4.2121818631576737e-13,1.8119363e-12,3.0749112e-16,0.0,0.0,0.0,7.479999999999999e-16,1.913482774252119e-14,1.3907182026318005e-12,958.2870346288197,4.1537175159880757e-13,6.140797346934247e-14,0.0
141,141,143,adbb36,NKS2975,28.612564086914062,-79.21015812800482,226.869999804,10843.26,0.7165367476526694,34610D,222.90417,27.281399,-6.152185,223.52899375075145,62624.11646888339,0.3803880084277429,0.451667424564678,30.291857652415693,33.0744904782164,0.0,2.8898879327322823e-05,23196.700098968227,0.2822908126776106,0.2524321471034641,0.5808871761667357,descent,0,GTF,0,43031,1.237,3.16,3.16,0,0.7468476017152256,16.537642144930874,11.623651948327216,27.21064970843258,1586289312897393.0,10.1664192457067,722.17280326038,1457.31435201743,0.00288988793273,0.0214904452042384,0.225833712282339,16.5372452391082,10.5085636959163,10.50826001897807,0.0028898879327322,0.5298371400681552,416943679953479.25,4.290906966546195,3179672085466282.5,0.011730918145514352,5.296108214899214e-06,3.16,35.8,2023-02-06 17:23:00,2.889887932732283e-05,0.28229128297183986,0.0,141,231.9670009896824,2.889887932732283e-05,27.281399,-6.152185,0.28229128297183986,0.0,0.0,0.36253543623033835,1003.1799222263897,13384.374064334303,-0.9876649189113735,-0.15658227215042544,1.733264083572309,231.77761096306233,0.1721389667888554,0.1791866432682571,0.0,222.87677252262213,,,,,,,,,,,,,,0.0,0 days 00:00:00,,,,,,,,,,,,,,,,,,,,,0.0,,,,,,,,,,,,,,,,,,0.0,0.0,2.7281776e-05,1.2740509e-06,110025.53,0.25452211,-288.49625,0.0,0.0,0.9999999999999999,-4.2104113913918146e-13,1.8121302e-12,3.0914559e-16,0.0,0.0,0.0,7.479999999999999e-16,1.9141302909679945e-14,1.3910890249443892e-12,960.3225107268908,4.4223890731357455e-13,6.405583548570228e-14,0.0,2.7281776e-05,1.2740509e-06,110025.53,0.25452211,-288.49625,0.0,0.0,0.0,-4.2104113913918146e-13,1.8121302e-12,3.0914559e-16,0.0,0.0,0.0,7.479999999999999e-16,1.9141302909679945e-14,1.3910890249443892e-12,960.3225107268908,4.4223890731357455e-13,6.405583548570228e-14,0.0
142,142,144,adbb36,NKS2975,28.493682861328125,-79.23160259540265,222.754444252,10843.26,0.718091408453606,34610D,222.80678,26.786583,-6.1485696,224.1480461696593,62593.82461123097,0.3845675835832561,0.493295639306644,33.48088412389512,36.4188670228546,25.588543122142845,2.918235075501766e-05,23196.700098968227,0.2885187148179342,0.279007367699126,0.6414037873125724,descent,0,GTF,0,43031,1.237,3.16,3.16,0,0.7490795636001506,18.210420277275784,12.158029872143794,32.18602130949795,1511541520065423.5,10.8811736402923,732.92782849574,1487.23256908439,0.0029182350755,0.0221798078344625,0.246647819653322,18.2094335114273,11.1203767631425,11.120052253877214,0.0029182350755017,0.5666422186683988,469958064367342.9,4.293606219083523,3181672300808046.5,0.012261542383040579,6.300993587929049e-06,3.16,35.8,2023-02-06 17:24:00,2.9182350755017658e-05,0.28851858938457486,0.0,142,231.9670009896824,2.9182350755017658e-05,26.786583,-6.1485696,0.28851858938457486,0.0,0.0,0.36269390235122784,1005.3562683004935,13361.22354818986,-0.9874584713694331,-0.15787896414894095,1.7450355955884944,231.84869701878526,0.17576868928939185,0.1367291348203176,1.0,222.95600627239804,28.117254249628648,55.252564548818405,0.29350152792156764,222.86537,2.9773203304438596e-05,10815.633717725592,0.0,0.011476027642129055,0.007159305,110.50512909763681,,,,0.0,0 days 00:00:00,,,,,,,,,,,,,,,,,,,,,0.0,,,,,,,,,,,,,,,,,,13361.22354818986,0.0,2.7481601e-05,1.297584e-06,110052.8,0.25878987,-287.84946,0.0,0.0,1.0,-4.208684271050586e-13,1.8123123e-12,3.109596e-16,0.0,0.0,0.0,7.479999999999999e-16,1.914773052679483e-14,1.3914439170129522e-12,962.3205852289904,5.049743710079988e-13,6.995958220297969e-14,0.0,2.7481601e-05,1.297584e-06,110052.8,0.25878987,-287.84946,0.0,0.0,0.0,-4.208684271050586e-13,1.8123123e-12,3.109596e-16,0.0,0.0,0.0,7.479999999999999e-16,1.914773052679483e-14,1.3914439170129522e-12,962.3205852289904,5.049743710079988e-13,6.995958220297969e-14,0.0
143,143,145,adbb36,NKS2975,28.375032069319385,-79.25316305721509,224.297777584,10850.88,0.7196268960077773,34610D,222.72873,26.355768,-6.255816,227.59620470164225,62560.34372710708,0.35916101154482133,0.313399056716136,21.00031862744702,21.2815518805116,-1096.7725952284682,2.9188870396964104e-05,23168.97086895457,0.2910390057621343,0.1750026552287251,0.4036736934508371,descent,0,GTF,0,43031,1.237,3.16,3.16,0,0.7607362432618061,10.64074681075468,9.887638874451495,16.513214514333523,1138153869713303.0,7.68216546934163,678.776914847647,1338.02381018455,0.0029188870397,0.0188229588659146,0.156699528358068,10.6407759402558,8.32491477425616,8.324671786490287,0.0029188870396964,0.3958025378760071,237308227940506.97,4.304468274700081,3189721362534162.5,0.00997480547904898,2.019180619581204e-06,3.16,35.8,2023-02-06 17:25:00,2.91888703969641e-05,0.2910393477886064,0.0,143,231.68970868954574,2.91888703969641e-05,26.355768,-6.255816,0.2910393477886064,0.0,0.0,0.36238728524928593,1007.5057700331291,13411.646489494207,-0.9740763751314849,-0.22621939662793436,1.6738489729335608,231.41215250790444,0.17716897139598853,0.21948449151845936,0.0,222.561271568145,,,,,,,,,,,,,,0.0,0 days 00:00:00,,,,,,,,,,,,,,,,,,,,,0.0,,,,,,,,,,,,,,,,,,0.0,0.0,2.746266e-05,1.3432605e-06,110153.27,0.26051575,-287.4928,0.0,0.0,0.9999999999999999,-4.203593991746113e-13,1.8139293e-12,3.144805e-16,0.0,0.0,0.0,7.48e-16,1.9178889877772974e-14,1.3935699519492685e-12,964.3065544201977,2.613858924369413e-13,4.444650494272778e-14,0.0,2.746266e-05,1.3432605e-06,110153.27,0.26051575,-287.4928,0.0,0.0,0.0,-4.203593991746113e-13,1.8139293e-12,3.144805e-16,0.0,0.0,0.0,7.48e-16,1.9178889877772974e-14,1.3935699519492685e-12,964.3065544201977,2.613858924369413e-13,4.444650494272778e-14,0.0
144,144,146,adbb36,NKS2975,28.257580773305083,-79.28412942325366,219.153333144,10523.22,0.7211284468295823,34610D,223.49791,23.830704,-5.1234455,231.01050419884425,62539.34340847963,0.3025514136741519,0.209057798900904,13.7060320429424,11.7818983332549,-1574.0857557530856,3.624758721716029e-05,24385.83539984122,0.3459214692632655,0.1142169336911866,0.2543994538767656,descent,0,GTF,0,43031,1.237,3.16,3.16,0,0.7708186608158285,5.890241620921463,7.88078048875439,6.581172148820294,669358937721759.8,5.64300045056279,632.311489983364,1214.10293450131,0.00362475872172,0.0162012225430009,0.104528899450452,5.89094916662745,6.4519143029493,6.451680445099669,0.003624758721716,0.2709695703123686,336679803675938.4,4.462618859815232,3306915001247697.0,0.008716985205035367,4.76545730568166e-07,3.16,35.8,2023-02-06 17:26:00,3.6247587217160294e-05,0.3459213369389856,0.0,144,243.85835399841227,3.6247587217160294e-05,23.830704,-5.1234455,0.3459213369389856,0.0,0.0,0.38010765905805843,1009.6077579918665,13176.986290201521,-0.9614115153350272,-0.27511433656065026,1.618775179334448,231.06298584321283,0.21217009289130975,0.45727449668058207,0.0,222.37859815423997,,,,,,,,,,,,,,0.0,0 days 00:00:00,,,,,,,,,,,,,,,,,,,,,0.0,,,,,,,,,,,,,,,,,,0.0,0.0,3.450881e-05,9.624008e-07,106895.43,0.31562257,-287.2322,0.0,0.0,1.0,-4.352786482964453e-13,1.7517858e-12,2.8512257e-16,0.0,0.0,0.0,7.48e-16,1.8147714712908546e-14,1.3165070884010143e-12,966.272446525955,1.439484969783445e-13,2.964874428636533e-14,0.0,3.450881e-05,9.624008e-07,106895.43,0.31562257,-287.2322,0.0,0.0,0.0,-4.352786482964453e-13,1.7517858e-12,2.8512257e-16,0.0,0.0,0.0,7.48e-16,1.8147714712908546e-14,1.3165070884010143e-12,966.272446525955,1.439484969783445e-13,2.964874428636533e-14,0.0
145,145,147,adbb36,NKS2975,28.143722534179688,-79.32107778695911,224.812222028,10050.78,0.722569754354559,34610D,225.94827,20.334736,-6.0341597,230.7062183410752,62525.63737643669,0.32169434514856243,0.251852963386662,16.86061993898195,15.11167589055142,-1344.6275610732123,4.237927977618175e-05,26231.013906808847,0.3227962882691277,0.1405051661581829,0.3027621050137749,descent,0,GTF,0,43031,1.237,3.16,3.16,0,0.7656178002982504,7.556044010535063,9.045526927433675,9.14764319010819,790497025235007.1,6.63744554556262,649.278264949853,1250.25642801543,0.00423792797762,0.0168660305946668,0.125926481693331,7.55583794527571,7.46627850498209,7.465962102885333,0.0042379279776181,0.318139750037867,151131127065225.06,4.671336109552351,3461579835027254.5,0.009191914572456324,5.146902565598383e-07,3.16,35.8,2023-02-06 17:27:00,4.237927977618176e-05,0.3227967710449017,0.0,145,262.3101390680885,4.237927977618176e-05,20.334736,-6.0341597,0.3227967710449017,0.0,0.0,0.40443478901210267,1011.6254020104335,13706.237004224686,-0.9615170529775088,-0.2747452580727222,1.7904122221206946,232.11880399606287,0.20280342451757477,0.6868305493877233,0.0,223.3102531287965,,,,,,,,,,,,,,0.0,0 days 00:00:00,,,,,,,,,,,,,,,,,,,,,0.0,,,,,,,,,,,,,,,,,,0.0,0.0,4.0245486e-05,5.6198286e-07,102322.26,0.30557865,-287.43552,0.0,0.0,1.0000000000000002,-4.562949509681188e-13,1.7235258e-12,2.54257e-16,0.0,0.0,0.0,7.480000000000001e-16,1.747625800097441e-14,1.267230845088917e-12,968.1703767479422,1.7601919499717759e-13,3.5717988749867126e-14,0.0,4.0245486e-05,5.6198286e-07,102322.26,0.30557865,-287.43552,0.0,0.0,0.0,-4.562949509681188e-13,1.7235258e-12,2.54257e-16,0.0,0.0,0.0,7.480000000000001e-16,1.747625800097441e-14,1.267230845088917e-12,968.1703767479422,1.7601919499717759e-13,3.5717988749867126e-14,0.0
146,146,148,adbb36,NKS2975,28.02525329589844,-79.35942429762616,233.557777576,9646.92,0.7240517749751677,34610D,228.95692,19.89877,-8.309757,230.29150688274785,62508.7767564977,0.3465845885016196,0.324881744907248,21.98914110690908,21.0396288043514,-1042.176091719114,4.4717061549689125e-05,27896.51621734957,0.2532977655573539,0.1832428425575756,0.3896565365327442,descent,0,GTF,0,43031,1.237,3.16,3.16,0,0.7592035846791144,10.520246800051716,10.22066428568098,13.67858991805212,1004358866034154.8,8.20933688944951,676.353802597788,1312.06598343711,0.00447170615497,0.0180694500118928,0.162440872453624,10.5198144021757,8.9898072352346,8.989405255446497,0.0044717061549689,0.3890522801854033,235333081103229.72,4.817087957024258,3569297424600886.5,0.010138659925798672,1.926101943088056e-06,3.16,35.8,2023-02-06 17:28:00,4.4717061549689125e-05,0.25329813905867676,0.0,146,278.9651621734957,4.4717061549689125e-05,19.89877,-8.309757,0.25329813905867676,0.0,0.0,0.42446183334262827,1013.700044941624,14316.5883438532,-0.9620958786194144,-0.27271142319957403,1.9766276534538492,233.16738272747855,0.1639197097052381,0.8781403633646188,0.0,224.11693959111926,,,,,,,,,,,,,,0.0,0 days 00:00:00,,,,,,,,,,,,,,,,,,,,,0.0,,,,,,,,,,,,,,,,,,0.0,0.0,4.285298e-05,3.3177537e-07,98370.05,0.25073454,-287.65836,0.0,0.0,0.9999999999999999,-4.745133873897474e-13,1.7282878e-12,2.3651185e-16,0.0,0.0,0.0,7.480000000000001e-16,1.7283578268364904e-14,1.2537743396944731e-12,970.1445883136363,2.477858446231703e-13,4.607498896814185e-14,0.0,4.285298e-05,3.3177537e-07,98370.05,0.25073454,-287.65836,0.0,0.0,0.0,-4.745133873897474e-13,1.7282878e-12,2.3651185e-16,0.0,0.0,0.0,7.480000000000001e-16,1.7283578268364904e-14,1.2537743396944731e-12,970.1445883136363,2.477858446231703e-13,4.607498896814185e-14,0.0
147,147,149,adbb36,NKS2975,27.90140960176112,-79.3991440993089,238.702222016,9334.5,0.7255835086966528,34610D,231.5535,20.407032,-9.310669,231.35077988684927,62486.78761539079,0.3366204781288449,0.313183842060238,21.18760519392246,19.60876993535348,-1095.7506467626908,4.60177868509804e-05,29242.802113830912,0.2021676032621101,0.1765633766160205,0.3737595006563026,descent,0,GTF,0,43031,1.237,3.16,3.16,0,0.7584072497636292,9.804289955156284,10.086783961006404,11.970231004024482,923723889717544.2,8.02587813884566,673.420250252578,1298.22140075074,0.0046017786851,0.0177137325870995,0.156591921030119,9.80438496767674,8.84014254252438,8.839735757448475,0.004601778685098,0.3810856738382113,217932990118158.62,4.913380018806001,3640221187693093.0,0.010034675675100935,1.6955244709493295e-06,3.16,35.8,2023-02-06 17:29:00,4.60177868509804e-05,0.20216760932888295,0.0,147,292.42802113830913,4.60177868509804e-05,20.407032,-9.310669,0.20216760932888295,0.0,0.0,0.4399568503991317,1015.8442870913435,14468.928848280142,-0.9619014277020581,-0.27339649482892464,2.040899791023812,233.50904768215216,0.13422367690636608,0.9776915781198966,0.0,224.31474753505262,,,,,,,,,,,,,,0.0,0 days 00:00:00,,,,,,,,,,,,,,,,,,,,,0.0,,,,,,,,,,,,,,,,,,0.0,0.0,4.4612585e-05,1.5510722e-07,95180.66,0.20265481,-288.04034,0.0,0.0,1.0000000000000002,-4.892691031949911e-13,1.7324316e-12,2.2289368e-16,0.0,0.0,0.0,7.479999999999999e-16,1.7132006391286012e-14,1.243162516166287e-12,972.201074555287,2.344130822099944e-13,4.441598302805661e-14,0.0,4.4612585e-05,1.5510722e-07,95180.66,0.20265481,-288.04034,0.0,0.0,0.0,-4.892691031949911e-13,1.7324316e-12,2.2289368e-16,0.0,0.0,0.0,7.479999999999999e-16,1.7132006391286012e-14,1.243162516166287e-12,972.201074555287,2.344130822099944e-13,4.441598302805661e-14,0.0
148,148,150,adbb36,NKS2975,27.776275634765625,-79.43934026754124,238.187777572,9006.84,0.7271158627907648,34610D,234.35078,20.86028,-9.652586,231.1990205638218,62465.60001019688,0.3637068536706308,0.432346025882942,29.18345843704873,29.267013312784,-204.1873930724402,4.682069796258748e-05,30710.79752632247,0.1573162930692397,0.2431954869754061,0.5123080843087641,descent,0,GTF,0,43031,1.237,3.16,3.16,0,0.7533729321043487,14.634061219503126,11.671037548134567,18.92787777631376,1252126591337312.0,10.3795535052194,711.70195258253,1391.81871659747,0.00468206979626,0.0196517659661768,0.216173012941471,14.633506656392,11.0001825440794,10.999667531968196,0.0046820697962587,0.4952519725491647,359495059202803.7,5.014516551704197,3714738507403144.0,0.011535588356049183,4.28207476699431e-06,3.16,35.8,2023-02-06 17:30:00,4.682069796258748e-05,0.1573165318842716,0.0,148,307.1079752632248,4.682069796258748e-05,20.86028,-9.652586,0.1573165318842716,0.0,0.0,0.45652770688025157,1017.9893967542841,14160.6532196661,-0.961538181716243,-0.27467130374653514,2.2345954335302833,234.4840438293444,0.10737186163739455,0.9998641001719701,0.0,225.10230504659287,,,,,,,,,,,,,,0.0,0 days 00:00:00,,,,,,,,,,,,,,,,,,,,,0.0,,,,,,,,,,,,,,,,,,0.0,0.0,4.5792716e-05,5.1125316e-08,91905.01,0.16096741,-288.45236,0.0,0.0,1.0,-5.044712157749585e-13,1.7770776e-12,2.148784e-16,0.0,0.0,0.0,7.479999999999997e-16,1.750676202141993e-14,1.2726064319056123e-12,974.2771004355106,3.808172263432501e-13,6.131565926753953e-14,0.0,4.5792716e-05,5.1125316e-08,91905.01,0.16096741,-288.45236,0.0,0.0,0.0,-5.044712157749585e-13,1.7770776e-12,2.148784e-16,0.0,0.0,0.0,7.479999999999997e-16,1.750676202141993e-14,1.2726064319056123e-12,974.2771004355106,3.808172263432501e-13,6.131565926753953e-14,0.0
149,149,151,adbb36,NKS2975,27.653823852539062,-79.47882886202831,236.64444424,8945.880000000001,0.7286013408117417,34610D,234.87932,20.276587,-9.465274,228.4444712020008,62436.41655175982,0.35639120188018736,0.40407328533243,27.30735206145981,27.1261338223084,-102.13261090462288,4.6538015216257935e-05,30990.3811577411,0.1487392717840698,0.2275612671788317,0.4777273049096113,descent,0,GTF,0,43031,1.237,3.16,3.16,0,0.7435590474063393,13.562180430409336,11.322913913015483,17.100530552298,1165875336451214.0,9.85966770889813,702.961418509931,1369.15035904148,0.00465380152163,0.0191624914033785,0.202036642666215,13.5630669111542,10.5433389851695,10.54284834193294,0.0046538015216257,0.4672686607848906,326601325526830.6,5.036147556137725,3730811433490434.5,0.011156821037424504,3.6429912976492963e-06,3.16,35.8,2023-02-06 17:31:00,4.6538015216257935e-05,0.1487392039441896,0.0,149,309.903811577411,4.6538015216257935e-05,20.276587,-9.465274,0.1487392039441896,0.0,0.0,0.45964716480335327,1020.0688771456352,14166.798018458256,-0.9616415288600114,-0.27430925972664455,2.22930708958682,234.4584351025638,0.10204944205840283,inf,0.0,225.05906464570634,,,,,,,,,,,,,,0.0,0 days 00:00:00,,,,,,,,,,,,,,,,,,,,,0.0,,,,,,,,,,,,,,,,,,0.0,0.0,4.559722e-05,4.5905615e-08,91340.86,0.15484907,-288.90518,0.0,0.0,1.0,-5.071648994802627e-13,1.7939439e-12,2.145443e-16,0.0,0.0,0.0,7.480000000000002e-16,1.7690671758169127e-14,1.2867790347991757e-12,976.3014887130479,3.4806137561245466e-13,5.73059965844735e-14,0.0,4.559722e-05,4.5905615e-08,91340.86,0.15484907,-288.90518,0.0,0.0,0.0,-5.071648994802627e-13,1.7939439e-12,2.145443e-16,0.0,0.0,0.0,7.480000000000002e-16,1.7690671758169127e-14,1.2867790347991757e-12,976.3014887130479,3.4806137561245466e-13,5.73059965844735e-14,0.0
150,150,152,adbb36,NKS2975,27.53130495750298,-79.51823872647887,236.129999796,8915.400000000001,0.7300727898398284,34610D,235.13669,19.517567,-9.283269,222.65378881092568,62409.10919969837,-1.2170883076370577e-05,0.1066614464474806,5.299899,-0.000250888588518,-3022.3732923341668,4.608462387649242e-05,31130.94379047764,0.1437764945236869,0.044165825,0.0921629590959213,descent,0,GTF,0,43031,1.237,3.16,3.16,0,0.7243143634293857,0.0,4.492534468289888,5.474871962476914,4053175097750928.0,3.22896671676255,563.462760772056,1060.73245052303,0.00460846238765,0.0133934780124505,0.0533307232237403,-0.000125444294259,3.98184274272631,3.9816592494573935,0.0046084623876492,0.1502481899939092,783270769181548.1,5.051171410472398,3742163869873617.5,0.006950915968178951,1.0626497986817931e-06,3.16,35.8,2023-02-06 17:32:00,4.608462387649242e-05,0.14377660732689598,0.0,150,311.3094379047764,4.608462387649242e-05,19.517567,-9.283269,0.14377660732689598,0.0,0.0,0.4612265889670425,1022.1287154310916,14192.201374718234,-0.9621557622989929,-0.2725000716969515,1.4412913606913087,229.8612308206009,0.0988959521485472,inf,0.0,220.84846981519465,,,,,,,,,,,,,,0.0,0 days 00:00:00,,,,,,,,,,,,,,,,,,,,,0.0,,,,,,,,,,,,,,,,,,0.0,0.0,4.5281944e-05,4.1945082e-08,91068.16,0.151326,-289.29697,0.0,0.0,1.0,-5.08515376234161e-13,1.802559e-12,2.1435488e-16,0.0,0.0,0.0,7.48e-16,1.7784921291182285e-14,1.2940435698851938e-12,978.3250350374512,5.756382664005039e-14,1.512681166433886e-14,0.0,4.5281944e-05,4.1945082e-08,91068.16,0.151326,-289.29697,0.0,0.0,0.0,-5.08515376234161e-13,1.802559e-12,2.1435488e-16,0.0,0.0,0.0,7.48e-16,1.7784921291182285e-14,1.2940435698851938e-12,978.3250350374512,5.756382664005039e-14,1.512681166433886e-14,0.0
151,151,153,adbb36,NKS2975,27.40874726893538,-79.55733666053186,228.92777758,8016.240000000001,0.7315297962743412,34610D,242.54616,17.249462,-11.817196,214.19166845247364,62403.80930069836,0.013719047247537785,0.1244756968816196,5.67027504,0.343073665869058,-2058.58867644272,4.8587846447146926e-05,35515.8543504637,0.077759822923759,0.047252292,0.0962006267105507,descent,0,GTF,0,43031,1.237,3.16,3.16,0,0.6860607418749408,0.1718251157099052,4.564844255907435,5.859218529641431,4339833728261669.5,3.61182493250097,572.201239555161,1096.53695456139,0.00485878464471,0.0142234575908331,0.0622378484408098,0.171536832934529,4.37571863545483,4.375506039039276,0.0048587846447146,0.1619978399157821,879819166946809.9,5.339685329930268,3955036226135769.5,0.007293245249363423,1.1951157483642752e-06,3.16,35.8,2023-02-06 17:33:00,4.858784644714691e-05,0.07775983813276609,0.0,151,355.158543504637,4.858784644714691e-05,17.249462,-11.817196,0.07775983813276609,0.0,0.0,0.5101176047980909,1024.1683325687382,13170.16214122501,-0.9634673763393252,-0.2678257170807487,1.667198610895339,231.3705343851139,0.05755665658290021,inf,0.0,222.0828471545835,,,,,,,,,,,,,,0.0,0 days 00:00:00,,,,,,,,,,,,,,,,,,,,,0.0,,,,,,,,,,,,,,,,,,0.0,0.0,5.146747e-05,2.61689e-09,81988.66,0.08062952,-289.62906,0.0,0.0,1.0,-5.507703954251951e-13,2.081539e-12,2.1236704e-16,0.0,0.0,0.0,7.48e-16,2.086035856620392e-14,1.5307685790590475e-12,980.3424198340465,8.338082228771686e-14,1.7653242912308798e-14,0.0,5.146747e-05,2.61689e-09,81988.66,0.08062952,-289.62906,0.0,0.0,0.0,-5.507703954251951e-13,2.081539e-12,2.1236704e-16,0.0,0.0,0.0,7.48e-16,2.086035856620392e-14,1.5307685790590475e-12,980.3424198340465,8.338082228771686e-14,1.7653242912308798e-14,0.0
152,152,154,adbb36,NKS2975,27.294754028320312,-79.59299339438383,212.465555372,7406.64,0.7328697701109219,34610D,247.45071,15.339208,-9.468796,210.6280009966981,62398.13902565836,-1.5113781633031144e-05,0.1277436077601236,5.929455839999999,-0.0003944370057724,-1962.5101984758703,7.632390252595552e-05,38763.39764052093,0.0806382115352642,0.049412132,0.0989680002518786,descent,0,GTF,0,43031,1.237,3.16,3.16,0,0.6679269671089834,0.0,4.615633032642008,6.139813012172755,4549110555383349.0,3.68232044835077,571.888180224295,1100.30738217546,0.0076323902526,0.0143434863287165,0.0638718038800618,-0.0001972185028862,4.45301807498411,4.452678229204965,0.0076323902525955,0.1615644798232211,928509061041359.0,5.531652733482079,4096446676981860.0,0.00732813763251406,1.2611925716800956e-06,3.16,35.8,2023-02-06 17:34:00,7.632390252595554e-05,0.0806383214855714,0.0,152,387.6339764052093,7.632390252595554e-05,15.339208,-9.468796,0.0806383214855714,0.0,0.0,0.5457271755015046,1026.0440988685068,12571.627987564792,-0.962985599689023,-0.26955284229919113,1.7946980105249541,232.14400109681446,0.06265716622265194,inf,0.0,222.80662276718022,,,,,,,,,,,,,,0.0,0 days 00:00:00,,,,,,,,,,,,,,,,,,,,,0.0,,,,,,,,,,,,,,,,,,0.0,0.0,8.44426e-05,4.4388667e-08,75895.43,0.08628357,-289.90186,0.0,0.0,1.0,-5.792514718365043e-13,2.3863262e-12,2.1481376e-16,0.0,0.0,0.0,7.479999999999998e-16,2.4454785458706185e-14,1.8070747455096468e-12,982.2166573677428,1.0149862565752579e-13,1.8116700647426933e-14,0.0,8.44426e-05,4.4388667e-08,75895.43,0.08628357,-289.90186,0.0,0.0,0.0,-5.792514718365043e-13,2.3863262e-12,2.1481376e-16,0.0,0.0,0.0,7.479999999999998e-16,2.4454785458706185e-14,1.8070747455096468e-12,982.2166573677428,1.0149862565752579e-13,1.8116700647426933e-14,0.0
153,153,155,adbb36,NKS2975,27.185994810977224,-79.62721604567304,203.20555538,6827.52,0.7341325500053467,34610D,252.24359,15.034885,-8.192021,205.0946952423569,62392.20956981836,-1.0431770572997143e-05,0.134672577620923,6.181724160000002,-0.0002947570564428,-1814.5738368772525,0.0001269111678399,42067.31157843828,0.0907290052845388,0.051514368,0.1016292495374677,descent,0,GTF,0,43031,1.237,3.16,3.16,0,0.644171587858342,0.0,4.657830473863664,6.363071311111816,4715624123323282.0,3.82961889486062,574.359555455926,1111.81268284908,0.012691116784,0.014622181408494,0.0673362888104615,-0.0001473785282214,4.60507819793196,4.604493836241892,0.01269111678399,0.1650047906536587,973704643271325.8,5.716206282149601,4232425785779569.5,0.007436659168550719,1.323106674555601e-06,3.16,35.8,2023-02-06 17:35:00,0.0001269111678399308,0.09072905312655066,0.0,153,420.67311578438284,0.0001269111678399308,15.034885,-8.192021,0.09072905312655066,0.0,0.0,0.580987874026389,1027.811789989091,11944.379128975139,-0.9608777391843569,-0.27697286932109283,1.9477592925088973,233.01071135400932,0.07391958325171613,inf,0.0,223.63706091363184,,,,,,,,,,,,,,0.0,0 days 00:00:00,,,,,,,,,,,,,,,,,,,,,0.0,,,,,,,,,,,,,,,,,,0.0,0.0,0.000124146,5.72469e-08,70049.68,0.08582785,-290.05054,0.0,0.0,0.9999999999999999,-6.066503414694394e-13,2.764259e-12,2.1535028e-16,0.0,0.0,0.0,7.479999999999999e-16,2.901226539636573e-14,2.157608855206295e-12,984.0000477245397,1.296525361538658e-13,1.9099372696261397e-14,0.0,0.000124146,5.72469e-08,70049.68,0.08582785,-290.05054,0.0,0.0,0.0,-6.066503414694394e-13,2.764259e-12,2.1535028e-16,0.0,0.0,0.0,7.479999999999999e-16,2.901226539636573e-14,2.157608855206295e-12,984.0000477245397,1.296525361538658e-13,1.9099372696261397e-14,0.0
154,154,156,adbb36,NKS2975,27.082881604210804,-79.66059758112982,204.234444268,6294.12,0.7353135004946585,34610D,256.88367,14.795051,-8.159869,197.23877088828027,62386.02784565836,-5.869034895123165e-06,0.1363605394204356,6.419288760000001,-0.0001746001262945356,-1924.3316047692824,0.0001680325231596,45308.66436448271,0.0832873216082042,0.053494073,0.1042152653032325,descent,0,GTF,0,43031,1.237,3.16,3.16,0,0.6138768394323647,0.0,4.690541255246891,6.526018067852699,4837155309299803.0,3.84153289775218,572.361497304295,1115.70434521471,0.016803252316,0.0147898580280904,0.0681802697102178,-8.73000631472678e-05,4.60993402240393,4.609159533697838,0.01680325231596,0.162219680653786,1050599988704981.0,5.8910679795457925,4361360008735732.0,0.007414461788503349,1.4271344435854768e-06,3.16,35.8,2023-02-06 17:36:00,0.000168032523159668,0.08328733751504488,0.0,154,453.0866436448271,0.000168032523159668,14.795051,-8.159869,0.08328733751504488,0.0,0.0,0.6144509380436343,1029.4649161960074,12292.659848393316,-0.9619483304475919,-0.27323142123315597,2.0979211943824287,233.80428973558227,0.07103526845072555,inf,0.0,224.34951963225382,,,,,,,,,,,,,,0.0,0 days 00:00:00,,,,,,,,,,,,,,,,,,,,,0.0,,,,,,,,,,,,,,,,,,0.0,0.0,0.00016427186,3.4136026e-08,64564.293,0.0807523,-290.10397,0.0,0.0,1.0,-6.324296405931227e-13,3.1766757e-12,2.1356882e-16,0.0,0.0,0.0,7.48e-16,3.403676905631132e-14,2.5442461723058364e-12,985.6876808538132,1.5434008037563732e-13,1.9338760789037716e-14,0.0,0.00016427186,3.4136026e-08,64564.293,0.0807523,-290.10397,0.0,0.0,0.0,-6.324296405931227e-13,3.1766757e-12,2.1356882e-16,0.0,0.0,0.0,7.48e-16,3.403676905631132e-14,2.5442461723058364e-12,985.6876808538132,1.5434008037563732e-13,1.9338760789037716e-14,0.0
155,155,157,adbb36,NKS2975,26.97664939751059,-79.69445448655347,200.63333316,5730.240000000001,0.7365166578418714,34610D,261.27298,12.382497,-7.032784,189.61532516844764,62379.60855689836,-2.8303169319030683e-05,0.1351242418200842,6.675863040000001,-0.000867913299342,-1927.0954318814345,0.0001877862384154,48952.1716698911,0.0672618164336671,0.055632192,0.1062507241104372,descent,0,GTF,0,43031,1.237,3.16,3.16,0,0.5851718008693116,0.0,4.742972054458452,6.6954053158281095,4963490030821671.0,3.80850168370739,567.628687243414,1110.18884047193,0.0187786238415,0.0147475288022941,0.0675621209100421,-0.000433956649671,4.58125031086783,4.580390176626087,0.01877862384154,0.155761446376034,1140892248163386.8,6.073424279875728,4495682758781611.0,0.007335707659133268,1.5486944397706638e-06,3.16,35.8,2023-02-06 17:37:00,0.00018778623841544465,0.06726188289811107,0.0,155,489.52171669891106,0.00018778623841544465,12.382497,-7.032784,0.06726188289811107,0.0,0.0,0.6527094692007087,1031.1491319857244,12013.415338979517,-0.9619274465318226,-0.2733049352074847,2.2666138045973128,234.63795720439083,0.05989793801151875,inf,0.0,225.06764146565197,,,,,,,,,,,,,,0.0,0 days 00:00:00,,,,,,,,,,,,,,,,,,,,,0.0,,,,,,,,,,,,,,,,,,0.0,0.0,0.00018351064,4.6477577e-08,58854.156,0.064273,-290.03638,0.0,0.0,1.0,-6.593320559822228e-13,3.6740944e-12,2.1452015e-16,0.0,0.0,0.0,7.48e-16,4.015443373450014e-14,3.014762583966593e-12,987.4246068194693,1.7929973709857795e-13,1.91634280743178e-14,0.0,0.00018351064,4.6477577e-08,58854.156,0.064273,-290.03638,0.0,0.0,0.0,-6.593320559822228e-13,3.6740944e-12,2.1452015e-16,0.0,0.0,0.0,7.48e-16,4.015443373450014e-14,3.014762583966593e-12,987.4246068194693,1.7929973709857795e-13,1.91634280743178e-14,0.0
156,156,158,adbb36,NKS2975,26.872837907176905,-79.72751910869891,195.48888872,5166.360000000001,0.7376761692274492,34610D,265.2638,10.431337,-6.09843,182.02407537362745,62372.93269385836,0.024595389310382357,0.1474074955350328,6.93802284,0.8570889064244251,-1719.5684842465348,0.0002634461530761,52829.379687463406,0.071472820328166,0.057816857,0.1077029754276964,descent,0,GTF,0,43031,1.237,3.16,3.16,0,0.5575027682609284,0.0,4.802267057903438,6.856533006779894,5083664496191166.0,4.055667218089735,570.3778176285743,1125.591518777225,0.0391299271839166,0.0151444635177295,0.0737037477675164,0.4285444532122126,4.833637196735955,4.831491126196658,0.0391299271840066,0.1594853095054261,1251744154429002.0,6.253886125363218,4628501427878535.0,0.0074466397809282115,1.6998488058574651e-06,3.16,35.8,2023-02-06 17:38:00,0.00026344615307613036,0.07147288850432172,0.0,156,528.293796874634,0.00026344615307613036,10.431337,-6.09843,0.07147288850432172,0.0,0.0,0.6938090706056832,1032.7722411028194,11331.04602265756,-0.9616639828200719,-0.274230531025698,2.5080541097018996,235.7403465135199,0.06618597325220493,inf,0.0,226.09200233370117,,,,,,,,,,,,,,0.0,0 days 00:00:00,,,,,,,,,,,,,,,,,,,,,0.0,,,,,,,,,,,,,,,,,,0.0,0.0,0.00025763462,1.1019717e-07,53115.273,0.06586635,-289.59888,0.0,0.0,1.0,-6.864311657371415e-13,4.2045247e-12,2.1943187e-16,0.0,0.0,0.0,7.479999999999999e-16,4.670264937171796e-14,3.5180936545383762e-12,989.1158653555599,2.3170668323803246e-13,2.090544894277478e-14,0.0,0.00025763462,1.1019717e-07,53115.273,0.06586635,-289.59888,0.0,0.0,0.0,-6.864311657371415e-13,4.2045247e-12,2.1943187e-16,0.0,0.0,0.0,7.479999999999999e-16,4.670264937171796e-14,3.5180936545383762e-12,989.1158653555599,2.3170668323803246e-13,2.090544894277478e-14,0.0
157,157,159,adbb36,NKS2975,26.77493855104608,-79.75878788874701,185.714444284,4663.4400000000005,0.738750601036933,34610D,268.74695,9.561838,-5.4144154,175.19707223721952,62365.994671018365,0.04372616110128443,0.1596907492499814,7.17655344,1.7150457261481922,-1772.2488006727194,0.0003271236912772,56493.7800060844,0.0702835083289595,0.059804612,0.108893186585721,descent,0,GTF,0,43031,1.237,3.16,3.16,0,0.5331044294981125,0.0,4.857652900952882,6.99760379693379,5188879848598032.0,4.30283275247208,573.1269480137347,1140.99419708252,0.0594812305263333,0.0155413982331649,0.0798453746249907,0.8575228630740961,5.08602408260408,5.08259207576723,0.0594812305264733,0.1632792746591012,1363190913272836.8,6.413079242146649,4745577090141795.0,0.007576786217134756,1.8519825616143131e-06,3.16,35.8,2023-02-06 17:39:00,0.00032712369127729904,0.07028348907736566,0.0,157,564.9378000608441,0.00032712369127729904,9.561838,-5.4144154,0.07028348907736566,0.0,0.0,0.7323177134144626,1034.2762351067238,10915.899533683829,-0.9589746762323108,-0.28349174652030823,2.7358255548932573,236.69740700096628,0.06733493443868381,inf,0.0,226.96471607480322,,,,,,,,,,,,,,0.0,0 days 00:00:00,,,,,,,,,,,,,,,,,,,,,0.0,,,,,,,,,,,,,,,,,,0.0,0.0,0.00031999167,1.9243306e-07,47963.56,0.06712953,-289.05988,0.0,0.0,1.0,-7.108317006712675e-13,4.723061e-12,2.257709e-16,0.0,0.0,0.0,7.480000000000004e-16,5.313275175886506e-14,4.012229298244402e-12,990.7108055804017,2.9127404528576167e-13,2.264746981123177e-14,0.0,0.00031999167,1.9243306e-07,47963.56,0.06712953,-289.05988,0.0,0.0,0.0,-7.108317006712675e-13,4.723061e-12,2.257709e-16,0.0,0.0,0.0,7.480000000000004e-16,5.313275175886506e-14,4.012229298244402e-12,990.7108055804017,2.9127404528576167e-13,2.264746981123177e-14,0.0
158,158,160,adbb36,NKS2975,26.68090303065413,-79.7898982121394,171.824444296,4145.280000000001,0.7397647865569437,34610D,272.35535,9.918585,-4.8622885,167.40659355271606,62358.81811757837,0.05820610470114094,0.17197400296493,7.42695936,2.573002545871959,-1576.186058408437,0.0003315545329489,60481.79079413677,0.0563318465686668,0.0618913279999999,0.1101127601721728,descent,0,GTF,0,43031,1.237,3.16,3.16,0,0.506013149744096,0.0,4.923348482352411,7.13437085588899,5290885333148900.0,4.549998286854425,575.8760783988951,1156.396875387815,0.07983253386875,0.0159383329486003,0.085987001482465,1.2865012729359795,5.338410968472205,5.333693025337801,0.07983253386894,0.167140584196046,1474685339897853.8,6.576923342747706,4866029585557639.0,0.007708968959660817,2.004370247341181e-06,3.16,35.8,2023-02-06 17:40:00,0.0003315545329489808,0.05633182039514509,0.0,158,604.8179079413677,0.0003315545329489808,9.918585,-4.8622885,0.05633182039514509,0.0,0.0,0.7736262184124044,1035.695881529595,9862.84068390437,-0.9394215591425459,-0.3427639628347593,2.9739966311408055,237.6255480323746,0.055894381860784395,inf,0.0,227.76356188387336,,,,,,,,,,,,,,0.0,0 days 00:00:00,,,,,,,,,,,,,,,,,,,,,0.0,,,,,,,,,,,,,,,,,,0.0,0.0,0.00032424496,2.772571e-07,42639.742,0.05554386,-288.5809,0.0,0.0,1.0000000000000002,-7.360825024258235e-13,5.309438e-12,2.323094e-16,0.0,0.0,0.0,7.48e-16,6.043392991569288e-14,4.5733554235048274e-12,992.2375823328802,3.637854307514326e-13,2.4389490679688748e-14,0.0,0.00032424496,2.772571e-07,42639.742,0.05554386,-288.5809,0.0,0.0,0.0,-7.360825024258235e-13,5.309438e-12,2.323094e-16,0.0,0.0,0.0,7.48e-16,6.043392991569288e-14,4.5733554235048274e-12,992.2375823328802,3.637854307514326e-13,2.4389490679688748e-14,0.0
159,159,161,adbb36,NKS2975,26.59766762943591,-79.82386075533353,158.963333196,3684.27,0.7406392164074318,34610D,275.1757,9.386711,-6.269982,157.10204063189298,62351.391158218365,0.06798159675523248,0.1842572566798786,7.6537118475,3.4309593655957262,-1418.0844557689074,0.0002201929622644,64218.76315197347,0.0315238668466959,0.0637809320625,0.1104100835563154,descent,0,GTF,0,43031,1.237,3.16,3.16,0,0.4724262455619523,0.0,5.01092451383639,7.2169621233371535,5352484685508155.0,4.79716382123677,578.6252087840553,1171.79955369311,0.1001838372111666,0.0163352676640357,0.0921286283399393,1.7154796827978631,5.59079785434033,5.584793974908372,0.1001838372114066,0.1710858223634075,1584991109921124.5,6.730146346180729,4978827906236050.0,0.007852693424830795,2.1553553787388472e-06,3.16,35.8,2023-02-06 17:41:00,0.0002201929622644911,0.031523849341101785,0.0,159,642.1876315197347,0.0002201929622644911,9.386711,-6.269982,0.031523849341101785,0.0,0.0,0.8130070389771801,1036.9198646202858,9275.026177900974,-0.9354799847765434,-0.35337967978150386,3.1905638810648558,238.4140806466778,0.03214427116979378,inf,0.0,228.38979559211776,,,,,,,,,,,,,,0.0,0 days 00:00:00,,,,,,,,,,,,,,,,,,,,,0.0,,,,,,,,,,,,,,,,,,0.0,0.0,0.00021537984,3.270245e-07,37939.902,0.032588772,-288.1128,0.0,0.0,1.0,-7.584223361470943e-13,5.8410165e-12,2.3614564e-16,0.0,0.0,0.0,7.48e-16,6.705786898141931e-14,5.082594103341521e-12,993.587340387438,4.4124512693127687e-13,2.6131511548145728e-14,0.0,0.00021537984,3.270245e-07,37939.902,0.032588772,-288.1128,0.0,0.0,0.0,-7.584223361470943e-13,5.8410165e-12,2.3614564e-16,0.0,0.0,0.0,7.48e-16,6.705786898141931e-14,5.082594103341521e-12,993.587340387438,4.4124512693127687e-13,2.6131511548145728e-14,0.0
160,160,162,adbb36,NKS2975,26.51971435546875,-79.85676891398879,148.674444316,3268.98,0.7414373123778263,34610D,277.59503,9.3626795,-5.4166465,150.73161522629127,62343.73744637086,0.07643959792313464,0.1965405103948272,7.86117291,4.2889161853194935,-1479.423678996194,0.0001118103229409,67743.1550567852,0.0139009752067094,0.06550977425,0.1107059341650611,descent,0,GTF,0,43031,1.237,3.16,3.16,0,0.4512899932665323,0.0,5.095755108662574,7.322007396005572,5430830992142051.0,5.044329355619115,581.3743391692157,1187.202231998405,0.1205351405535833,0.0167322023794711,0.0982702551974136,2.1444580926597467,5.843184740208455,5.835894924478944,0.1205351405538733,0.1751149618188461,1693318774693535.5,6.857502789378624,5072295083617141.0,0.007990948589173872,2.3038859646300324e-06,3.16,35.8,2023-02-06 17:42:00,0.00011181032294094158,0.013900983605764266,0.0,160,677.4315505678519,0.00011181032294094158,9.3626795,-5.4166465,0.013900983605764266,0.0,0.0,0.8501512192150067,1038.036977140854,8877.037396077849,-0.9173712016368192,-0.3980327604700627,3.3961707436902264,239.120044277004,0.014508943187960638,inf,0.0,228.96345649718447,,,,,,,,,,,,,,0.0,0 days 00:00:00,,,,,,,,,,,,,,,,,,,,,0.0,,,,,,,,,,,,,,,,,,0.0,0.0,0.000109770124,5.3477413e-07,33721.72,0.015091683,-287.59314,0.0,0.0,1.0,-7.785242097390739e-13,6.3388535e-12,2.5215967e-16,0.0,0.0,0.0,7.479999999999998e-16,7.32844415912879e-14,5.5603293780634214e-12,994.8514426549397,5.239648883019821e-13,2.7873532416602708e-14,0.0,0.000109770124,5.3477413e-07,33721.72,0.015091683,-287.59314,0.0,0.0,0.0,-7.785242097390739e-13,6.3388535e-12,2.5215967e-16,0.0,0.0,0.0,7.479999999999998e-16,7.32844415912879e-14,5.5603293780634214e-12,994.8514426549397,5.239648883019821e-13,2.7873532416602708e-14,0.0
161,161,163,adbb36,NKS2975,26.446563720703125,-79.89221536888266,145.073333208,2834.6400000000003,0.7421670039629805,34610D,279.52634,10.840528,-2.5456672,147.31405842563368,62335.87627346086,0.08437742900173253,0.208823764109776,8.081391840000002,5.14687300504326,-1266.2803970996272,0.0014088644389634,71595.14097687531,0.1588844043925069,0.067344932,0.1103274874776109,descent,0,GTF,0,43031,1.237,3.16,3.16,0,0.4395315256717314,2.574397938231049,5.043336332683233,7.454479771853386,5529633357208535.0,5.29149489000146,584.123469554376,1202.6049103037,0.140886443896,0.0171291370949065,0.104411882054888,2.57343650252163,6.09557162607658,6.086995874049515,0.14088644389634,0.1792188416136767,1799019805960014.0,6.976843516402986,5159507607700813.0,0.008111156949980993,2.449099509524449e-06,3.16,35.8,2023-02-06 17:43:00,0.0014088644389634922,0.15888450195474796,0.0,161,715.951409768753,0.0014088644389634922,10.840528,-2.5456672,0.15888450195474796,0.0,0.0,0.8922843159917396,1039.058320722829,8450.22820165621,-0.9170695582226843,-0.39872725688276,3.6244492124829977,239.8608493781086,0.16893811669128217,inf,0.0,230.23304931993746,,,,,,,,,,,,,,0.0,0 days 00:00:00,,,,,,,,,,,,,,,,,,,,,0.0,,,,,,,,,,,,,,,,,,0.0,0.0,0.0013767252,6.556721e-07,29290.94,0.16135843,-287.1328,0.0,0.0,1.0000000000000002,-7.996416686479034e-13,6.814105e-12,2.614789e-16,0.0,0.0,0.0,7.480000000000001e-16,7.919750254610969e-14,6.01446335714047e-12,996.0336148389237,6.112387212864858e-13,2.9615553285059725e-14,0.0,0.0013767252,6.556721e-07,29290.94,0.16135843,-287.1328,0.0,0.0,0.0,-7.996416686479034e-13,6.814105e-12,2.614789e-16,0.0,0.0,0.0,7.480000000000001e-16,7.919750254610969e-14,6.01446335714047e-12,996.0336148389237,6.112387212864858e-13,2.9615553285059725e-14,0.0
162,162,164,adbb36,NKS2975,26.376937866210938,-79.9260035100973,136.32777766,2461.26,0.7428410021666412,34610D,280.61063,13.46893,0.9056086,147.5880635610935,62327.79488162087,0.05425587934809752,0.204419420758376,8.27335179,3.23369581220194,-1055.314831351243,0.0047068175312041,75046.52932904677,0.5111314956856872,0.06894459825,0.1093499731796609,descent,0,GTF,0,43031,1.237,3.16,3.16,0,0.4394974802707662,1.6166149528175089,4.810944594005796,7.5886467750725215,5629699632513827.0,5.19770474504289,574.951777194869,1188.34454755261,0.47068175312,0.0169858112937398,0.102209710379188,1.61684790610097,6.01735817098462,5.989168248873491,0.47068175312041,0.1658388455366131,2111514208686870.5,7.063657990788776,5222510138974711.0,0.007477864346590148,2.869489167604262e-06,3.16,35.8,2023-02-06 17:44:00,0.004706817531204136,0.5111310967165837,0.0,162,750.4652932904677,0.004706817531204136,13.46893,0.9056086,0.5111310967165837,0.0,0.0,0.9316846541544728,1040.001691255895,8247.607086059832,-0.8652138572930248,-0.5014030127034792,3.688621457188818,240.06165745704652,0.5491488259937078,inf,0.0,232.3753970337353,,,,,,,,,,,,,,0.0,0 days 00:00:00,,,,,,,,,,,,,,,,,,,,,0.0,,,,,,,,,,,,,,,,,,0.0,0.0,0.0046015996,4.8729447e-07,25470.398,0.53745717,-286.708,0.0,0.0,1.0,-8.179094846188647e-13,7.171824e-12,2.4850613e-16,0.0,0.0,0.0,7.479999999999999e-16,8.359739136603224e-14,6.3539142501269144e-12,997.157401693274,5.827634902550395e-13,2.899092578748949e-14,0.0,0.0046015996,4.8729447e-07,25470.398,0.53745717,-286.708,0.0,0.0,0.0,-8.179094846188647e-13,7.171824e-12,2.4850613e-16,0.0,0.0,0.0,7.479999999999999e-16,8.359739136603224e-14,6.3539142501269144e-12,997.157401693274,5.827634902550395e-13,2.899092578748949e-14,0.0
163,163,165,adbb36,NKS2975,26.31280517578125,-79.96746135207843,135.813333216,2148.84,0.7434431354446999,34610D,281.88177,10.86387,-0.5696299,141.42332898941163,62319.52152983086,0.052167504809124,0.19544548964105,8.43585324,3.10231648156966,-975.4935979156048,0.0070266816843164,78036.85333903217,0.7189289816905954,0.070298777,0.1087211960651074,descent,0,GTF,0,43031,1.237,3.16,3.16,0,0.4201890952921437,1.5520338470892574,4.661259573998877,7.647668412375814,5673719959909183.0,4.9935037016657,564.374964161678,1172.25156468857,0.702668168432,0.0168062748230422,0.097722744820525,1.55115824078483,5.81465826600326,5.774085604442847,0.70266816843164,0.1514468064961832,2441619492400158.5,7.157081240851368,5290981764908201.0,0.0069489370722541684,3.3128949051722693e-06,3.16,35.8,2023-02-06 17:45:00,0.00702668168431643,0.7189295986952853,0.0,163,780.3685333903217,0.00702668168431643,10.86387,-0.5696299,0.7189295986952853,0.0,0.0,0.9644399859609696,1040.8444481110168,8101.765642651556,-0.8674810398810596,-0.4974702457905153,3.834775365667258,240.50770414940862,0.7818487045831486,inf,0.0,234.72155858972096,,,,,,,,,,,,,,0.0,0 days 00:00:00,,,,,,,,,,,,,,,,,,,,,0.0,,,,,,,,,,,,,,,,,,0.0,0.0,0.00687206,1.7812334e-07,22344.629,0.7557627,-286.24628,0.0,0.0,0.9999999999999999,-8.329113494341617e-13,7.528306e-12,2.249504e-16,0.0,0.0,0.0,7.48e-16,8.801307977303317e-14,6.695394567624447e-12,998.1925268628627,5.455963513699283e-13,2.7718235697285425e-14,0.0,0.00687206,1.7812334e-07,22344.629,0.7557627,-286.24628,0.0,0.0,0.0,-8.329113494341617e-13,7.528306e-12,2.249504e-16,0.0,0.0,0.0,7.48e-16,8.801307977303317e-14,6.695394567624447e-12,998.1925268628627,5.455963513699283e-13,2.7718235697285425e-14,0.0
164,164,166,adbb36,NKS2975,26.24963669857736,-80.00784786761412,133.75555544,1859.28,0.7440206779107262,34610D,283.1315,7.7957354,-1.8159097,134.7634719409239,62311.08567659087,0.21889950049443627,0.404718917634162,24.560405614485123,28.2883438968564,-25.64068380761617,0.0085083398061706,80893.82866396128,0.8197127710600233,0.204670046787376,0.3094808882796446,descent,0,GTF,0,43031,1.237,3.16,3.16,0,0.3995170478765134,14.144458864748271,9.519326695279013,1.016571123566963,406708350542260.9,9.98608129834896,658.978981376609,1305.18585373189,0.850833980617,0.0184724150032133,0.202359458817081,14.1441719484282,10.9546834445784,10.862263614680495,0.85083398061706,0.3439067909110718,330318877655611.4,7.245612014067372,5355903407901665.0,0.008949189236089703,1.8172178444063366e-06,3.16,35.8,2023-02-06 17:46:00,0.00850833980617061,0.8197132368001813,0.0,164,808.9382866396128,0.00850833980617061,7.7957354,-1.8159097,0.8197132368001813,0.0,0.0,0.9953358570362155,1041.6527766334862,8101.198873151881,-0.8632955575038628,-0.5046987025880835,4.829827112268654,243.19709868450846,0.9021456612410025,inf,0.0,238.95938027126707,,,,,,,,,,,,,,0.0,0 days 00:00:00,,,,,,,,,,,,,,,,,,,,,0.0,,,,,,,,,,,,,,,,,,0.0,0.0,0.008320061,3.1492732e-08,19405.123,0.8788025,-285.76196,0.0,0.0,1.0,-8.47054041396159e-13,7.875709e-12,2.1336507e-16,0.0,0.0,0.0,7.479999999999999e-16,9.233388180310045e-14,7.028655133666769e-12,999.2120616319999,1.527427768505354e-12,5.739756067401096e-14,0.0,0.008320061,3.1492732e-08,19405.123,0.8788025,-285.76196,0.0,0.0,0.0,-8.47054041396159e-13,7.875709e-12,2.1336507e-16,0.0,0.0,0.0,7.479999999999999e-16,9.233388180310045e-14,7.028655133666769e-12,999.2120616319999,1.527427768505354e-12,5.739756067401096e-14,0.0
165,165,167,adbb36,NKS2975,26.186737060546875,-80.04882236696636,133.75555544,1851.66,0.7445829595068407,34610D,283.19827,7.4581814,-1.9464749,132.65444051784584,62286.52527097638,0.18503978512218014,0.325457766727538,18.694791054057102,19.5352692763602,-230.711340301598,0.0085871446100965,80970.13989322592,0.8238648695426322,0.1557899254504758,0.2353232211128642,descent,0,GTF,0,43031,1.237,3.16,3.16,0,0.3932182662066995,9.767748507789944,7.903835565936099,2.7116563433153806,1992275709372407.2,8.05744940256307,631.598156255012,1271.14314412194,0.85871446101,0.0181304584022362,0.162728883363769,9.7676346381801,8.97544230562302,8.899025090283875,0.8587144610096501,0.269156310602309,755671530634640.2,7.255079767034379,5363019693909653.0,0.008247794740992525,1.0672534918430958e-06,3.16,35.8,2023-02-06 17:47:00,0.008587144610096504,0.8238652433279718,0.0,165,809.7013989322592,0.008587144610096504,7.4581814,-1.9464749,0.8238652433279718,0.0,0.0,0.9960399146386999,1042.4397390626746,7629.491329259889,-0.3829095141856588,-0.9237858539434898,4.6338385262627515,242.70895789537713,0.9072923384302698,inf,0.0,238.59029054274893,,,,,,,,,,,,,,0.0,0 days 00:00:00,,,,,,,,,,,,,,,,,,,,,0.0,,,,,,,,,,,,,,,,,,0.0,0.0,0.008397288,4.119702e-08,19331.055,0.88323504,-285.10608,0.0,0.0,1.0,-8.477047083508889e-13,7.889782e-12,2.1411311e-16,0.0,0.0,0.0,7.48e-16,9.250911817640893e-14,7.042077313187331e-12,1000.2224986116335,1.1341866301364583e-12,4.615668084351282e-14,0.0,0.008397288,4.119702e-08,19331.055,0.88323504,-285.10608,0.0,0.0,0.0,-8.477047083508889e-13,7.889782e-12,2.1411311e-16,0.0,0.0,0.0,7.48e-16,9.250911817640893e-14,7.042077313187331e-12,1000.2224986116335,1.1341866301364583e-12,4.615668084351282e-14,0.0
166,166,168,adbb36,NKS2975,26.160449011851163,-80.11943523700421,129.125555444,1783.0800000000002,0.7447345502797531,34610D,283.50488,6.4147816,-1.9595559,126.87256628033126,62267.830479922326,0.18284102096141489,0.324876648091451,8.62827756,20.1467894444901,-1892.62729409084,0.0086139357291746,81659.56769930178,0.8141678816669515,0.071902313,0.1078483370511361,descent,0,GTF,0,43031,1.237,3.16,3.16,0,0.375876060421917,0.0,4.585031090598638,7.662225408395959,5684577058423864.0,7.978238963557734,627.0369682782035,1272.01518248539,0.890752614712,0.018284684045644,0.1624383240457255,10.07339472224505,8.88461249460158,8.806200770182762,0.8907526147116851,0.2575619921793428,994602742496264.0,7.290759387420822,5389540194851181.0,0.00700704347054632,1.389465959343009e-06,3.16,35.8,2023-02-06 17:48:00,0.008613935729174639,0.8141682999993971,0.0,166,816.5956769930178,0.008613935729174639,6.4147816,-1.9595559,0.8141682999993971,0.0,0.0,1.0034344020024621,1042.6517210808674,7838.6423671172915,-0.1506654711296107,-0.9885848045611931,4.660826058793719,242.77724876030393,0.899236268179302,inf,0.0,238.50380443507163,,,,,,,,,,,,,,0.0,0 days 00:00:00,,,,,,,,,,,,,,,,,,,,,0.0,,,,,,,,,,,,,,,,,,0.0,0.0,0.008423471,6.5396755e-08,18646.932,0.8756909,-284.57117,0.0,0.0,1.0,-8.51057454738909e-13,7.976114e-12,2.159785e-16,0.0,0.0,0.0,7.480000000000001e-16,9.358970906098564e-14,7.125056196955376e-12,1000.64479701201,9.7317927586834e-13,4.6074266133648065e-14,0.0,0.008423471,6.5396755e-08,18646.932,0.8756909,-284.57117,0.0,0.0,0.0,-8.51057454738909e-13,7.976114e-12,2.159785e-16,0.0,0.0,0.0,7.480000000000001e-16,9.358970906098564e-14,7.125056196955376e-12,1000.64479701201,9.7317927586834e-13,4.6074266133648065e-14,0.0
167,167,169,adbb36,NKS2975,26.149835101628707,-80.19686772273138,130.668888776,1219.2,0.7447020515988488,34610D,286.1096,-0.38012728,-2.4237256,114.59434042709547,62259.20220236232,0.17046403092923607,0.324295529455364,17.15982875945237,20.75830961262,0.0,0.0092279076841372,87510.41096206344,0.7675544439907246,0.1429985729954364,0.2061063228961069,descent,0,GTF,0,43031,1.237,3.16,3.16,0,0.3379513392419095,10.37914663820283,7.261836073101989,3.804993106876135,2807723136525354.5,7.8990285245524,622.475780301395,1272.88722084884,0.922790768414,0.0184389096890519,0.162147764727682,10.37915480631,8.79378268358014,8.71337645008165,0.92279076841372,0.2474495686425914,1229607880384713.8,7.454260551664421,5509172452944404.0,0.008115759081834303,1.7065120291292104e-06,3.16,35.8,2023-02-06 17:49:00,0.00922790768413727,0.7675549100482187,0.0,167,875.1041096206344,0.00922790768413727,-0.38012728,-2.4237256,0.7675549100482187,0.0,0.0,1.0655399616097683,1042.6059720474934,7186.439080162379,0.010997678098040569,-0.9999395237095352,4.922833139855709,243.42262883229418,0.8689949359578076,inf,0.0,238.60807257720407,,,,,,,,,,,,,,0.0,0 days 00:00:00,,,,,,,,,,,,,,,,,,,,,0.0,,,,,,,,,,,,,,,,,,0.0,0.0,0.009022829,1.1575264e-07,12959.313,0.84569186,-284.1008,0.0,0.0,1.0,-8.779377785293718e-13,8.7152525e-12,2.1986011e-16,0.0,0.0,0.0,7.48e-16,1.028529549296787e-13,7.837314986838128e-12,1000.8153017672532,1.2376238224164836e-12,4.599185142378329e-14,0.0,0.009022829,1.1575264e-07,12959.313,0.84569186,-284.1008,0.0,0.0,0.0,-8.779377785293718e-13,8.7152525e-12,2.1986011e-16,0.0,0.0,0.0,7.48e-16,1.028529549296787e-13,7.837314986838128e-12,1000.8153017672532,1.2376238224164836e-12,4.599185142378329e-14,0.0
168,168,170,adbb36,NKS2975,26.15052795410156,-80.26885986328125,115.7499999,1219.2,0.7445251662952596,34610D,286.11423,-0.43410236,-2.3289504,104.91615535832167,62242.04237360287,0.13880323887815932,0.2795003313490722,8.929536,15.911861814937506,-841.9714989980623,0.0091867691117545,87510.41096206344,0.76386749726982,0.0744128,0.1068633994927527,descent,0,GTF,0,43031,1.237,3.16,3.16,0,0.3094067986646929,0.0,4.627827353632308,7.713352365070573,5722709266786360.0,6.88371465914464,594.485745404976,1229.130507845823,0.962709227906,0.0178247171558196,0.1397501656745361,7.955930907468753,7.769669445877107,7.696387545370287,0.96270922790719,0.1953032307543372,2217541408715301.5,7.485871180982662,5533111491469825.0,0.006437919923572683,3.0267426213886302e-06,3.16,35.8,2023-02-06 17:50:00,0.009186769111754521,0.7638680496970547,0.0,168,875.1041096206344,0.009186769111754521,-0.43410236,-2.3289504,0.7638680496970547,0.0,0.0,1.0655227186714415,1042.3580773296503,6031.717320621895,-0.41458999740621055,-0.9100083153744905,4.741684575163164,242.97978034738964,0.8648587737513881,inf,0.0,238.12299263936404,,,,,,,,,,,,,,0.0,0 days 00:00:00,,,,,,,,,,,,,,,,,,,,,0.0,,,,,,,,,,,,,,,,,,0.0,0.0,0.008981829,1.2481797e-07,12958.805,0.8419242,-283.8332,0.0,0.0,1.0,-8.7793660048051e-13,8.716004e-12,2.2055888e-16,0.0,0.0,0.0,7.479999999999999e-16,1.0286343530664772e-13,7.838067416903954e-12,1000.8041715957305,8.462294641757326e-13,3.96389605921905e-14,0.0,0.008981829,1.2481797e-07,12958.805,0.8419242,-283.8332,0.0,0.0,0.0,-8.7793660048051e-13,8.716004e-12,2.2055888e-16,0.0,0.0,0.0,7.479999999999999e-16,1.0286343530664772e-13,7.838067416903954e-12,1000.8041715957305,8.462294641757326e-13,3.96389605921905e-14,0.0
169,169,171,adbb36,NKS2975,26.128048654329977,-80.32379150390625,111.119999904,967.74,0.7445909928701268,34610D,287.53357,-2.7848992,-2.6128664,95.3652297483582,62233.11283760287,0.1044849406371816,0.2347051332427806,9.06568179,11.065414017255014,-919.1071615141052,0.0097962468329206,90226.69790543156,0.7555022805294528,0.07554734825,0.1068594193317528,descent,0,GTF,0,43031,1.237,3.16,3.16,0,0.2805452964435014,0.0,4.608636049033635,7.750328929592184,5750287635509554.0,5.86840079373688,566.4957105085571,1185.3737948428063,1.002627687398,0.0172105246225874,0.1173525666213903,5.532707008627507,6.745556208174074,6.679398640658924,1.00262768740066,0.154250781886322,3081753624180064.0,7.568034840393193,5593445931031569.0,0.005787815631309496,4.18264350087606e-06,3.16,35.8,2023-02-06 17:51:00,0.00979624683292064,0.7555028015775794,0.0,169,902.2669790543157,0.00979624683292064,-2.7848992,-2.6128664,0.7555028015775794,0.0,0.0,1.0931731486919112,1042.4499867218638,5881.253058246834,-0.9738226817841357,0.22730900651481933,4.703963592449017,242.88568220382663,0.8669570541303382,inf,0.0,238.06566123660784,,,,,,,,,,,,,,0.0,0 days 00:00:00,,,,,,,,,,,,,,,,,,,,,0.0,,,,,,,,,,,,,,,,,,0.0,0.0,0.009579363,9.718463e-08,10403.222,0.8461595,-283.7359,0.0,0.0,1.0,-8.901107277791212e-13,9.094097e-12,2.1843988e-16,0.0,0.0,0.0,7.48e-16,1.0761825979345815e-13,8.203986146879214e-12,1001.1652852122265,6.686724732537416e-13,3.328606976059774e-14,0.0,0.009579363,9.718463e-08,10403.222,0.8461595,-283.7359,0.0,0.0,0.0,-8.901107277791212e-13,9.094097e-12,2.1843988e-16,0.0,0.0,0.0,7.48e-16,1.0761825979345815e-13,8.203986146879214e-12,1001.1652852122265,6.686724732537416e-13,3.328606976059774e-14,0.0
170,170,172,adbb36,NKS2975,26.07659912109375,-80.31042134986734,102.374444356,693.4200000000001,0.7449071717792615,34610D,289.97464,-3.2483888,-3.7366955,90.74121278076204,62224.04715581287,0.06905476521239962,0.189909935136489,9.215471310000002,6.21896621957252,-588.2180600333245,0.0104254614689413,93267.37157201044,0.6945539318982491,0.07679559425,0.108339744575884,descent,0,GTF,0,43031,1.237,3.16,3.16,0,0.2658163909054826,3.1088197890695057,4.567344173117738,7.790166716000002,5780000000000000.0,4.85308692832912,538.505675612138,1141.61708183979,1.04254614689,0.0165963320893552,0.0949549675682445,3.10948310978626,5.72144297047104,5.66240973594756,1.04254614689413,0.1204594321311004,3825035916202648.0,,,0.0061466513880899356,5.176501002853694e-06,3.16,35.8,2023-02-06 17:52:00,0.010425461468941377,0.6945543320345694,0.0,170,932.6737157201045,0.010425461468941377,-3.2483888,-3.7366955,0.6945543320345694,0.0,0.0,1.1205007941202758,1042.8923968472648,5633.51876068805,-0.19450616583430322,0.980901295468835,4.679948271274886,242.82542493969495,0.8155765261902296,inf,0.0,237.30012937576151,,,,,,,,,,,,,,0.0,0 days 00:00:00,,,,,,,,,,,,,,,,,,,,,0.0,,,,,,,,,,,,,,,,,,0.0,0.0,0.01019323,5.0333412e-08,7655.6855,0.79649,-283.33688,0.0,0.0,1.0,-9.033556350159283e-13,9.656293e-12,2.1499906e-16,0.0,0.0,0.0,7.480000000000001e-16,1.1475118426930967e-13,8.752937323605613e-12,1001.9917845784321,6.130435634322677e-13,2.6933178929004983e-14,0.0,0.01019323,5.0333412e-08,7655.6855,0.79649,-283.33688,0.0,0.0,0.0,-9.033556350159283e-13,9.656293e-12,2.1499906e-16,0.0,0.0,0.0,7.480000000000001e-16,1.1475118426930967e-13,8.752937323605613e-12,1001.9917845784321,6.130435634322677e-13,2.6933178929004983e-14,0.0
171,171,173,adbb36,NKS2975,26.06673935712394,-80.255126953125,86.426666592,518.1600000000001,0.7446735394772604,34610D,291.517,-3.5361056,-4.564225,82.73498430483298,62214.83168450287,0.0677361336745118,0.172207037275425,9.311862240000002,6.06685407117924,-845.805134353574,0.010899457898056,95253.08221487128,0.6631252383722099,0.077598852,0.1091063361336831,descent,0,GTF,0,43031,1.237,3.16,3.16,0,0.2417210340349924,3.0334550409945567,4.535417595848985,7.790166716,5780000000000000.0,4.47470434685315,524.449488345287,1114.24082964231,1.08994578981,0.0161361233785244,0.0861035186377125,3.03342703558962,5.3360721542516,5.278538941297677,1.0899457898056,0.1055553378300104,4183464768577796.0,,,0.005774230899007834,5.656025332182463e-06,3.16,35.8,2023-02-06 17:53:00,0.010899457898056084,0.6631255081727458,0.0,171,952.5308221487128,0.010899457898056084,-3.5361056,-4.564225,0.6631255081727458,0.0,0.0,1.1383022658845432,1042.5650547440398,,,,4.7747603113372294,243.0617461486841,0.7900331407757842,inf,0.0,237.21887527082313,,,,,,,,,,,,,,0.0,0 days 00:00:00,,,,,,,,,,,,,,,,,,,,,0.0,,,,,,,,,,,,,,,,,,0.0,0.0,0.010654834,1.7731674e-08,5869.79,0.77069503,-283.02805,0.0,0.0,1.0,-9.118422145512033e-13,1.0017525e-11,2.1242727e-16,0.0,0.0,0.0,7.480000000000001e-16,1.1933430845292287e-13,9.10568316727025e-12,1002.1501745221184,,,,0.010654834,1.7731674e-08,5869.79,0.77069503,-283.02805,0.0,0.0,0.0,-9.118422145512033e-13,1.0017525e-11,2.1242727e-16,0.0,0.0,0.0,7.480000000000001e-16,1.1933430845292287e-13,9.10568316727025e-12,1002.1501745221184,,,
