Unnamed: 0,index,icao24,callsign,latitude,longitude,groundspeed,altitude,cos_sza,flight_id,air_temperature,eastward_wind,northward_wind,true_airspeed,aircraft_mass,engine_efficiency,fuel_flow,fuel_burn,thrust,rocd,time,specific_humidity,air_pressure,rhi,fuel_flow_per_engine,thrust_setting,nox_ei,co_ei,hc_ei,nvpm_ei_m,nvpm_ei_n,co2,h2o,so2,sulphates,oc,nox,co,hc,nvpm_mass,nvpm_number,flight_phase,WAR,engine_model,SAF,LHV,ei_h2o,ei_co2_conservative,ei_co2_optimistic,water_injection_kg_s,mach,thrust_per_engine,ei_nox_py,ei_nvpm_mass_py,ei_nvpm_number_py,PT3,TT3,TT4,specific_humidity_gsp,FAR,fuel_flow_gsp,thrust_gsp,W3,W3_no_specific_humid,WAR_gsp,thrust_setting_meem,ei_nox_p3t3,ei_nvpm_number_p3t3_meem,ei_nvpm_mass_p3t3_meem,fuel_flow_corrected
0,2,adbb36,NKS2975,42.33370971679688,-71.06150540438568,102.8888888,701.0400000000001,0.73454044122487,34610D,275.83014,-1.2864192,-5.4107685,99.2834782090247,67343.74196974092,0.2537880364572139,1.0869729179327046,65.21837507596227,119837.39064242382,1608.209648924294,2023-05-05 14:02:00,0.0050456636168252,0.9318180291069952,0.9940861663099518,0.5434864589663523,0.6369363031925509,0.015744501581715,0.0002972933869945,6.170957081842912e-05,1.9658337606435325e-05,1286604481561927.0,206.0248468649648,80.67512996896534,0.0782620500911547,0.0015971846957378,0.0013043675015192,1.0268308095403746,0.0193889916206135,0.0040245979354129,0.0012820848353863,8.391025365291974e+16,climb,0,GTF2035,20,43245.0,1.263891304347826,3.0968000000000004,2.5659200000000006,0,0.2982038965210217,59.91869532121191,15.74450158171507,19.658337606435325,1286604481561927.0,30.4097191048517,780.039274852762,1448.16815442811,0.504566361683,0.0196060055666832,0.518706273647745,59.9190486440449,26.456499355952,26.323678926929404,0.50456636168252,0.6123733293562522,18.278389811117812,1243384782058232.0,16.81521050312364,1.0442422413065189
1,3,adbb36,NKS2975,42.276880296610166,-71.11520456713299,152.789999868,1203.96,0.7363812451945957,34610D,273.80478,-2.113641,-7.1190953,126.41496199883215,67278.52359466495,0.2522659582019566,1.6,96.0,159185.67490714684,3580.1170716085257,2023-05-05 14:03:00,0.0044824848846187,0.8767312586169648,0.9797143563341376,0.8,0.979919147554478,0.0210270932269092,0.0003087570652625,6.69626481518181e-05,3.628235539e-05,1450000000000000.0,303.264,118.752,0.1152,0.0023510204081632,0.0019199999999999,2.0186009497832886,0.0296406782652022,0.0064284142225745,0.0034831061174399,1.392e+17,climb,0,GTF2035,20,43245.0,1.263891304347826,3.0968000000000004,2.5659200000000006,0,0.3810966846573204,79.59283745357342,21.02709322690925,36.28235539,1450000000000000.0,40.8406057688944,853.305911325659,1602.27666061534,0.448248488462,0.0226630245693551,0.760540254130652,79.5925005429494,33.558638733466,33.4088839162992,0.4482484884618699,0.8649031249759521,26.148345698734648,1775193405795033.8,29.258797790616825,1.2503633719585792
2,4,adbb36,NKS2975,42.20421225337659,-71.07598593068673,150.217777648,2316.48,0.7390280300885036,34610D,269.0166,-3.4253201,-7.468064,154.52944598408692,67182.52359466495,0.2923224400882174,1.335648905056696,80.13893430340175,108973.94625373094,2411.323842856476,2023-05-05 14:04:00,0.0030623415283312,0.7642053006165694,0.8698594605344379,0.667824452528348,0.8909925870940346,0.0185396441782899,0.0003351058403508,7.267712064160219e-05,3.307440700136514e-05,1498194804488168.0,253.15889346444607,99.13186173330796,0.096166721164082,0.0019625861462057,0.001602778686068,1.4857473268124255,0.0268550249245608,0.0058242669964577,0.0026505477298063,1.2006373501057514e+17,climb,0,GTF2035,20,43245.0,1.263891304347826,3.0968000000000004,2.5659200000000006,0,0.4699794736138893,54.48697312686547,18.53964417828998,33.07440700136514,1498194804488168.0,32.6071895340385,816.478238582302,1506.11347856876,0.306234152833,0.0204507331215038,0.567723765892435,54.4870761398257,27.760558143291,27.675805375160632,0.30623415283312,0.7361980510938566,21.847583278758652,1275408431252892.2,18.989834992399484,1.0984066351480313
3,5,adbb36,NKS2975,42.12930970272775,-71.01849933003268,167.1944443,3063.24,0.7418187938955954,34610D,263.76962,-1.6321074,-6.422798,174.1747791507317,67102.38466036155,0.3010515440132995,1.0185806566457944,61.11483939874767,75932.98504166526,1303.4205553411234,2023-05-05 14:05:00,0.0021817209870491,0.6954628509278147,0.888516652711601,0.5092903283228972,0.701907763068685,0.0161000654956404,0.0003457066031007,7.283316452631321e-05,2.311479553746888e-05,1449750177188123.2,193.06177766064388,75.59905633625087,0.0733378072784972,0.0014966899444591,0.0012222967879749,0.9839529170753823,0.021127803527591,0.0044511871529281,0.0014126570170072,8.860124924715813e+16,climb,0,GTF2035,20,43245.0,1.263891304347826,3.0968000000000004,2.5659200000000006,0,0.5349708168407978,37.96649252083263,16.10006549564041,23.11479553746888,1449750177188123.2,26.2352673350616,779.176504980271,1417.45802127825,0.218172098705,0.0185801143694402,0.429450836997731,37.9666301137442,23.1134657440039,23.063148389135893,0.2181720987049099,0.6095808149014127,18.41475304878992,894079662384234.8,12.056585870511938,0.910502264374384
4,6,adbb36,NKS2975,42.04761052535752,-70.94178665515989,199.089999828,3467.1000000000004,0.7447821492337282,34610D,261.38864,-3.035068,-5.907847,186.6029832257384,67041.2698209628,0.3128021461019648,1.26427044466976,75.85622668018561,91405.133026886,2566.245373165002,2023-05-05 14:06:00,0.0019111139940766,0.66042770723412,0.9139496362209192,0.6321352223348801,0.8944223003209034,0.0185289260717509,0.0003536793390274,7.670530589390166e-05,3.43283429822463e-05,1479356222279878.8,239.6298200827064,93.8341524033896,0.0910274720162227,0.0018577035105351,0.0015171245336037,1.4055344162391448,0.0268287801133673,0.0058185750714607,0.0026040185668164,1.1221838093800554e+17,climb,0,GTF2035,20,43245.0,1.263891304347826,3.0968000000000004,2.5659200000000006,0,0.575747986597061,45.702566513443,18.528926071751,34.3283429822463,1479356222279878.8,30.678931125962,813.139268888644,1488.68646718765,0.191111399408,0.01994663873831,0.524502546419653,45.7025712852582,26.295284799653,26.2451273694609,0.19111139940766,0.7246073013166141,21.68043518653939,1121258555114444.6,16.578119894254076,1.0446210559166131
5,7,adbb36,NKS2975,41.9575784974179,-70.85792009220563,205.7777776,4259.58,0.747830633118004,34610D,257.85812,0.7184104,-7.649014,192.6380573546948,66965.41359428263,0.312238833405241,0.963504644834412,57.81027869006473,67356.28043591588,1239.293403108693,2023-05-05 14:07:00,0.0012983573822171,0.5958307384093393,0.7730838493181981,0.481752322417206,0.7213217575166994,0.0159001356982029,0.0003755922675673,7.946045772463576e-05,2.4708829773214093e-05,1524988999540826.2,182.62267038191447,71.51131473961007,0.0693723344280776,0.0014157619271036,0.0011562055738012,0.919191275922961,0.0217130936619031,0.0045936312059012,0.0014284243352948,8.816003906273816e+16,climb,0,GTF2035,20,43245.0,1.263891304347826,3.0968000000000004,2.5659200000000006,0,0.5984238492095458,33.67814021795794,15.900135698202975,24.70882977321409,1524988999540826.2,24.6217992940581,781.021886207179,1414.00473874738,0.129835738222,0.0184017073270868,0.399758017233039,33.6780333909706,21.7239634414033,21.695794546390925,0.12983573822171,0.6155537329588683,18.479136776185896,794445918930734.1,10.77858127561221,0.8627217972963886
6,8,adbb36,NKS2975,41.858001708984375,-70.78041770241475,227.384444248,4640.58,0.7508662482291633,34610D,256.15015,4.138135,-9.941285,199.3711928838922,66907.60331559255,0.3139035848158071,1.2955394802228184,77.7323688133691,96102.71504663969,2784.8688866994785,2023-05-05 14:08:00,0.000939944141685,0.5666510718470681,0.6240218670489098,0.6477697401114092,1.0,0.0205810428227182,0.0003867545839395,8.387860243272258e-05,3.628235539e-05,1450000000000000.0,245.55655308143292,96.1549402221376,0.0932788425760429,0.0019036498484906,0.0015546473762673,1.5998132112592789,0.0300633499590531,0.0065200824598503,0.0028203134305932,1.127119347793852e+17,climb,0,GTF2035,20,43245.0,1.263891304347826,3.0968000000000004,2.5659200000000006,0,0.6214015538587923,48.05135752331984,20.58104282271826,36.28235539,1450000000000000.0,31.628677804784,841.705351332078,1558.02269173362,0.0939944141685,0.0214186232326074,0.566116699951474,48.0510299584006,26.4310499233968,26.406229542634208,0.0939944141684999,0.8259976233562115,24.725376176112817,1201746494785081.8,18.72120176028317,1.095497359371007
7,9,adbb36,NKS2975,41.74562615863347,-70.81927632176598,209.378888708,5494.02,0.753067373382533,34610D,251.51663,6.00367,-10.860373,208.90607995325496,66829.87094677918,0.3261194143170244,1.041405297668932,62.48431786013592,70117.24030889387,2090.112003780266,2023-05-05 14:09:00,0.0005203404175545,0.5054732103053465,0.4796227380561337,0.520702648834466,0.8484454205935175,0.0166235094240069,0.0004091507636746,8.873584352052842e-05,3.396723625343168e-05,1484781330818482.2,197.38796012016937,77.29310119298815,0.0749811814321631,0.0015302281924931,0.0012496863572027,1.0387086468006146,0.0255655063701638,0.0055445986521239,0.0021224195868897,9.277554862765768e+16,climb,0,GTF2035,20,43245.0,1.263891304347826,3.0968000000000004,2.5659200000000006,0,0.6570901505901542,35.058620154446935,16.62350942400694,33.967236253431686,1484781330818482.2,25.4180844930908,801.624331887329,1459.98449889455,0.0520340417555,0.0193018155916584,0.425254948393617,35.059418463837,22.0318625662032,22.02040445975189,0.05203404175545,0.6848324168243779,20.161416039599047,856826737089278.4,12.334837706385002,0.9044608693063432
8,10,adbb36,NKS2975,41.6669528767214,-70.9253710369731,213.49444426,6134.1,0.7545760946383383,34610D,246.84294,4.270852,-10.009081,206.95130250113093,66767.38662891905,0.3260910181568276,0.9410526073733944,56.46315644240366,63953.45817181043,1936.3417881239943,2023-05-05 14:10:00,0.0004684526836327,0.4631952510881937,0.6287453406888607,0.4705263036866972,0.77910409158743,0.0158014525964009,0.0004204305481982,9.000136708320519e-05,3.172523093956427e-05,1518464231748586.0,178.36711120155314,69.84492451925333,0.0677557877308843,0.0013827711781813,0.001129263128848,0.8921998899678143,0.0237388358160837,0.0050817612696492,0.001791306677712,8.573728346941469e+16,climb,0,GTF2035,20,43245.0,1.263891304347826,3.0968000000000004,2.5659200000000006,0,0.6570750917253932,31.976729085905216,15.801452596400985,31.72523093956428,1518464231748585.8,23.2326146144969,787.456207837672,1434.10071588029,0.0468452683633,0.0188547512816655,0.383466577499413,31.9771431120951,20.3379281843032,20.32840528829193,0.04684526836327,0.6366587944413011,18.817709025767314,758949686840789.6,10.50655683008843,0.8367892461797961
9,11,adbb36,NKS2975,41.58511404263771,-71.0350426962209,218.124444256,6728.46,0.7560716655139696,34610D,242.3995,3.0782795,-8.587745,202.79184916216585,66710.92347247664,0.3225009781243663,0.9932107176115949,59.592643056695685,68124.19701767732,2204.750255779897,2023-05-05 14:11:00,0.0003444734313278,0.4265461853884109,0.6723451422557843,0.4966053588057973,0.8317842141323173,0.0161124768779943,0.0004306997453162,9.312730344688449e-05,3.628235539e-05,1450000000000000.0,188.25315941610165,73.71609946113257,0.0715111716680348,0.0014594116666945,0.0011918528611339,0.9601850833495786,0.0256665361872426,0.0055497021531427,0.0021621614540124,8.640933243220874e+16,climb,0,GTF2035,20,43245.0,1.263891304347826,3.0968000000000004,2.5659200000000006,0,0.6497433681145397,34.06209850883866,16.112476877994332,36.28235538999999,1449999999999999.8,23.415559482548,794.858749106202,1463.51093432057,0.0344473431328,0.0195997616787463,0.397179866081857,34.061797692158,20.2645252831085,20.25754709634993,0.03444734313278,0.6614256252448183,19.332617534728527,819835907850464.1,11.592412733108366,0.862762327472295
10,12,adbb36,NKS2975,41.50187864141949,-71.1456724654796,214.523333148,7406.64,0.7575649271509699,34610D,237.61363,1.9267893,-6.9764676,199.2435704526901,66651.33082941995,0.3025315000046684,1.1601636587827788,69.60981952696673,75977.50023192196,2546.520080217266,2023-05-05 14:12:00,0.0002120667614961,0.3876339764052093,0.6271664498265836,0.5800818293913894,0.989838504588602,0.0192303368940197,0.0004446010667823,9.642423818724784e-05,3.628235539e-05,1450000000000000.0,219.8974198856879,86.10734675485786,0.08353178343236,0.0017047302741297,0.0013921963905393,1.338620280635487,0.0309486000202159,0.0067120738182395,0.0025256082107111,1.0093423831410176e+17,climb,0,GTF2035,20,43245.0,1.263891304347826,3.0968000000000004,2.5659200000000006,0,0.6447715243800279,37.98875011596098,19.230336894019786,36.28235538999999,1450000000000000.0,24.6407464127123,825.244381567243,1544.12468987702,0.0212066761496,0.0214013534923774,0.4428628419083,37.9890887360821,20.6932165325916,20.688829119601056,0.0212066761496099,0.7671587048381587,21.853488821734302,938141441726157.6,14.211444287172716,0.938457513896662
11,13,adbb36,NKS2975,41.420196533203125,-71.25376614657318,202.691110936,8191.5,0.759067100966117,34610D,232.04587,2.1178393,-6.634528,198.19017507643352,66581.72100989298,0.3006943078153445,1.055096919744164,63.30581518464984,69042.24409692555,2119.348781622959,2023-05-05 14:13:00,0.000160628070006,0.3462416263551337,0.7897437683644509,0.527548459872082,0.9219893399928756,0.0173822164169547,0.0004613304512209,0.0001000524754326,3.628235539e-05,1450000000000000.0,199.9830701683088,78.30929338341186,0.0759669782215798,0.0015503464943179,0.0012661163036929,1.1003953799913242,0.0292049002840439,0.0063339035185043,0.0022968840847831,9.179343201774227e+16,climb,0,GTF2035,20,43245.0,1.263891304347826,3.0968000000000004,2.5659200000000006,0,0.6490115373592442,34.52112204846278,17.38221641695476,36.28235538999999,1450000000000000.0,22.4126799988591,813.881457738035,1525.40234799943,0.0160628070006,0.021096895326709,0.399780397390174,34.5208437996616,18.9497265450261,18.946683175874544,0.0160628070006,0.7271757081867782,20.450919035817336,841249891315019.9,12.457779269035392,0.8711244195089319
12,14,adbb36,NKS2975,41.348876953125,-71.35638427734375,187.257777616,8846.82,0.7605546645770431,34610D,226.86798,3.199332,-6.3190084,197.8482244171017,66518.41519470833,0.3194093130480372,0.7745192842122365,46.47115705273419,53929.5890923848,1326.051736591374,2023-05-05 14:14:00,0.0001231745968872,0.3144909782095851,1.0073139414040289,0.3872596421061182,0.6850155748262701,0.0141679678386882,0.0004723636972662,9.914694165804192e-05,3.628235539e-05,1450000000000000.0,146.8023851295873,57.4848212742322,0.055765388463281,0.0011380691523118,0.0009294231410546,0.6584018585497696,0.0219512875616687,0.0046074730970891,0.0016860830355718,6.738317772646458e+16,climb,0,GTF2035,20,43245.0,1.263891304347826,3.0968000000000004,2.5659200000000006,0,0.6552435699955791,26.9647945461924,14.16796783868827,36.28235538999999,1450000000000000.0,18.3020577902882,762.767479673948,1412.74295111819,0.0123174596887,0.0188384407916727,0.304249011067455,26.9651974765909,16.1504348704881,16.14844579218729,0.0123174596887199,0.5586074269288925,16.333262271866406,613530580279772.2,7.784734699050464,0.696500025293324
13,15,adbb36,NKS2975,41.293650481660485,-71.466064453125,187.257777616,9258.3,0.761902957841859,34610D,223.61313,4.3287,-6.1829333,196.18360277358377,66471.9440376556,0.3158657186820743,0.7607493392609994,45.64496035565996,52827.5938351182,1201.298095341258,2023-05-05 14:15:00,9.4692201181705e-05,0.2957901497200583,1.0806904387390293,0.3803746696304997,0.677009386424676,0.0139971788164161,0.0004794275659793,0.0001004487695684,3.628235539e-05,1450000000000000.0,144.19242976352982,56.46281595995138,0.0547739524267919,0.001117835763812,0.0009128992071131,0.6389006721663995,0.0218834522425361,0.0045849801047273,0.0016561066733865,6.618519251570694e+16,climb,0,GTF2035,20,43245.0,1.263891304347826,3.0968000000000004,2.5659200000000006,0,0.6544421791247153,26.4137969175591,13.997178816416168,36.28235539,1450000000000000.0,17.7336652377258,761.211723322551,1414.45303388142,0.00946922011817,0.0189351977592531,0.296100509698167,26.4141120656648,15.6375715460099,15.636090930141847,0.0094692201181705,0.5539599952580415,16.10503010614689,600426403887715.1,7.569212365448403,0.6803138205754329
14,16,adbb36,NKS2975,41.23657743809586,-71.57805009321731,190.858888724,9631.68,0.7632410852395264,34610D,221.12718,5.4733505,-7.13427,195.44912230404412,66426.29907729993,0.3186536741405922,0.6893868392740846,41.36321035644508,48476.09771781439,776.6464186274303,2023-05-05 14:16:00,6.407456486468279e-05,0.2796100192873563,0.9416865614496464,0.3446934196370423,0.6222065507372134,0.0133500220266807,0.0004893511473224,0.0001012122718758,3.5157071372860776e-05,1466905771736173.0,130.66638151601,51.166291210922566,0.049635852427734,0.0010129765801578,0.0008272642071289,0.5521997693527717,0.0202411344448677,0.0041864644922535,0.0014542093387121,6.067593200940674e+16,climb,0,GTF2035,20,43245.0,1.263891304347826,3.0968000000000004,2.5659200000000006,0,0.6556466888119233,24.238048858907195,13.350022026680763,35.15707137286077,1466905771736173.0,16.4233594325575,747.573365259804,1386.30894642239,0.00640745648647,0.018406855967733,0.269560991197189,24.2379821724491,14.6445971908362,14.643658904763848,0.0064074564864682,0.5144322533303889,15.186748061785794,527173520975482.4,6.236270288972147,0.6269429288665435
15,17,adbb36,NKS2975,41.177642822265625,-71.69392903645833,198.575555384,9872.98,0.7645573146636191,34610D,219.86382,5.6604815,-8.219046,197.279342093832,66384.93586694349,0.2922658037008009,0.895215584319699,53.712935059181945,57200.98208813309,1189.3522714145322,2023-05-05 14:17:00,4.8880365389371706e-05,0.2695403304314351,0.8124873594506352,0.4476077921598495,0.8218516216995283,0.014980693079463,0.0004984899966312,0.0001075872016283,3.628235539e-05,1450000000000000.0,169.67916185195574,66.44290066820807,0.0644555220710183,0.0013154188177758,0.0010742587011836,0.8046569945187371,0.0267753608167055,0.0057788243742642,0.0019488317988572,7.788375583581382e+16,climb,0,GTF2035,20,43245.0,1.263891304347826,3.0968000000000004,2.5659200000000006,0,0.6636848933307167,28.600491044066544,14.980693079463084,36.28235539,1450000000000000.0,18.5805136152709,796.6952404955,1502.06149248358,0.00488803653894,0.0208026908454414,0.329561855716702,28.6004224340942,15.8422705103518,15.841496172230586,0.0048880365389371,0.6676892311811726,18.23879896126414,691130215957326.0,9.821370046345017,0.7488496253145678
16,18,adbb36,NKS2975,41.117683022709215,-71.81088534268468,198.575555384,10241.28,0.7658686040212226,34610D,218.69447,5.1313605,-9.125577,200.85882773300435,66331.22293188432,0.3034769375864389,0.794717151342419,47.68302908054514,51787.72262807372,1015.4831565842608,2023-05-05 14:18:00,3.445455361496127e-05,0.2547386021617818,0.6285440586883815,0.3973585756712095,0.7593112700810815,0.0141781841307702,0.0005188400080654,0.0001106314000306,3.628235539e-05,1450000000000000.0,150.6306888654421,58.98390697263434,0.0572196348966541,0.0011677476509521,0.0009536605816109,0.6760587662168399,0.0247398631927353,0.0052752402648805,0.001730052607172,6.9140392166790456e+16,climb,0,GTF2035,20,43245.0,1.263891304347826,3.0968000000000004,2.5659200000000006,0,0.6775310660121562,25.89386131403685,14.178184130770218,36.28235539,1450000000000000.0,17.1660473301327,781.756039452988,1467.0418559213,0.0034454553615,0.0200697248694924,0.29764493121937,25.8939898985245,14.830543674857,14.830032712699786,0.0034454553614961,0.6179452923815895,17.025865770729958,604445630748223.1,8.220397698644245,0.6864954954708985
17,19,adbb36,NKS2975,41.05769348144531,-71.92901611328125,200.118888716,10553.7,0.7671690998916549,34610D,218.34236,4.14666,-8.860906,202.4418557533254,66283.53990280376,0.2906109063055128,0.8553006705534847,51.31804023320908,52955.35328863655,1074.3185968988298,2023-05-05 14:19:00,2.7902153490394275e-05,0.2427050189404938,0.5074580287220339,0.4276503352767423,0.8538449548773103,0.0146855210663999,0.0005422010411322,0.000117591535967,3.628235539e-05,1450000000000000.0,162.11368909670747,63.48041576847964,0.0615816482798508,0.0012567683322418,0.0010263608046641,0.7536321609311513,0.027824694843312,0.00603456717384,0.0018619393736596,7.441115833815317e+16,climb,0,GTF2035,20,43245.0,1.263891304347826,3.0968000000000004,2.5659200000000006,0,0.6834213239759718,26.47767664431828,14.685521066399932,36.28235538999999,1450000000000000.0,17.3609862229712,803.084752025604,1516.90439415533,0.00279021534904,0.0211138911868051,0.310826179144597,26.4783318222399,14.7214066982994,14.72099595081085,0.0027902153490394,0.6898280820761366,18.23876511911313,636502552178091.0,9.196097214083483,0.7143245446292319
18,20,adbb36,NKS2975,40.98407810017214,-72.03810258345169,209.893333152,10881.36,0.7686056785612929,34610D,218.35275,3.2072973,-7.807153,204.29639887060324,66232.22186257056,0.3277077276965116,0.5516155560722783,33.0969333643367,38162.94966815802,125.6454857084058,2023-05-05 14:20:00,2.288913848450473e-05,0.2305832221844504,0.394964774958306,0.2758077780361391,0.5807258379282662,0.0119893683498508,0.0005713796017568,0.0001169372403055,3.2189588346927085e-05,1511487930465258.0,104.55321249793964,40.9409065716845,0.039716320037204,0.0008105371436164,0.0006619386672867,0.3968113253555008,0.0189109126050861,0.0038702640502018,0.0010653766605436,5.002561531560782e+16,cruise,0,GTF2035,20,43245.0,1.263891304347826,3.0968000000000004,2.5659200000000006,0,0.6896656434767214,19.08147483407901,11.989368349850842,32.18958834692709,1511487930465258.0,13.4694902055524,735.295306958668,1360.11910658678,0.00228891384845,0.0179082963315485,0.217440619990591,19.0814004643271,12.1418931184164,12.141615207304492,0.0022889138484504,0.4811858492308192,13.813591055591468,396237575042398.7,4.375590606934793,0.5062626448259819
19,21,adbb36,NKS2975,40.90168063923464,-72.14147394353694,211.951110928,10919.46,0.7701278978884339,34610D,218.4861,3.2911646,-7.767024,206.6961848458604,66199.12492920621,0.3308009155790971,0.5269049162416709,31.61429497450025,36370.22193767951,25.16007213571737,2023-05-05 14:21:00,2.240268763081222e-05,0.2292061352197232,0.3777157137532799,0.2634524581208354,0.5605653436454935,0.0117540438236028,0.0005760405933324,0.0001172555482513,3.00451507461062e-05,1543705017022757.0,99.86955782444628,39.10688288345682,0.0379371539694003,0.0007742276320285,0.00063228589949,0.3715958085825817,0.0182111172348978,0.0037069514898159,0.0009498562582407,4.880314576177338e+16,cruise,0,GTF2035,20,43245.0,1.263891304347826,3.0968000000000004,2.5659200000000006,0,0.6975538607196443,18.185110968839755,11.7540438236028,30.0451507461062,1543705017022757.0,13.07905534593,729.866211168088,1345.82239263431,0.00224026876308,0.0176040546556134,0.208785912261559,18.1856196326993,11.8601036151057,11.859837922861365,0.0022402687630812,0.4673729223137703,13.510068952458557,369904164832781.0,3.947253508559484,0.4821759252529702
20,22,adbb36,NKS2975,40.81732177734375,-72.24676513671875,216.581110924,10927.08,0.7716432931004185,34610D,218.59215,3.4177897,-7.8358765,208.960331548565,66167.51063423172,0.3330473340282098,0.5066131711215479,30.396790267292875,34825.55510299429,-25.17188784011327,2023-05-05 14:22:00,2.24178325451426e-05,0.2289315186653853,0.3723992472131323,0.2533065855607739,0.5417538918652253,0.0115599902026207,0.0005776697903229,0.0001169746733844,2.804837470344929e-05,1573703701329352.0,96.02346045437818,37.60082956064129,0.0364761483207514,0.0007444111902194,0.0006079358053458,0.3513865976810224,0.0175593074601983,0.0035556546134524,0.0008525805631991,4.783554135217082e+16,cruise,0,GTF2035,20,43245.0,1.263891304347826,3.0968000000000004,2.5659200000000006,0,0.7050237843358574,17.412777551497143,11.559990202620716,28.04837470344929,1573703701329352.0,12.787812026845,725.52913470344,1333.26922853611,0.00224178325451,0.0173265679449129,0.201975881987236,17.4129288791812,11.657004585639,11.656743266720424,0.0022417832545142,0.4563482217239789,13.286314804668828,347818015665876.94,3.6006073618537515,0.4628226721009583
21,23,adbb36,NKS2975,40.73323059082031,-72.35101318359375,214.008888704,10919.46,0.7731623280895559,34610D,218.69136,3.5510585,-7.925009,210.55587630440868,66137.11384396443,0.3339593980752297,0.5063943066598434,30.383658399590605,34641.33142753284,0.0,2023-05-05 14:23:00,2.270523993927356e-05,0.2292061352197232,0.3728385334617569,0.2531971533299217,0.5426060569297089,0.0115664504885754,0.0005778285035347,0.0001170349528785,2.7872834168706044e-05,1576340945052372.0,95.98197688430672,37.58458544029358,0.0364603900795087,0.0007440895934593,0.0006076731679918,0.3514310805406557,0.0175565438649475,0.0035559500290739,0.0008468786720104,4.7895004795759096e+16,cruise,0,GTF2035,20,43245.0,1.263891304347826,3.0968000000000004,2.5659200000000006,0,0.7102459818230491,17.32066571376642,11.566450488575496,27.87283416870605,1576340945052372.0,12.8055870050907,725.756433231821,1332.48640658416,0.00227052399393,0.0172959183508904,0.201963973976012,17.3207435004441,11.676973137747,11.676708015289812,0.0022705239939273,0.4569200373448862,13.30054572581245,346617103419491.7,3.594091762425986,0.4626303540198981
22,24,adbb36,NKS2975,40.64973449707031,-72.4552001953125,214.008888704,10919.46,0.7746759656857117,34610D,218.8358,3.7115698,-7.9045286,211.6245886420383,66106.73018556484,0.3346940890207443,0.4975455375348505,29.85273225209103,33938.62233212443,75.63493508800241,2023-05-05 14:24:00,2.274425548558645e-05,0.2292061352197232,0.3666130184631651,0.2487727687674252,0.5349767204004758,0.0114810576037662,0.0005790887656337,0.0001170363693026,2.6987101695115068e-05,1589647799846162.5,94.30478118435556,36.92782979583661,0.0358232787025092,0.0007310873204593,0.0005970546450418,0.342740938616067,0.0172873818706572,0.00349385539655,0.0008056387211642,4.745533014393308e+16,cruise,0,GTF2035,20,43245.0,1.263891304347826,3.0968000000000004,2.5659200000000006,0,0.7136152944609915,16.969311166062216,11.481057603766228,26.98710169511507,1589647799846162.5,12.6703641402339,723.950774438929,1327.0569417377,0.00227442554856,0.01717442116819,0.198881247404714,16.9693343769044,11.5800844440147,11.579821069605815,0.0022744255485586,0.4523775358550674,13.1891029352109,338140484840478.75,3.4597916450638118,0.4540559603996337
23,25,adbb36,NKS2975,40.56552692995233,-72.55901683460581,214.523333148,10942.32,0.7761932205669959,34610D,219.03848,3.9691448,-7.7152333,210.984706959254,66076.87745331274,0.3342884738056294,0.4682096913879092,28.09258148327455,31995.60174938089,0.0,2023-05-05 14:25:00,2.2336687649202023e-05,0.2283830848108751,0.3495442181563957,0.2341048456939546,0.5066694879468853,0.0111683053304971,0.0005829958439471,0.0001168500144828,2.507422133484892e-05,1542235574412643.0,88.7444649056643,34.75052329481062,0.0337110977799294,0.0006879815873454,0.0005618516296654,0.3137465275270812,0.0163778582504957,0.0032826185531805,0.0007043996059789,4.33253785405919e+16,cruise,0,GTF2035,20,43245.0,1.263891304347826,3.0968000000000004,2.5659200000000006,0,0.711128321882344,15.997800874690444,11.168305330497168,25.07422133484892,1542235574412643.0,12.151116760391,717.129997141467,1310.38347368318,0.00223366876492,0.0168368860727616,0.188314668637548,15.99750290576,11.1846494549963,11.184399632555165,0.0022336687649202,0.4355061721851638,12.77879748299769,311744085516115.4,3.0198404397426137,0.4251501692281452
24,26,adbb36,NKS2975,40.48089496159957,-72.66307484019887,216.06666648,10942.32,0.7777080491781116,34610D,219.20052,4.2375827,-7.5854483,209.66620129247912,66048.78487182947,0.3335223317800732,0.4970756821668612,29.824540930011675,34103.461885889235,75.8158321048127,2023-05-05 14:26:00,2.2327353679647884e-05,0.2283830848108751,0.342222936138786,0.2485378410834306,0.5387012828363704,0.0114641027114793,0.0005844203752983,0.0001182393580082,2.7342147137766947e-05,1584313753402758.2,94.21572479790689,36.89295713042445,0.035789449116014,0.0007303969207349,0.0005964908186002,0.3419116005443731,0.0174300694034186,0.0035264345724556,0.0008154669864247,4.725143038434098e+16,cruise,0,GTF2035,20,43245.0,1.263891304347826,3.0968000000000004,2.5659200000000006,0,0.7064230485985559,17.05173094294462,11.464102711479333,27.342147137766947,1584313753402758.0,12.6162120664354,725.128723514369,1330.88745978374,0.00223273536796,0.0172626904209975,0.198734644246886,17.0517016316211,11.5123795538357,11.512122518604624,0.0022327353679647,0.4553409060395011,13.217248427514408,338933844295080.44,3.498398731715017,0.4538805004178497
25,27,adbb36,NKS2975,40.39595031738281,-72.76727294921875,216.581110924,10965.18,0.779220595919806,34610D,219.42061,4.6914234,-7.319434,209.20468563986176,66018.96033089946,0.3334130025818087,0.4813994800620922,28.883968803725534,33089.95680779314,0.0,2023-05-05 14:27:00,2.177215362015206e-05,0.2275624291978954,0.3232896287289075,0.2406997400310461,0.5253112271713797,0.0112966399673929,0.0005885158957367,0.0001186102990054,2.6159766024979103e-05,1593473560564453.8,91.24445745096897,35.72946941020849,0.0346607625644706,0.0007073625013157,0.0005776793760745,0.3262917964050958,0.0169986747729555,0.0034259361762725,0.0007555978657782,4.602584061290513e+16,cruise,0,GTF2035,20,43245.0,1.263891304347826,3.0968000000000004,2.5659200000000006,0,0.7045144251317277,16.54497840389657,11.29663996739291,26.159766024979103,1593473560564453.5,12.3302423418258,721.98670500273,1323.34854360505,0.00217721536202,0.017111178158133,0.193145271200591,16.5450943940608,11.2876664257504,11.287420674293504,0.0021772153620152,0.4474720655592972,13.007896531962684,325493620388481.44,3.280737571674722,0.4385713667357236
26,28,adbb36,NKS2975,40.31016540527344,-72.87213134765625,216.06666648,10965.18,0.7807297452390694,34610D,219.56456,5.1463633,-7.1087775,208.9101535661836,65990.07636209573,0.3332382879962621,0.4728795614350591,28.37277368610355,32533.092501625106,-50.6174706062484,2023-05-05 14:28:00,2.1739086665834817e-05,0.2275624291978954,0.3169224841957165,0.2364397807175295,0.5171238285669191,0.0112055886243798,0.0005897910472984,0.0001185819482964,2.565205216683718e-05,1569509337010066.0,89.6295920744011,35.0971210497101,0.0340473284233242,0.0006948434372106,0.000567455473722,0.3179336300591056,0.0167340079070889,0.0033644987822715,0.0007278198707137,4.453133321721303e+16,cruise,0,GTF2035,20,43245.0,1.263891304347826,3.0968000000000004,2.5659200000000006,0,0.7032919254665593,16.26654625081255,11.20558862437984,25.652052166837183,1569509337010066.0,12.1822165368101,720.083334661159,1318.55735759645,0.00217390866658,0.0170125853889767,0.190113455926937,16.2665614437481,11.1748715189474,11.174628592727965,0.0021739086665834,0.4427530931231792,12.891441579013364,317889686724552.9,3.1560313548244627,0.4302529163246662
27,29,adbb36,NKS2975,40.22765078787076,-72.97219016335225,203.719999824,10949.94,0.7822542057008692,34610D,219.64497,5.5557923,-6.91725,208.8465209105765,65961.70358840963,0.3331225778285259,0.4876624929477479,29.25974957686488,33548.695379051394,25.31600590329093,2023-05-05 14:29:00,2.20400988135168e-05,0.2281092671150505,0.3187975748200632,0.2438312464738739,0.5327008933237013,0.0113619804702076,0.0005890603161926,0.0001189740349942,2.6655960411964263e-05,1594622720719564.0,92.43154891331612,36.194310226581855,0.0351116994922378,0.0007165652957599,0.0005851949915372,0.3324487032555047,0.0172357573374645,0.0034811504700818,0.0007799467263848,4.665826147783338e+16,cruise,0,GTF2035,20,43245.0,1.263891304347826,3.0968000000000004,2.5659200000000006,0,0.7029490135677945,16.774347689525698,11.361980470207632,26.655960411964266,1594622720719564.0,12.4359807977604,723.895158104319,1327.87129116197,0.00220400988135,0.0172013953060495,0.195456307870551,16.7743193582403,11.362817050185,11.362566618093965,0.0022040098813516,0.4522376216676146,13.113497787855588,331092915366684.56,3.3862626082647225,0.4449724571490154
28,30,adbb36,NKS2975,40.14761352539063,-73.06964111328125,205.263333156,10957.56,0.7837818259396114,34610D,219.74088,6.1535983,-6.7084494,208.63681125967184,65932.44383883277,0.3330318119501534,0.4831689945783429,28.99013967470057,33263.91018428137,50.67254995627308,2023-05-05 14:30:00,2.1877284474123847e-05,0.2278357153099147,0.3122252911852494,0.2415844972891714,0.5291754675010555,0.0113133121014187,0.0005906318073691,0.0001191703024935,2.631465087378316e-05,1599750404980589.5,91.5798512323791,35.86080277760461,0.0347881676096406,0.0007099626042783,0.000579802793494,0.3279744980036086,0.0171224985919511,0.0034547637143648,0.0007628654043219,4.63769876850461e+16,cruise,0,GTF2035,20,43245.0,1.263891304347826,3.0968000000000004,2.5659200000000006,0,0.7020899101420564,16.631955092140686,11.313312101418711,26.314650873783155,1599750404980589.5,12.3509258782826,723.096715028503,1325.99084060091,0.00218772844741,0.0171640011177084,0.193853393210291,16.6322444283703,11.294184373496,11.293937292817011,0.0021877284474123,0.4502330396960252,13.056394745898782,327297550993749.25,3.327207047829608,0.4405950045231979
29,31,adbb36,NKS2975,40.06581115722656,-73.1683349609375,208.34999982,10972.8,0.7853063029107428,34610D,219.84619,6.817766,-6.540837,207.8147441591984,65903.45369915807,0.3321937901278369,0.4996003121045153,29.97601872627092,34444.29594003761,50.71920507620509,2023-05-05 14:31:00,2.1527684718087204e-05,0.2272894085815235,0.3024182480254996,0.2498001560522576,0.5490345304999152,0.011477802795519,0.0005930168318932,0.0001203278759559,2.810038545525001e-05,1572922314688844.2,94.69424315628984,37.08033516439713,0.0359712224715251,0.0007341065810515,0.0005995203745254,0.344058831534925,0.0177762836578252,0.0036069506629493,0.000842337680622,4.714994876008219e+16,cruise,0,GTF2035,20,43245.0,1.263891304347826,3.0968000000000004,2.5659200000000006,0,0.6991560378158481,17.222147970018806,11.477802795519093,28.10038545525001,1572922314688844.2,12.5965169382478,728.019155083158,1338.5294677933,0.00215276847181,0.0174245802680145,0.199659256962921,17.2221335069436,11.4584830103154,11.458236341016024,0.0021527684718087,0.462698853554621,13.317490900210684,342642963600859.94,3.6108758977882567,0.4566646241105093
30,32,adbb36,NKS2975,39.98304748535156,-73.2679443359375,210.92222204,10988.04,0.7868258968130424,34610D,219.94463,7.497624,-6.448372,208.069510635659,65873.4776804318,0.3326550413130737,0.4832999358856013,28.997996153136075,33325.89789630989,-50.73210038647563,2023-05-05 14:32:00,2.1080742336560872e-05,0.2267441630463499,0.291754666552426,0.2416499679428006,0.5334094980010834,0.0113087139075429,0.0005953503134699,0.0001202689009212,2.6639658888448447e-05,1594867627633119.0,91.60466984775684,35.87052124142933,0.0347975953837632,0.0007101550078319,0.0005799599230627,0.3279300423878457,0.0172639660997703,0.0034875571262568,0.000772496725968,4.624796533086644e+16,cruise,0,GTF2035,20,43245.0,1.263891304347826,3.0968000000000004,2.5659200000000006,0,0.699856438993281,16.662948948154945,11.30871390754291,26.639658888448448,1594867627633119.0,12.3211908929248,724.291041630593,1329.15241421511,0.00210807423366,0.0172308494282599,0.193887202010944,16.6630520065726,11.2523298876348,11.252092685168156,0.002108074233656,0.4532335470965902,13.092280890089985,327858682395615.25,3.363164407924545,0.4408163280581683
31,33,adbb36,NKS2975,39.89927673339844,-73.36860988451087,209.893333152,10972.8,0.7883398363587107,34610D,219.95804,8.037961,-6.4250855,208.7716441079882,65844.47968427866,0.3328689640412365,0.4936806804367597,29.620840826205583,33949.031027695484,0.0,2023-05-05 14:33:00,2.095385764162941e-05,0.2272894085815235,0.2902011613010916,0.2468403402183798,0.5440421411463179,0.0114216384941554,0.0005940129725943,0.0001203616642601,2.748412145732074e-05,1582180793721275.5,93.57223616998344,36.64098010201631,0.0355450089914467,0.0007254083467642,0.0005924168165241,0.338318535809842,0.0175951637099188,0.0035652136986275,0.0008141027869353,4.686552544909751e+16,cruise,0,GTF2035,20,43245.0,1.263891304347826,3.0968000000000004,2.5659200000000006,0,0.7021967068368024,16.97451551384774,11.421638494155484,27.48412145732074,1582180793721275.5,12.5091666656394,726.864834815068,1334.83537038622,0.00209538576416,0.0173397192865714,0.197614686719576,16.9744748873791,11.3966485531641,11.39640975441648,0.0020953857641629,0.4597507394161664,13.247920179167307,336667116073328.3,3.519077297912773,0.4509443283686168
32,34,adbb36,NKS2975,39.81587219238281,-73.46868100373644,208.34999982,10972.8,0.7898529890994073,34610D,220.0315,8.636989,-6.4704223,209.33099153376423,65814.85884345246,0.3332871864818371,0.4859509193578374,29.157055161470247,33370.057333657445,25.3802552974932,2023-05-05 14:34:00,2.03159892662917e-05,0.2272894085815235,0.2787534710453986,0.2429754596789187,0.5364698406385795,0.0113442946876334,0.0005946679024128,0.000120236242657,2.67107574134344e-05,1593799474690498.5,92.10713725508452,36.0672772347387,0.0349884661937642,0.0007140503304849,0.0005831411032294,0.3307662259753015,0.0173387648334063,0.0035057347595585,0.0007788070273081,4.647049919987317e+16,cruise,0,GTF2035,20,43245.0,1.263891304347826,3.0968000000000004,2.5659200000000006,0,0.7039605624677119,16.68502866682872,11.344294687633422,26.7107574134344,1593799474690498.5,12.3857078304963,725.04288575574,1329.90067346993,0.00203159892663,0.0172340546727853,0.194879047571648,16.685354409602,11.3077886354501,11.307558911204634,0.0020315989266291,0.4551249637208363,13.141568532039948,329344218535861.4,3.3972758268778533,0.4434005821958823
33,35,adbb36,NKS2975,39.73345223119704,-73.56719970703125,207.321110932,10980.42,0.7913690124165234,34610D,220.16779,9.244214,-6.633498,209.01141908987307,65785.70178829099,0.3331499474588869,0.4763489930317012,28.58093958190208,32747.22055517453,0.0,2023-05-05 14:35:00,1.8988778035849087e-05,0.2270166532634303,0.2557671586442746,0.2381744965158506,0.5275501229284846,0.0112416166488934,0.0005966146793681,0.0001203208077817,2.602743842550681e-05,1587227664130240.0,90.28718813922865,35.35462226281287,0.0342971274982824,0.0006999413775159,0.000571618791638,0.3212959662449278,0.0170518081046976,0.0034388817376564,0.000743888645111,4.536445797122995e+16,cruise,0,GTF2035,20,43245.0,1.263891304347826,3.0968000000000004,2.5659200000000006,0,0.7026682323570259,16.373610277587265,11.241616648893435,26.02743842550681,1587227664130240.0,12.2151658341021,722.997498185518,1324.86538210583,0.00189887780358,0.0171314116396385,0.19145580176545,16.3736230466422,11.1757166188489,11.175504409676227,0.0018988778035849,0.4499862535129737,13.010138181445685,321049312880251.25,3.261228421715396,0.4340056600832725
34,36,adbb36,NKS2975,39.65133408368644,-73.66485595703125,206.806666488,10980.42,0.7928863491124559,34610D,220.34448,9.830104,-6.8608913,208.49686935531892,65757.12084870908,0.3327613633926986,0.4858436625958659,29.15061975575196,33443.31789072243,50.86315120780974,2023-05-05 14:36:00,1.7361990653040515e-05,0.2270166532634303,0.2286765735260219,0.2429218312979329,0.5394036228911858,0.0113389917126105,0.0005981962152911,0.000121050601294,2.688915130516687e-05,1591119363388087.8,92.08680780842042,36.05931663786517,0.0349807437069023,0.0007138927287122,0.000583012395115,0.3305386358279334,0.0174377904112836,0.0035287000495286,0.0007838354252518,4.638211554814026e+16,cruise,0,GTF2035,20,43245.0,1.263891304347826,3.0968000000000004,2.5659200000000006,0,0.7006573165740008,16.721658945361213,11.338991712610571,26.88915130516688,1591119363388087.8,12.362929583508,725.951442986409,1332.26620653387,0.0017361990653,0.017283682291627,0.194888311861576,16.7217066516912,11.2758559532183,11.275660185311558,0.001736199065304,0.4574179523739065,13.169263394596111,329733552016828.5,3.423910201437115,0.443523430566418
35,37,adbb36,NKS2975,39.56977456302966,-73.76153564453125,206.292222044,10995.66,0.7944044203971827,34610D,220.59373,10.482536,-7.175706,207.8994273155712,65727.97022895333,0.3324849554375219,0.4692503201536158,28.155019209216945,32367.02188643676,0.0,2023-05-05 14:37:00,1.528231043661241e-05,0.226471937733117,0.1945694275156785,0.2346251600768079,0.5241300188279354,0.0111604457991233,0.0006019051929085,0.0001212670216928,2.57573942591716e-05,1574481510626968.5,88.94170568191632,34.82775876180136,0.0337860230510603,0.0006895106745114,0.0005631003841843,0.3142225658577433,0.0169466522684669,0.0034142753252064,0.0007251999301463,4.432955717625922e+16,cruise,0,GTF2035,20,43245.0,1.263891304347826,3.0968000000000004,2.5659200000000006,0,0.6982548196117804,16.183510943218376,11.160445799123378,25.7573942591716,1574481510626968.8,12.0643553327541,722.437360968946,1323.7004348767,0.00152823104366,0.0171099663705972,0.188955797775396,16.1834110713633,11.0436101207135,11.04344135141448,0.0015282310436612,0.4485930009007758,12.941596169004216,315429295458218.56,3.190420622906088,0.4272827733148889
36,38,adbb36,NKS2975,39.4869581319518,-73.8592529296875,206.292222044,10995.66,0.7959180736439018,34610D,220.85213,11.131857,-7.4830666,207.05261770430792,65699.8152097441,0.3317824015594751,0.4882806487979564,29.296838927877385,33745.944815845425,76.50859499669144,2023-05-05 14:38:00,1.3659789187556812e-05,0.226471937733117,0.1683317295240583,0.2441403243989782,0.5473215148869859,0.0113566049661373,0.0006042350180946,0.0001225455306186,2.746329070025064e-05,1582493745846032.5,92.54871417316464,36.24018975378433,0.0351562067134528,0.0007174736063969,0.0005859367785575,0.3327126264604584,0.0177021759997033,0.0035901966718646,0.0008045876040747,4.636206437642454e+16,cruise,0,GTF2035,20,43245.0,1.263891304347826,3.0968000000000004,2.5659200000000006,0,0.6950037396576888,16.872972407922713,11.356604966137352,27.463290700250635,1582493745846032.5,12.3647278464548,728.182626264119,1338.07030516325,0.00136597891876,0.0174056263444685,0.195823433292162,16.8730994744838,11.2505823931119,11.250428714627388,0.0013659789187556,0.4631163561430649,13.251415015982346,333061385672116.5,3.5139002405571853,0.4462609309673198
37,39,adbb36,NKS2975,39.40534973144531,-73.95518427309781,206.292222044,11018.52,0.7974347951831963,34610D,221.1923,11.9439,-7.899293,206.36468292434577,65670.51837081624,0.3314652290788456,0.4792459129516243,28.754754777097457,33200.18309849462,25.541617637572266,2023-05-05 14:39:00,1.1938835295841596e-05,0.2256570324021789,0.1404503592821268,0.2396229564758121,0.5418692302910507,0.0112569514388263,0.0006095487800397,0.0001234339981247,2.687375649361338e-05,1591350648260245.2,90.83627034085086,35.569631659269554,0.0345057057325169,0.0007041980761738,0.0005750950955419,0.323690878161146,0.0175274256947224,0.0035493143472343,0.0007727482779132,4.575889765509842e+16,cruise,0,GTF2035,20,43245.0,1.263891304347826,3.0968000000000004,2.5659200000000006,0,0.692161675248537,16.60009154924731,11.256951438826349,26.87375649361337,1591350648260245.2,12.1839548375102,727.069879471165,1335.52271012023,0.00119388352958,0.0173556059934879,0.192621685932071,16.5995602961039,11.0985283950526,11.098395893131984,0.0011938835295841,0.4602744199460548,13.153267695404976,325418624052023.75,3.4064849816088487,0.4375942973898182
38,40,adbb36,NKS2975,39.32304382324219,-74.05155347741169,205.263333156,11026.14,0.7989484304735751,34610D,221.49503,12.75463,-8.281745,205.9041759799344,65641.76361603914,0.3312589837085249,0.4624692206964919,27.74815324178952,32089.636858451035,0.0,2023-05-05 14:40:00,1.0840877369426209e-05,0.2253860460760245,0.1226319148350909,0.2312346103482459,0.5259636487442829,0.0110766576035368,0.0006130570523988,0.0001235798235983,2.5683490034360483e-05,1570993212372773.0,87.65641609081308,34.324465560093635,0.0332977838901474,0.000679546610003,0.0005549630648357,0.3073567925897731,0.0170112010359235,0.0034291118828012,0.0007126694172574,4.359216039873089e+16,cruise,0,GTF2035,20,43245.0,1.263891304347826,3.0968000000000004,2.5659200000000006,0,0.6901450730777693,16.04481842922552,11.076657603536836,25.683490034360485,1570993212372773.0,11.8881686848108,723.441844660513,1326.43878869837,0.00108408773694,0.0171685558709181,0.186632534592111,16.0446949162193,10.8706018138805,10.870483968296854,0.0010840877369426,0.4510972196149402,12.923280860565924,310630678873662.56,3.1660862021199594,0.4212067004406431
39,41,adbb36,NKS2975,39.241241455078125,-74.14708676545519,202.691110936,11026.14,0.8004618380213433,34610D,221.76973,13.579816,-8.663801,204.79777002412,65614.01546279735,0.3306197180299519,0.4578419736379029,27.47051841827417,31878.55232465399,-25.60366347290393,2023-05-05 14:41:00,1.0085610796711056e-05,0.2253860460760245,0.1102317532542578,0.2289209868189514,0.5225644604256674,0.0110222438221212,0.0006155696626537,0.0001239632789497,2.5469375446087383e-05,1560886949214208.8,86.77936768332812,33.98103128340516,0.032964622101929,0.0006727473898352,0.0005494103683654,0.3027867519262903,0.0169100177556614,0.0034053355375794,0.0006996569472936,4.28783736872327e+16,cruise,0,GTF2035,20,43245.0,1.263891304347826,3.0968000000000004,2.5659200000000006,0,0.686011340626767,15.939276162326994,11.022243822121242,25.469375446087383,1560886949214208.5,11.7928584541323,722.764991809975,1325.16345025873,0.00100856107967,0.0171468309413093,0.185004589819965,15.9396036759733,10.7894333625382,10.789324545610071,0.0010085610796711,0.4494079307279596,12.867023847473678,307131642931708.6,3.11432126362624,0.4168731481966719
40,42,adbb36,NKS2975,39.161224365234375,-74.24035113790762,200.118888716,11018.52,0.8019784996049035,34610D,221.99295,14.381655,-9.040261,203.862580581497,65586.54494437907,0.3300287859254783,0.4505883719815477,27.035302318892864,31461.088363552804,-25.62754648870225,2023-05-05 14:42:00,9.634837544260708e-06,0.2256570324021789,0.1025325838662743,0.2252941859907738,0.5151450040114546,0.0109407502495217,0.0006168602105393,0.0001239516769563,2.5027736597985507e-05,1540041482980633.8,85.40452002538255,33.44266896847048,0.0324423627826714,0.000662089036381,0.0005407060463778,0.295786490591323,0.0166770022804279,0.0033510710594487,0.0006766324252841,4.163548707601754e+16,cruise,0,GTF2035,20,43245.0,1.263891304347826,3.0968000000000004,2.5659200000000006,0,0.6825353175496431,15.730544181776402,10.94075024952175,25.02773659798551,1540041482980634.0,11.659275540343,721.031862696913,1321.42540573467,0.000963483754426,0.0170765051285303,0.182450601151285,15.7305450531011,10.6843057041255,10.684202763567583,0.000963483754426,0.4450970465506367,12.7590007952187,301432265419434.44,3.0154468971006345,0.4098603081459016
41,43,adbb36,NKS2975,39.08125305175781,-74.33325726052988,199.089999828,11010.9,0.8034937030184941,34610D,222.18369,15.197301,-9.472173,202.5420129316776,65559.50964206018,0.3293825700990232,0.4584953105839365,27.5097186350362,32158.80100867421,25.64957365823513,2023-05-05 14:43:00,9.391628858292488e-06,0.2259283445408237,0.0977132033827623,0.2292476552919682,0.5245937006720097,0.0110210496934172,0.0006178531726233,0.0001244969353016,2.5602467241370265e-05,1567168915885526.5,86.90320116807933,34.02952195153978,0.0330116623620434,0.0006737073951437,0.0005501943727007,0.3031859761286609,0.0169969669366335,0.0034248756610718,0.0007043166701728,4.311237592958554e+16,cruise,0,GTF2035,20,43245.0,1.263891304347826,3.0968000000000004,2.5659200000000006,0,0.6778229543966455,16.07940050433711,11.021049693417266,25.60246724137026,1567168915885526.5,11.7832925732125,723.470393037198,1327.99166691474,0.000939162885829,0.0172163665654422,0.185389189152541,16.0793198663247,10.768194813223,10.768093683283611,0.0009391628858292,0.4511690388557262,12.890389726617055,309043244982848.1,3.1505914422879773,0.4180443925320601
42,44,adbb36,NKS2975,39.00123596191406,-74.425745425017,198.06111094,11018.52,0.8050082783693592,34610D,222.37471,16.050108,-9.966769,201.0866511022045,65531.999923425145,0.3281016830324365,0.4825802374735917,28.954814248415506,33960.51031679261,77.00767138524633,2023-05-05 14:44:00,9.029097704021412e-06,0.2256570324021789,0.091624081646472,0.2412901187367958,0.5538506551538954,0.011268436703766,0.0006203678867992,0.0001260459443011,2.7854771305201323e-05,1576612313562598.2,91.46825821074457,35.81710522528998,0.0347457770980986,0.0007090974917979,0.0005790962849683,0.3262754916275734,0.0179626369279556,0.0036496369040055,0.0008065297290741,4.565051668096965e+16,cruise,0,GTF2035,20,43245.0,1.263891304347826,3.0968000000000004,2.5659200000000006,0,0.6726633171677731,16.980255158396307,11.26843670376605,27.85477130520132,1576612313562598.2,12.1585985035575,730.660960883353,1346.24393813156,0.000902909770402,0.0175956680051154,0.194021434085241,16.9807522460686,11.0266591770676,11.026559617183478,0.0009029097704021,0.4693767628656219,13.234150518041456,335196501195733.8,3.5955886598250717,0.4419394341096711
43,45,adbb36,NKS2975,38.92195129394531,-74.51727825662363,196.517777608,11041.38,0.806521954748386,34610D,222.52429,16.889198,-10.499646,200.4736329164369,65503.045109176725,0.3281461898009257,0.4637739912099518,27.826439472597105,32741.302542266065,0.0,2023-05-05 14:45:00,8.564379300166641e-06,0.2248450492966137,0.0850007645869168,0.2318869956049759,0.5352285291932606,0.0110651614444698,0.0006240363196693,0.0001261295472749,2.6242667826045533e-05,1597386546711981.5,87.90372229393425,34.42130562760262,0.0333917273671165,0.0006814638238187,0.0005565287894519,0.3079040451890562,0.0173647088779802,0.0035097362129524,0.0007302400078609,4.444958005642186e+16,cruise,0,GTF2035,20,43245.0,1.263891304347826,3.0968000000000004,2.5659200000000006,0,0.6703872534051005,16.37065127113303,11.065161444469876,26.242667826045533,1597386546711981.5,11.8239522644956,726.278899782112,1335.99847271507,0.000856437930017,0.0173917646564479,0.187301688039382,16.3707935940223,10.7695620162352,10.769469782411122,0.0008564379300166,0.4582542714058356,13.008126100655916,314996828589237.5,3.278692786280843,0.4236151487786467
44,46,adbb36,NKS2975,38.84337344412076,-74.60772705078125,195.48888872,11041.38,0.8080356700691684,34610D,222.61493,17.635548,-10.997006,199.86179965754533,65475.21866970413,0.3278292264770739,0.4609900360886775,27.659402165320653,32612.8589389697,0.0,2023-05-05 14:46:00,8.300945773432744e-06,0.2248450492966137,0.0814644544859817,0.2304950180443387,0.5325283332467919,0.0110328510692557,0.0006248754610438,0.0001262014563696,2.6098822032573525e-05,1590596988584226.2,87.37605144024793,34.21468047850165,0.0331912825983847,0.0006773731142527,0.0005531880433064,0.3051620647546333,0.0172836816802512,0.0034906568355772,0.00072187781464,4.399496179019906e+16,cruise,0,GTF2035,20,43245.0,1.263891304347826,3.0968000000000004,2.5659200000000006,0,0.6682052310622608,16.30642946948485,11.03285106925577,26.098822032573526,1590596988584226.2,11.7694927879627,725.672222576683,1334.84496456754,0.000830094577343,0.0173718969819904,0.186317288594202,16.3065665807003,10.7252126113434,10.725123582674128,0.0008300945773432,0.4567081883355779,12.968498702033829,312815843363364.94,3.241628663907974,0.4209970674641981
45,47,adbb36,NKS2975,38.76511913234904,-74.69757080078125,193.945555388,11041.38,0.8095479523487779,34610D,222.69112,18.367464,-11.496317,199.120842680969,65447.55926753881,0.3273164632298093,0.4656141380174218,27.936848281045307,33010.85289745358,25.699177928432867,2023-05-05 14:47:00,8.064259519557309e-06,0.2248450492966137,0.078397246699577,0.2328070690087109,0.538197728448121,0.0110789148478936,0.0006255814656355,0.000126548920805,2.653144521289868e-05,1596493382260139.8,88.25250371982212,34.55788132365305,0.0335242179372543,0.0006841677130051,0.0005587369656209,0.3095099632242238,0.0174767744928933,0.0035353780006613,0.0007412049595896,4.460099340189439e+16,cruise,0,GTF2035,20,43245.0,1.263891304347826,3.0968000000000004,2.5659200000000006,0,0.6656140725986242,16.50542644872679,11.078914847893609,26.531445212898674,1596493382260139.8,11.8391380299322,727.106797437337,1338.6457646168,0.000806425951956,0.0174525673288593,0.187991852399419,16.5058704129352,10.7715872889691,10.77150042479426,0.0008064259519557,0.4603687077975665,13.042746177955747,317397591785328.8,3.32339449695347,0.4256527691754249
46,48,adbb36,NKS2975,38.68779586533368,-74.78607177734375,192.9166665,11049.0,0.8110607432347989,34610D,222.72705,19.116005,-11.99568,198.3412248359576,65419.622419257765,0.3269387264779421,0.4615755021925414,27.694530131552487,32815.239989898735,0.0,2023-05-05 14:48:00,7.814661398471817e-06,0.2245750380622449,0.0755421637976703,0.2307877510962707,0.5341209952200086,0.0110317313494256,0.0006266822015794,0.0001266241926782,2.62604013669049e-05,1598223574362004.5,87.4870206855743,34.25813377273043,0.0332334361578629,0.0006782333909767,0.000553890602631,0.3055186162598595,0.0173556691145494,0.0035067975195117,0.0007272694769224,4.426205093712605e+16,cruise,0,GTF2035,20,43245.0,1.263891304347826,3.0968000000000004,2.5659200000000006,0,0.6629544984365369,16.407619994949368,11.0317313494256,26.2604013669049,1598223574362004.5,11.7585454150753,726.147113845151,1336.93109010642,0.000781466139847,0.0174245657304543,0.18654867145958,16.4077996949459,10.7060729286087,10.70598926492766,0.0007814661398471,0.4579176923863515,12.982009009331328,314266034136876.25,3.2679563286307944,0.4217701148715717
47,49,adbb36,NKS2975,38.609710693359375,-74.8751698369565,193.945555388,11049.0,0.812569159523316,34610D,222.73221,19.878942,-12.508432,197.7423811860238,65391.927889126215,0.3258206203317384,0.4838335651245213,29.03001390747128,34383.83058324903,51.40271551086863,2023-05-05 14:49:00,7.663180168485197e-06,0.2245750380622449,0.0740305487057884,0.2419167825622606,0.5596287618361891,0.0112634409837097,0.0006267300428003,0.0001275409693811,2.853272897950925e-05,1566426975893114.0,91.70581393370178,35.91012720354198,0.0348360166889655,0.0007109391161013,0.0005806002781494,0.3269778484030765,0.0181939818587243,0.0037025161149065,0.0008283055190932,4.547339689521528e+16,cruise,0,GTF2035,20,43245.0,1.263891304347826,3.0968000000000004,2.5659200000000006,0,0.6609451808579556,17.191915291624515,11.263440983709764,28.53272897950925,1566426975893114.0,12.1121796150817,732.26219469422,1352.2092685894,0.000766318016849,0.0177403290879792,0.194401017086671,17.1916837952223,10.958140411183,10.958056437622224,0.0007663180168485,0.4734382415522382,13.27126303513778,339018367837742.94,3.6742541367024697,0.4433600451959268
48,50,adbb36,NKS2975,38.53156655521716,-74.96405029296875,194.459999832,11064.24,0.8140752288064471,34610D,222.72371,20.656214,-13.036888,197.7926081073068,65362.89787521874,0.3255088542902956,0.4893654065296508,29.36192439177905,34734.853627669574,0.0,2023-05-05 14:50:00,7.4952863676813315e-06,0.2240359879549159,0.0723109113723336,0.2446827032648254,0.5673340327107436,0.0113192624630359,0.0006281892387042,0.0001281056664453,2.9200153380523656e-05,1556399885484963.8,92.75431915363,36.32070047263068,0.0352343092701348,0.0007190675361252,0.0005872384878355,0.3323553286103637,0.0184448449305632,0.0037614288923264,0.0008573726957872,4.569889576098307e+16,cruise,0,GTF2035,20,43245.0,1.263891304347826,3.0968000000000004,2.5659200000000006,0,0.6611256728886579,17.367426813834786,11.319262463035932,29.20015338052365,1556399885484963.8,12.1865820818175,734.050809915066,1356.63864265786,0.000749528636768,0.0178317512097024,0.196245180820425,17.3679723440217,11.0053790293825,11.005296541533358,0.0007495286367681,0.4779905823062923,13.362393451147003,344013349328491.3,3.770187174498364,0.4484605158981147
49,51,adbb36,NKS2975,38.45368466134799,-75.0521240234375,191.887777612,11064.24,0.815581303949994,34610D,222.68343,21.496096,-13.642506,198.9465166995469,65333.53595082696,0.3265536409271395,0.4834097724537984,29.004586347227903,34222.605781989834,0.0,2023-05-05 14:51:00,7.484843314957272e-06,0.2240359879549159,0.0725716541675482,0.2417048862268992,0.5606265269278519,0.0112626997035507,0.0006278142853859,0.0001277964406583,2.851052810977128e-05,1566760511987485.0,91.62548827089294,35.87867331152092,0.0348055036166734,0.0007103164003402,0.0005800917269445,0.3266699460545354,0.0182094936505003,0.0037066828979448,0.0008269360743649,4.544324055536801e+16,cruise,0,GTF2035,20,43245.0,1.263891304347826,3.0968000000000004,2.5659200000000006,0,0.6650428073840329,17.111302890994917,11.262699703550735,28.510528109771275,1566760511987485.0,12.1080395485525,732.482446061236,1352.03758934654,0.000748484331496,0.0177289715250525,0.19422537884821,17.1121511233192,10.9552535844368,10.955171586693986,0.0007484843314957,0.4739978647138145,13.278119706442077,338049631425735.94,3.668862003026243,0.4428016017651162
50,52,adbb36,NKS2975,38.37668725999735,-75.13908054517663,190.34444428,11064.24,0.817086261139173,34610D,222.62738,22.399559,-14.330381,199.6975978339933,65304.531364479735,0.327809286961863,0.4502412365478643,27.014474192871862,31876.68413321913,-25.68670114798494,2023-05-05 14:52:00,7.523199456685277e-06,0.2240359879549159,0.0734524419107112,0.2251206182739321,0.5220215756583019,0.0109142285948985,0.0006272930472781,0.0001263040432683,2.5499704031244714e-05,1562318466166411.8,85.3387239752822,33.416904576582496,0.0324173690314462,0.0006615789598254,0.0005402894838574,0.2948421467119922,0.0169459918370638,0.0034120373173282,0.0006888610964779,4.220521188529968e+16,cruise,0,GTF2035,20,43245.0,1.263891304347826,3.0968000000000004,2.5659200000000006,0,0.6676375844074256,15.938342066609566,10.914228594898594,25.499704031244715,1562318466166411.8,11.5721435197311,723.151612917394,1329.07196387898,0.000752319945669,0.0172587292504029,0.182446019861983,15.9383411929027,10.5712313586311,10.571151829747398,0.0007523199456685,0.4503695894999636,12.80929609557477,303834588036924.7,3.089976862572503,0.4103010438004759
51,53,adbb36,NKS2975,38.29994201660156,-75.22560931266622,190.34444428,11056.62,0.8185885146317713,34610D,222.57454,23.354063,-15.07186,198.7265698252565,65277.51689028686,0.3273166231138524,0.4488958124755164,26.933748748530984,31888.723720985497,51.358020253360834,2023-05-05 14:53:00,7.642886969134206e-06,0.2243053510781405,0.0752023761333771,0.2244479062377582,0.5189297850113338,0.0108962453748006,0.0006260340100948,0.0001259360260719,2.541022498343002e-05,1558095032295387.5,85.08371229660938,33.31704720193283,0.0323204984982371,0.0006596020101681,0.0005386749749706,0.2934767352272239,0.0168614427359298,0.003391929284609,0.0006843926153473,4.196534012617824e+16,cruise,0,GTF2035,20,43245.0,1.263891304347826,3.0968000000000004,2.5659200000000006,0,0.6644700466836106,15.944361860492748,10.896245374800666,25.41022498343002,1558095032295387.5,11.5469467890143,722.346034102424,1327.89475728128,0.000764288696913,0.0172435190686824,0.181977954404987,15.9444112446005,10.5534116139608,10.553330956045157,0.0007642886969134,0.4483658397845688,12.770995511357128,303251280070095.5,3.0650843595574924,0.409067516224343
52,54,adbb36,NKS2975,38.21785102456303,-75.3079953400985,199.604444272,11071.86,0.8201414483931594,34610D,222.49406,24.405424,-15.931964,196.5921192969327,65250.58314153833,0.3219749524427553,0.5254439729038254,31.526638374229524,37116.05898497962,25.668924465042984,2023-05-05 14:54:00,7.745791751351523e-06,0.2237669483036539,0.0767954204341271,0.2627219864519127,0.606918807058295,0.0116778486081304,0.0006268220946341,0.0001291528016563,3.2878421685783974e-05,1501139201598935.0,99.59265062419108,38.99845166892192,0.0378319660490754,0.000772080939777,0.0006305327674845,0.3681633100575296,0.0197615935025086,0.0040717536728367,0.0010365461108031,4.7325872758189256e+16,cruise,0,GTF2035,20,43245.0,1.263891304347826,3.0968000000000004,2.5659200000000006,0,0.6574520900478104,18.55802949248981,11.677848608130494,32.87842168578398,1501139201598935.0,12.7187685607658,743.384449349693,1380.15880570596,0.000774579175135,0.0183239670827673,0.208449988321499,18.5571533573857,11.3758111101135,11.37572299613215,0.0007745791751351,0.502724234946026,13.909053914472526,375571227241495.1,4.34474331996721,0.4829167437442881
53,55,adbb36,NKS2975,38.1275396831965,-75.38143655528194,199.604444272,11079.48,0.8217915136327606,34610D,222.39972,25.598879,-16.934738,199.55021187410503,65219.0565031641,0.319289009671298,0.5722382517710228,34.33429510626137,39490.08967855834,25.65782460279397,2023-05-05 14:55:00,8.05453585956443e-06,0.2234982317359047,0.0807013095112083,0.2861191258855114,0.6624570536157006,0.0121442465032757,0.0006267130625121,0.0001308719266671,3.628235539e-05,1450000000000000.0,108.46203824067968,42.47152304644532,0.0412011541275136,0.0008408398801533,0.0006866859021252,0.4169641432866517,0.0215177512352425,0.0044933953513152,0.0012457290971105,4.978472790407899e+16,cruise,0,GTF2035,20,43245.0,1.263891304347826,3.0968000000000004,2.5659200000000006,0,0.6674861648784662,19.74504483927917,12.144246503275731,36.28235539,1450000000000000.0,13.4364095857887,756.826271802213,1409.27597827332,0.000805453585956,0.0188873187698737,0.224327282206913,19.7449567160737,11.8771375090427,11.877041844983252,0.0008054535859564,0.5410635103160478,14.692737701006536,414119388527545.44,5.122317637833628,0.5255619322536198
54,56,adbb36,NKS2975,38.03778076171875,-75.45451062790892,197.546666496,11087.1,0.8234359820465971,34610D,222.30171,26.799383,-17.962181,204.84176750798903,65184.72220805784,0.3284531127904988,0.5169704153745569,31.01822492247341,35751.973203706366,0.0,2023-05-05 14:56:00,8.422788673928875e-06,0.2232298378636845,0.0853233723784086,0.2584852076872784,0.6010885686093373,0.0116298395103893,0.0006265694991552,0.0001289102298886,3.151608289519904e-05,1521606379902520.0,97.98657253009353,38.36954422909962,0.037221869906968,0.0007596299981013,0.0006203644984494,0.3607369777455255,0.0194350736543592,0.003998566505495,0.0009775729479186,4.71975289352869e+16,cruise,0,GTF2035,20,43245.0,1.263891304347826,3.0968000000000004,2.5659200000000006,0,0.6853372138059352,17.87598660185318,11.62983951038937,31.51608289519904,1521606379902520.0,12.6698528954349,741.294556052874,1370.34786747076,0.000842278867393,0.0180693627535843,0.205573953875615,17.8756280533802,11.3769343545243,11.376838529817586,0.0008422788673928,0.4969809401670448,13.807892481676037,363921027199552.1,4.161138907712129,0.474331408049257
55,57,adbb36,NKS2975,37.95078083620233,-75.53082673445994,194.974444276,11087.1,0.8250395448847403,34610D,222.2026,28.108978,-19.033287,207.25177198526453,65153.70398313537,0.3300053171433713,0.4139860517410602,24.83916310446361,28430.71959356032,0.0,2023-05-05 14:57:00,9.0971754146057e-06,0.2232298378636845,0.0932989152267278,0.2069930258705301,0.4816226192658453,0.0105423391640076,0.000625648246672,0.0001244299057679,2.27504603864258e-05,1432553465165586.2,78.46691624700054,30.72604476022149,0.0298069957253563,0.0006083060352113,0.0004967832620892,0.2618628819973608,0.0155405788451094,0.0030907347244421,0.00056510239624,3.558342917711253e+16,cruise,0,GTF2035,20,43245.0,1.263891304347826,3.0968000000000004,2.5659200000000006,0,0.6935549296840973,14.215359796780158,10.542339164007656,22.7504603864258,1432553465165586.2,10.9659583119181,713.187055496913,1300.23439590743,0.000909717541461,0.0166265626539468,0.168601593408246,14.2152714491518,10.1404960795203,10.14040383048788,0.0009097175414605,0.4260003746400301,12.257450276036776,266891110793598.4,2.496227946470728,0.3717274534930356
56,58,adbb36,NKS2975,37.86195373535156,-75.6041116917387,202.176666492,11087.1,0.826667320099713,34610D,222.08463,29.456549,-20.09676,202.9757176870629,65128.8648200309,0.3296265119949923,0.4560229036597977,27.361374219587866,31940.68037921346,25.61874618547136,2023-05-05 14:58:00,1.0006145568866818e-05,0.2232298378636845,0.1041410483854173,0.2280114518298988,0.5274076156431459,0.0109878557083455,0.00062455269605,0.0001259499326664,2.576913540501293e-05,1575035695704279.5,86.43458115967806,33.84601990963019,0.0328336490635054,0.0006700744706837,0.0005472274843917,0.3006428319068777,0.0170886200364781,0.0034461632406189,0.0007050789571317,4.309514107937371e+16,cruise,0,GTF2035,20,43245.0,1.263891304347826,3.0968000000000004,2.5659200000000006,0,0.6794257895624162,15.97034018960673,10.987855708345563,25.76913540501293,1575035695704279.5,11.6976916627419,724.210440933994,1329.95678703071,0.00100061455689,0.0172580220186673,0.184339330400039,15.9704569205131,10.6813706808722,10.681263802591731,0.0010006145568866,0.4530307796713035,12.88960798317193,306966439764596.4,3.146954599286493,0.4153205366298687
57,59,adbb36,NKS2975,37.75595972093485,-75.65675154976225,219.153333144,11094.72,0.8285128237332978,34610D,221.9395,30.700697,-21.158594,201.4934361006896,65101.50344581132,0.3263190337564792,0.5154786290535255,30.92871774321153,36005.73048192874,0.0,2023-05-05 14:59:00,1.0902616797576111e-05,0.2229617662994759,0.1154056747586215,0.2577393145267627,0.5946422536633149,0.0115975331461449,0.0006239711314821,0.0001281640340867,3.157995211854345e-05,1520646836805505.0,97.70381935080522,38.25882384835266,0.0371144612918538,0.000757437985548,0.0006185743548642,0.358696829194657,0.0192986270055226,0.0039639492351015,0.0009767274254185,4.703165680266491e+16,cruise,0,GTF2035,20,43245.0,1.263891304347826,3.0968000000000004,2.5659200000000006,0,0.6746845875257873,18.00286524096437,11.597533146144947,31.57995211854345,1520646836805505.0,12.6095262317935,739.672312024142,1369.33732979825,0.00109026167976,0.018081317655464,0.204814910762354,18.0037633473188,11.3274328046806,11.327309307367871,0.0010902616797576,0.4925766837861201,13.720097035088594,364793563679330.06,4.132543630981262,0.4728562628121331
58,60,adbb36,NKS2975,37.64186096191406,-75.69626828457444,219.153333144,11094.72,0.8304786366092335,34610D,221.80841,31.866417,-22.074425,204.10242317634004,65070.5747280681,0.3281863759498051,0.5146426309356796,30.878557856140777,35690.90859254946,25.58750493296653,2023-05-05 15:00:00,1.2040999294205796e-05,0.2229617662994759,0.1295597926034178,0.2573213154678398,0.5937864330061654,0.0116011344177486,0.0006227556660368,0.0001278861924708,3.1272935095617896e-05,1525259325412509.5,97.5453642675487,38.19677606804614,0.0370542694273689,0.0007562095801503,0.0006175711571228,0.3582263003153164,0.0192297968639581,0.0039489411932133,0.0009656631356813,4.709780832536842e+16,cruise,0,GTF2035,20,43245.0,1.263891304347826,3.0968000000000004,2.5659200000000006,0,0.6836225261097433,17.845454296274728,11.601134417748607,31.272935095617893,1525259325412509.5,12.6328888462992,739.427337598404,1367.05951835246,0.00120409992942,0.0180158493812901,0.204638428252618,17.8454626119961,11.3587999056619,11.358663136007095,0.0012040999294205,0.4919115987812684,13.717287106520937,362797896492157.94,4.1040628999616775,0.4718051137206168
59,61,adbb36,NKS2975,37.52934342723782,-75.73574563731319,218.124444256,11102.34,0.8324288505957855,34610D,221.67422,32.845924,-22.911804,206.13488980062868,65039.69617021196,0.3312344720939777,0.4476671451874821,26.860028711248923,31025.49384474226,0.0,2023-05-05 15:01:00,1.3074882439985186e-05,0.2226940166562265,0.1428932627307398,0.223833572593741,0.5169404867170169,0.0109092555687594,0.000622275653488,0.0001251064360822,2.507926890484421e-05,1542473821003383.0,84.85083069883534,33.22585551581492,0.0322320344534987,0.0006577966214999,0.0005372005742249,0.2930229177952306,0.0167143419190009,0.0033603624651308,0.0006736298828412,4.1430891118500696e+16,cruise,0,GTF2035,20,43245.0,1.263891304347826,3.0968000000000004,2.5659200000000006,0,0.6906390474552921,15.51274692237113,10.909255568759432,25.079268904844216,1542473821003383.0,11.5826882878036,721.4116886541,1321.47803368563,0.001307488244,0.0170680127959731,0.18116107230313,15.513181092338,10.6140693980422,10.61393062214709,0.0013074882439985,0.4460418034626484,12.746967892816016,297939462522290.1,2.9894983915633846,0.4063599670579842
60,62,adbb36,NKS2975,37.41567993164063,-75.77562697390289,216.581110924,11102.34,0.8343741525654469,34610D,221.56161,33.80863,-23.5093,204.2896119388468,65012.83614150072,0.3301419184315891,0.4360180350415829,26.161082102494976,30390.531721629595,25.560672635868404,2023-05-05 15:02:00,1.417153550796251e-05,0.2226940166562265,0.1570774359948037,0.2180090175207914,0.5016876241852429,0.010773201498081,0.0006212329826604,0.0001243257911055,2.4368371268548475e-05,1508919271315053.2,82.64285836178162,32.36125856078629,0.0313932985229939,0.0006406795616937,0.0005232216420498,0.2818386088980197,0.0162521270641582,0.0032524972285704,0.0006375029614605,3.947496094291e+16,cruise,0,GTF2035,20,43245.0,1.263891304347826,3.0968000000000004,2.5659200000000006,0,0.6846304694721039,15.195265860814798,10.77320149808103,24.368371268548472,1508919271315053.2,11.3660817346153,717.553047079196,1313.66275061444,0.0014171535508,0.0169276134999373,0.176895875274961,15.1954118344131,10.4501367115699,10.449988619185126,0.0014171535507962,0.4365311797928423,12.542225135373776,288265211007113.7,2.8024312117192025,0.3947549307772657
61,63,adbb36,NKS2975,37.30288696289063,-75.8149556910738,216.06666648,11109.96,0.8363106389942515,34610D,221.45595,34.554115,-23.920149,201.46998095906903,64986.67505939822,0.3289958418435476,0.4521944022146488,27.13166413287893,31848.18619152253,-25.548389539572533,2023-05-05 15:03:00,1.5085356796659096e-05,0.2224265885473489,0.169231616859404,0.2260972011073244,0.5186705141880963,0.0109361879974931,0.0006210165542347,0.000124917138542,2.560508873070081e-05,1567292650850320.5,85.70892699576454,33.56186853237124,0.0325579969594547,0.0006644489175398,0.0005426332826575,0.296716979642007,0.0168492125704538,0.0033892098473626,0.0006947086675339,4.252325780080038e+16,cruise,0,GTF2035,20,43245.0,1.263891304347826,3.0968000000000004,2.5659200000000006,0,0.6753421825904931,15.924093095761268,10.93618799749319,25.605088730700807,1567292650850320.5,11.6187530686604,721.726205554343,1326.10253145974,0.00150853567967,0.0172042051531608,0.182819989771463,15.9235407546782,10.6264711530643,10.626310851373674,0.0015085356796659,0.4468241144391012,12.76999857557123,304813893152790.9,3.066053049905386,0.4112878290679378
62,64,adbb36,NKS2975,37.190629344875525,-75.853968081267,215.552222036,11102.34,0.8382383440533947,34610D,221.34872,35.54703,-24.21011,200.68716854150932,64959.54339526534,0.3189046034518475,0.5830754110115721,34.984524660694326,39961.83000626921,51.070240829823454,2023-05-05 15:04:00,1.608555078548755e-05,0.2226940166562265,0.1831154158415134,0.291537705505786,0.6663184233733244,0.0122469189516884,0.0006192653882032,0.0001294317272711,3.628235539e-05,1450000000000000.0,110.51611340313336,43.27585700527889,0.0419814295928331,0.0008567638692414,0.0006996904932138,0.4284526380828687,0.0216647052451097,0.0045281074545922,0.0012693209568895,5.0727560758006776e+16,cruise,0,GTF2035,20,43245.0,1.263891304347826,3.0968000000000004,2.5659200000000006,0,0.6728810675010863,19.980915003134605,12.246918951688436,36.28235538999999,1450000000000000.0,13.6075592936555,757.632531593995,1411.37904639252,0.00160855507855,0.0189328644873778,0.227500139510194,19.9811847696624,12.0161499947282,12.01595671144628,0.0016085550785487,0.5434260496962542,14.761256334094432,424215224890685.1,5.266093337157703,0.5341765415868004
63,65,adbb36,NKS2975,37.08100891113281,-75.89747002784242,205.7777776,11117.58,0.8401158378631408,34610D,221.22598,36.163876,-24.173872,206.25128616112403,64924.55887060465,0.3315019279488264,0.4604156857599437,27.624941145596623,31916.772078622547,0.0,2023-05-05 15:05:00,1.6516440525074412e-05,0.2221594815867199,0.1904825241119662,0.2302078428799718,0.5290167607897606,0.0110448822454723,0.0006196498840879,0.0001250194694661,2.5932320233950267e-05,1582738061236806.8,87.26718907893972,34.17205219710303,0.0331499293747159,0.0006765291709125,0.0005524988229119,0.3051142219912187,0.0171177915788048,0.003453655486056,0.0007163788202316,4.372304579056249e+16,cruise,0,GTF2035,20,43245.0,1.263891304347826,3.0968000000000004,2.5659200000000006,0,0.6917287271179441,15.958386039311272,11.04488224547235,25.932320233950268,1582738061236806.8,11.8020139911513,724.153326037488,1328.82297598374,0.00165164405251,0.0172241621787079,0.185697809143308,15.9584025288188,10.781239006961,10.781060942209152,0.0016516440525074,0.4528870955469878,12.920253967611435,309216621734172.25,3.168666872212944,0.4187919015523125
64,66,adbb36,NKS2975,36.98617191637977,-75.9605474057405,198.575555384,11117.58,0.8417868654771965,34610D,221.09457,37.06382,-24.179941,205.28470240645905,64896.933929459046,0.3309143243683153,0.4434427032667822,26.606562196006934,30830.17222367698,0.0,2023-05-05 15:06:00,1.7188211038533642e-05,0.2221594815867199,0.2015319899547925,0.2217213516333911,0.5079396396315977,0.010856763583671,0.000618436125812,0.0001240008121928,2.4829265069287167e-05,1530673576222456.2,84.0501299771859,32.91231743646058,0.0319278746352083,0.0006515892782695,0.0005321312439201,0.2888611555362865,0.016454459245676,0.0032992353219652,0.0006606213853471,4.072596170754714e+16,cruise,0,GTF2035,20,43245.0,1.263891304347826,3.0968000000000004,2.5659200000000006,0,0.6886915392927365,15.41508611183849,10.856763583671036,24.829265069287167,1530673576222456.2,11.5065188642003,718.854164103416,1316.80212915284,0.00171882110385,0.016990702703638,0.179504690186004,15.4154349482787,10.564877351869,10.564695763648658,0.0017188211038533,0.4397249217497359,12.632133280176522,294543591011053.25,2.894967920418205,0.4018868454126582
65,67,adbb36,NKS2975,36.891998291015625,-76.02579969040892,199.604444272,11117.58,0.8434342512218841,34610D,220.89124,38.120544,-24.039766,203.31721125337512,64870.32736726304,0.3300380667998672,0.4610461403842522,27.66276842305513,32278.529330051584,50.951199033038606,2023-05-05 15:07:00,1.7968607529279168e-05,0.2221594815867199,0.2161455062965911,0.2305230701921261,0.5253537551489579,0.0110379232297788,0.0006165611970559,0.0001242641265584,2.6064894670291583e-05,1588995608434173.5,87.38668544843117,34.2188445393192,0.0331953221076661,0.0006774555532176,0.0005532553684611,0.3053395141768319,0.0170557896128002,0.0034374897562801,0.0007210271452356,4.3956017541366136e+16,cruise,0,GTF2035,20,43245.0,1.263891304347826,3.0968000000000004,2.5659200000000006,0,0.6824048807228329,16.13926466502579,11.037923229778809,26.064894670291583,1588995608434173.5,11.7921739146366,723.049045134751,1328.84248658156,0.00179686075293,0.017254480178039,0.18586774295018,16.1390386159652,10.7721438740732,10.771950317125627,0.0017968607529279,0.4501144683852318,12.875487999164688,311595704998801.75,3.166439752202007,0.4195319784772079
66,68,adbb36,NKS2975,36.79833363678495,-76.09043202501658,199.604444272,11132.82,0.8450766460556964,34610D,220.65187,39.008972,-23.795723,201.91999186973143,64842.66459883998,0.328519339477237,0.4858774875805342,29.152649254832053,34094.777150357026,50.88946661386814,2023-05-05 15:08:00,1.853688407461907e-05,0.2216262295680326,0.2292657831654469,0.2429387437902671,0.5520492639522376,0.0112910666451083,0.0006158668641757,0.0001250690736449,2.8594521590276867e-05,1565498630909351.2,92.09321899601444,36.06182712822725,0.0349831791057984,0.0007139424307305,0.0005830529850966,0.3291645056177765,0.0179541506789885,0.0036460948365974,0.000833606058531,4.56384324958201e+16,cruise,0,GTF2035,20,43245.0,1.263891304347826,3.0968000000000004,2.5659200000000006,0,0.6780827995661017,17.047388575178513,11.291066645108335,28.594521590276862,1565498630909351.2,12.1757970980971,729.418250221043,1345.76701634955,0.00185368840746,0.0176143297039185,0.194533694366476,17.0473499387401,11.0440588791296,11.04385416048529,0.0018536884074619,0.4662434569058651,13.216629525789209,336104658561808.1,3.5759118160256107,0.4434793021915115
67,69,adbb36,NKS2975,36.70408630371094,-76.15545272827148,199.604444272,11148.06,0.8467129718954504,34610D,220.35625,40.037605,-23.613173,202.17285206110628,64813.511949585154,0.3290421905219281,0.4776817474682329,28.66090484809397,33531.02697642716,0.0,2023-05-05 15:09:00,1.9561342106063897e-05,0.2210942575204426,0.2505495949985985,0.2388408737341164,0.5414704094460184,0.0112048073791341,0.0006146530331756,0.0001244535917346,2.780563827613593e-05,1577350466563471.8,90.53979841512886,35.45353929709225,0.0343930858177127,0.0007018997105655,0.0005732180969618,0.321139918134584,0.01761651209844,0.0035669525507116,0.0007969347528728,4.5208291634272296e+16,cruise,0,GTF2035,20,43245.0,1.263891304347826,3.0968000000000004,2.5659200000000006,0,0.6793872322967704,16.76551348821358,11.204807379134111,27.80563827613593,1577350466563471.8,12.0460064007317,726.758825814869,1339.56726131186,0.00195613421061,0.0174910774012796,0.191607437266473,16.7664510759898,10.9545817487753,10.95436746664573,0.0019561342106063,0.4594799942504362,13.095368066645642,327096724284148.0,3.416444396338713,0.435430366788276
68,70,adbb36,NKS2975,36.609466552734375,-76.2205696105957,198.575555384,11148.06,0.848344000676745,34610D,220.0258,41.35315,-23.56915,202.677209482864,64784.85104473706,0.329380639729218,0.4787744103860718,28.72646462316431,33558.57729664909,-25.37059629868613,2023-05-05 15:10:00,2.147818194173321e-05,0.2210942575204426,0.2868743888391973,0.2393872051930359,0.5399469450612413,0.0112180619578925,0.000611616554149,0.0001237853983188,2.7803555527847537e-05,1577381756856954.2,90.74690174457604,35.53463673885425,0.0344717575477971,0.0007035052560774,0.0005745292924632,0.3222552599738645,0.0175695813057037,0.0035559168656708,0.0007986978542688,4.531260123557606e+16,cruise,0,GTF2035,20,43245.0,1.263891304347826,3.0968000000000004,2.5659200000000006,0,0.6815933289792416,16.779288648324545,11.21806195789251,27.80355552784754,1577381756856954.2,12.0762130141277,726.201542729973,1338.35448927445,0.00214781819417,0.0174680245422542,0.191927614069713,16.7793071898553,10.9873680109306,10.9871320273099,0.0021478181941733,0.4580567028233332,13.084793005444158,327755164103782.3,3.4095746162827174,0.4362634485155577
69,71,adbb36,NKS2975,36.516632080078125,-76.28414154052734,197.032222052,11140.44,0.8499693494882695,34610D,219.69737,42.712593,-23.568327,203.61762030922748,64756.12458011389,0.3301246412564356,0.4761820751690387,28.570924510142326,33297.76517479223,0.0,2023-05-05 15:11:00,2.365611809155277e-05,0.221360083740044,0.3298387568217541,0.2380910375845193,0.53387842810463,0.0111955523480268,0.0006078635903823,0.0001228132647199,2.7345999865281573e-05,1584255871720505.8,90.2555505275396,35.34223361904606,0.0342851094121707,0.0006996961104524,0.0005714184902028,0.3198672809848227,0.0173672247532795,0.0035088885151575,0.0007813004978053,4.5263654915676296e+16,cruise,0,GTF2035,20,43245.0,1.263891304347826,3.0968000000000004,2.5659200000000006,0,0.6852675225850269,16.648882587396113,11.19555234802688,27.345999865281577,1584255871720505.8,12.0583195357434,724.534825394409,1334.03823026357,0.00236561180916,0.0173774579860416,0.190989280057638,16.6493570228151,10.9906339702302,10.990373980645444,0.0023656118091552,0.4538468346759974,13.016391063609529,324952731359305.0,3.339416610347651,0.4335751502998806
70,72,adbb36,NKS2975,36.42330880892479,-76.34790948096742,196.003333164,11140.44,0.8515891881382286,34610D,219.35933,43.946236,-23.7391,203.99056582040697,64727.55365560376,0.3302246675693839,0.4819526973442483,28.9171618406549,33649.863158027605,25.2930257987844,2023-05-05 15:12:00,2.609702925405777e-05,0.221360083740044,0.3799089934171052,0.2409763486721241,0.5374585869123969,0.011257044766173,0.0006047824136426,0.0001223157568316,2.781570436435805e-05,1577199238085001.0,91.34931425462882,35.77052919689011,0.0347005942087858,0.000708175392016,0.000578343236813,0.3255217853509221,0.0174885909336866,0.0035370245359618,0.0008043512248159,4.560812562266157e+16,cruise,0,GTF2035,20,43245.0,1.263891304347826,3.0968000000000004,2.5659200000000006,0,0.6870513939584999,16.824931579013803,11.257044766173008,27.81570436435805,1577199238085001.0,12.1621887477223,725.215516398704,1335.95304184805,0.00260970292541,0.0174192583063153,0.192938711980347,16.8251859279873,11.0761726238595,11.075883576201798,0.0026097029254057,0.4555592511709012,13.075069230961182,329821733205651.75,3.406510636124287,0.4388935632155893
71,73,adbb36,NKS2975,36.3310546875,-76.41082763671875,197.032222052,11148.06,0.8532023253379071,34610D,219.01938,45.07013,-23.967241,204.3482646786698,64698.6364937631,0.3304581080199608,0.4829680657566389,28.97808394539833,33685.52589882694,25.254322424403743,2023-05-05 15:13:00,2.856598696756664e-05,0.2210942575204426,0.4338199149810448,0.2414840328783194,0.5363263201176309,0.0112678347936844,0.0006024328931113,0.0001218012641995,2.7870690338488484e-05,1576373153013870.8,91.54176718351331,35.845889840457744,0.034773700734478,0.0007096673619281,0.0005795616789079,0.3265202625342676,0.0174573509480509,0.0035295672586295,0.0008076392042449,4.56802735573082e+16,cruise,0,GTF2035,20,43245.0,1.263891304347826,3.0968000000000004,2.5659200000000006,0,0.6887900958030262,16.84276294941347,11.267834793684434,27.870690338488483,1576373153013870.8,12.1847464586386,724.76131652329,1335.14120394322,0.00285659869676,0.0174060485529659,0.193212299992576,16.8427823398241,11.1002965092645,11.099979427396836,0.0028565986967566,0.4544166191194496,13.06452712670404,330619432675007.75,3.403360175293747,0.4396275033369454
72,74,adbb36,NKS2975,36.237798141220864,-76.47419381648933,197.546666496,11155.68,0.8548107831504012,34610D,218.68854,46.15675,-24.253462,204.7640372998732,64669.6584098177,0.3301192544612342,0.4969815921053198,29.81889552631919,34557.07160801313,50.437682499765614,2023-05-05 15:14:00,3.118059590028589e-05,0.2208287505254178,0.4934755802096915,0.2484907960526599,0.5496781805753087,0.0114130706377675,0.0006001702161461,0.0001218011875968,2.919917590866529e-05,1556414570591891.8,94.19789096764232,36.88597376605684,0.035782674631583,0.0007302586659506,0.0005963779105263,0.3403251609820904,0.0178964129732698,0.0036319768879331,0.0008706871758751,4.641056347612056e+16,cruise,0,GTF2035,20,43245.0,1.263891304347826,3.0968000000000004,2.5659200000000006,0,0.6907133891551058,17.278535804006566,11.413070637767508,29.199175908665293,1556414570591891.8,12.4078372829674,727.745918226041,1342.78561069327,0.00311805959003,0.0175658377772567,0.197918950662929,17.2784264314804,11.2672650842298,11.266913775144332,0.0031180595900285,0.4620010113145757,13.244975721868393,342903641393714.0,3.606720335820549,0.4525798159631732
73,75,adbb36,NKS2975,36.143809173066735,-76.5379495823637,198.575555384,11170.92,0.8564135697122999,34610D,218.40442,47.002754,-24.702316,205.6447427994254,64639.83951429138,0.3308749486947757,0.4931237602175829,29.58742561305497,34220.13057143395,0.0,2023-05-05 15:15:00,3.353293479729479e-05,0.220298692676161,0.5491514054978434,0.2465618801087914,0.5445453267626057,0.011375325772644,0.0005990676439842,0.0001214030360003,2.8805891384521235e-05,1562323104163222.2,93.46667751164068,36.59964548334901,0.0355049107356659,0.0007245900150135,0.000591748512261,0.3365666051223722,0.0177248693535726,0.0035920032968606,0.0008522921685572,4.622511862798648e+16,cruise,0,GTF2035,20,43245.0,1.263891304347826,3.0968000000000004,2.5659200000000006,0,0.6941353007070737,17.110065285716974,11.375325772644024,28.805891384521235,1562323104163222.2,12.3546490796731,726.396785679876,1339.31802469603,0.00335329347973,0.0174932399514212,0.196537852977542,17.1103322342183,11.2350744358008,11.234697703415245,0.0033532934797294,0.458555349963953,13.178588103788206,338990245171104.4,3.5314461792953824,0.4487228835141031
74,76,adbb36,NKS2975,36.050378831766416,-76.60100409325133,197.546666496,11170.92,0.8580110212789198,34610D,218.18065,47.801723,-25.119904,206.9724295956519,64610.25208867832,0.33228925038066,0.4782248041713824,28.693488250282943,33114.282569645155,0.0,2023-05-05 15:16:00,3.575870893615248e-05,0.220298692676161,0.6027551280390879,0.2391124020856912,0.5267493847410711,0.0112263752920465,0.0005970445412675,0.0001203795186089,2.719222387887507e-05,1586566134449823.0,90.6427293826438,35.493844965600005,0.0344321859003395,0.0007026976714355,0.0005738697650056,0.3221238675356047,0.0171312905297549,0.0034541083027813,0.0007802397563675,4.552411673713282e+16,cruise,0,GTF2035,20,43245.0,1.263891304347826,3.0968000000000004,2.5659200000000006,0,0.6989749205483979,16.557141284822578,11.226375292046558,27.19222387887507,1586566134449823.0,12.1408558156744,721.960207185786,1327.75492071084,0.00357587089362,0.0172499933821411,0.191373438754326,16.5574027388228,11.0941166477464,11.093719950643669,0.0035758708936152,0.4474061564363492,12.943198743771624,325301366069848.0,3.2781227554025865,0.434372124235148
75,77,adbb36,NKS2975,35.9561767578125,-76.66460037231445,197.546666496,11170.92,0.8596019596865423,34610D,217.99869,48.438038,-25.515297,207.3020162532986,64581.55860042804,0.3326736082932134,0.4434830011757318,26.608980070543907,30695.255917434588,-25.14913256549313,2023-05-05 15:17:00,3.714657608791652e-05,0.220298692676161,0.6410507820145812,0.2217415005878659,0.4871275946163604,0.0108559591441609,0.0005954028365874,0.0001186207413628,2.458049254484096e-05,1518931449639904.0,84.0577680428482,32.915308347262815,0.0319307760846526,0.0006516484915235,0.0005321796014108,0.2888660005136173,0.0158430622127015,0.0031563769428784,0.0006540618362498,4.041721667199058e+16,cruise,0,GTF2035,20,43245.0,1.263891304347826,3.0968000000000004,2.5659200000000006,0,0.7003801041906456,15.347627958717291,10.85595914416094,24.58049254484096,1518931449639904.2,11.5657595260756,711.843284110929,1302.82682803923,0.00371465760879,0.01674353774418,0.178837909521941,15.3476391984876,10.6810109222052,10.68061417395812,0.0037146576087916,0.4227978175586903,12.415948479777454,292104987859051.7,2.697785461089953,0.3999841560376387
76,78,adbb36,NKS2975,35.86319228350106,-76.72617810837767,200.118888716,11163.3,0.8611921654960403,34610D,217.88606,48.871277,-25.813513,205.76603539010551,64554.949620357496,0.3307650483555065,0.4997153111725869,29.98291867035521,34645.59596978359,50.2655501181955,2023-05-05 15:18:00,3.805102620510778e-05,0.2205635623716203,0.667102014614894,0.2498576555862934,0.5463946878305384,0.0114433359051747,0.000593660379292,0.000120369659981,2.926197376073703e-05,1555471123305271.8,94.71604007965212,37.08887039522941,0.0359795024044262,0.000734275559274,0.0005996583734071,0.3431046097624101,0.0177996708701247,0.0036090337255897,0.0008773593794022,4.663756418414804e+16,cruise,0,GTF2035,20,43245.0,1.263891304347826,3.0968000000000004,2.5659200000000006,0,0.6953703877954432,17.322797984891796,11.443335905174743,29.26197376073703,1555471123305272.0,12.4749239291766,726.5136609623,1340.32026995858,0.00380510262051,0.017521657587922,0.198682897524851,17.3228222817313,11.3392752100011,11.33884375536023,0.0038051026205107,0.4588538474278504,13.220033045820676,344710212880487.25,3.5940675623997413,0.4546089219771565
77,79,adbb36,NKS2975,35.764827404992054,-76.7847913376828,201.147777604,11178.54,0.8628189566081029,34610D,217.7152,49.343105,-26.238089,206.81695539776345,64524.966701687146,0.3321531193025788,0.4827201375592918,28.96320825355751,33436.981859481835,25.117072557264024,2023-05-05 15:19:00,3.81457832949896e-05,0.2200341410566105,0.6820964178196031,0.2413600687796459,0.5280700685055608,0.0112711829432289,0.0005935785867212,0.0001197265552684,2.760018310586281e-05,1580437134602607.5,91.49477487298816,35.82748860965064,0.034755849904269,0.0007093030592707,0.0005792641650711,0.3264496188486865,0.0171919402220594,0.0034676651537207,0.0007993898511314,4.577452986115102e+16,cruise,0,GTF2035,20,43245.0,1.263891304347826,3.0968000000000004,2.5659200000000006,0,0.6991960503263814,16.718490929740916,11.27118294322899,27.600183105862808,1580437134602607.5,12.2171287222116,722.046740151889,1328.82156487189,0.0038145783295,0.0172811086534351,0.192832383460699,16.7190010475706,11.158565536961,11.158139900974362,0.0038145783294989,0.4476213934845177,12.97020354163045,329430795791880.06,3.3219737843903965,0.4384065380641587
78,80,adbb36,NKS2975,35.66678839214777,-76.84439801155253,201.662222048,11186.16,0.8644307350466954,34610D,217.61392,49.611183,-26.498241,207.12898632434548,64496.00349343359,0.3321278394117615,0.4883687105262276,29.302122631573656,33774.71475371909,0.0,2023-05-05 15:20:00,3.693819307850816e-05,0.219769907130999,0.6684367357584549,0.2441843552631138,0.5341289074121118,0.0113307336904261,0.0005933948347661,0.0001198985897491,2.8164054935685365e-05,1571965772441370.0,92.56540539314118,36.246725695256615,0.0351625471578883,0.0007176030032222,0.0005860424526314,0.3320145481025701,0.0173877282172594,0.0035132831801833,0.0008252665915278,4.606193383671343e+16,cruise,0,GTF2035,20,43245.0,1.263891304347826,3.0968000000000004,2.5659200000000006,0,0.7004139020089786,16.887357376859544,11.330733690426149,28.164054935685364,1571965772441370.0,12.306126844332,723.471156639278,1332.30302770245,0.00369381930785,0.0173518851698115,0.194746366898677,16.8877564414031,11.2233549837855,11.22294042864504,0.0036938193078508,0.4511709598518741,13.052572680874126,334183288900258.8,3.406905504265401,0.4436745660041317
79,81,adbb36,NKS2975,35.56947326660156,-76.90361022949219,202.691110936,11186.16,0.8660338701370689,34610D,217.54,49.890945,-26.68612,208.1315494841514,64466.70137080201,0.3330148051773874,0.480192098746582,28.81152592479492,33137.526820750994,50.19446451559977,2023-05-05 15:21:00,3.5500594358390306e-05,0.219769907130999,0.6486182063019567,0.240096049373291,0.5250257135323647,0.0112507468573531,0.0005927297699769,0.0001194496326287,2.727110349516377e-05,1585381081816618.5,91.01561039642716,35.63985756897132,0.0345738311097539,0.0007055883899949,0.0005762305184958,0.3241511847539364,0.017077449134089,0.003441526187189,0.0007857221053486,4.567724813943892e+16,cruise,0,GTF2035,20,43245.0,1.263891304347826,3.0968000000000004,2.5659200000000006,0,0.7039236735579768,16.568763410375496,11.25074685735319,27.27110349516377,1585381081816618.5,12.1895171100543,721.192986482182,1326.08702446815,0.00355005943584,0.0172183924365476,0.191916727510033,16.5687868379668,11.1460305145951,11.145634837933851,0.003550059435839,0.4454978164478545,12.930047640019778,326565294029315.44,3.271059213468249,0.4357944039850774
80,82,adbb36,NKS2975,35.471282958984375,-76.96357727050781,202.691110936,11201.4,0.8676291888218997,34610D,217.44522,50.15989,-26.96304,207.8365119100125,64437.889844877216,0.3329200026405372,0.4772531649722735,28.635189898336414,32972.0780810107,0.0,2023-05-05 15:22:00,3.341750458313543e-05,0.2192423908360054,0.6166429038760881,0.2386265824861367,0.5220783959529863,0.0112172735063112,0.0005933306766114,0.0001194677858288,2.709723230905823e-05,1587993245980534.0,90.45856488884472,35.42172990424215,0.0343622278780036,0.0007012699566939,0.0005727037979667,0.3212087569948018,0.016990136597276,0.003420982733942,0.0007759343928892,4.547248815592824e+16,cruise,0,GTF2035,20,43245.0,1.263891304347826,3.0968000000000004,2.5659200000000006,0,0.7030790140839366,16.48603904050535,11.217273506311292,27.097232309058228,1587993245980534.0,12.1304914629257,720.43342965361,1324.65171962431,0.00334175045831,0.0171938482113688,0.190831594807698,16.4861029574885,11.0988297943399,11.09845891153836,0.0033417504583135,0.4436155833833368,12.88421915725344,324186617769586.5,3.2276149863528363,0.4328650711733982
81,83,adbb36,NKS2975,35.37397481627384,-77.02321803316153,202.176666492,11201.4,0.8692146150111267,34610D,217.40141,50.495724,-27.116148,208.11774201722525,64409.25465497888,0.3331013892802036,0.4768009728569782,28.608058371418693,32914.247437072954,0.0,2023-05-05 15:23:00,3.1500231344734724e-05,0.2192423908360054,0.5845846759479446,0.2384004864284891,0.521334613749309,0.0112142731719214,0.0005929363895662,0.0001193623563279,2.7021986286894604e-05,1589123709095070.5,90.37285639531164,35.38816820544493,0.0343296700457024,0.0007006055111367,0.0005721611674283,0.3208185814953647,0.0169627588432507,0.0034147252571796,0.0007730465610071,4.546174382919715e+16,cruise,0,GTF2035,20,43245.0,1.263891304347826,3.0968000000000004,2.5659200000000006,0,0.7041013166348103,16.457123718536476,11.214273171921493,27.02198628689461,1589123709095070.5,12.1272169684744,720.22055680831,1323.99277362603,0.00315002313447,0.0171789199520112,0.190666893102479,16.4571551953836,11.0988871032114,11.098537496712666,0.0031500231344734,0.4430911521298706,12.876297973419216,323589136587099.8,3.2161691732148787,0.4323873140851516
82,84,adbb36,NKS2975,35.27689012430481,-77.0824448605801,201.662222048,11201.4,0.8707937474638339,34610D,217.36414,50.86709,-27.25378,208.359348968714,64380.64659660746,0.3332285966084766,0.4774852359597286,28.64911415758372,32935.83497919424,0.0,2023-05-05 15:24:00,2.968612283718529e-05,0.2192423908360054,0.5535958163776655,0.2387426179798643,0.5218716887298328,0.01122299033324,0.0005926008918568,0.0001193136134151,2.7062818777614352e-05,1588510259728498.5,90.50255162380697,35.43895421293106,0.0343789369891004,0.0007016109589612,0.0005729822831516,0.3215287312464536,0.0169774906006938,0.0034182293312845,0.0007753257845858,4.550941177145471e+16,cruise,0,GTF2035,20,43245.0,1.263891304347826,3.0968000000000004,2.5659200000000006,0,0.7049791312313624,16.46791748959712,11.222990333240082,27.06281877761436,1588510259728498.5,12.1417213709994,720.331674341368,1324.14693595229,0.00296861228372,0.0171807262257001,0.190901985673424,16.4679129455245,11.1114037419361,11.111073897231533,0.0029686122837185,0.4433649000898865,12.885195734144451,324079990159561.6,3.2239239289103447,0.4330131888777967
83,85,adbb36,NKS2975,35.17947956667108,-77.14187622070312,201.662222048,11201.4,0.8723655328128684,34610D,217.33752,51.296753,-27.423258,208.634842719714,64351.99748244988,0.3331688564051762,0.4849047799353917,29.094286796123505,33397.46340662257,0.0,2023-05-05 15:25:00,2.9033866607223968e-05,0.2192423908360054,0.5433112998390616,0.2424523899676958,0.5298802874840949,0.0113019581959628,0.000592361570456,0.0001195436551157,2.7763372243174857e-05,1577985452837648.0,91.90885198895415,35.98963276680478,0.0349131441553482,0.0007125131460275,0.0005818857359224,0.3288224131111423,0.0172343374178492,0.0034780373865936,0.0008077555144704,4.591036132496935e+16,cruise,0,GTF2035,20,43245.0,1.263891304347826,3.0968000000000004,2.5659200000000006,0,0.705954484057256,16.698731703311285,11.301958195962868,27.76337224317486,1577985452837648.0,12.2640203515303,722.294208785408,1328.79737213235,0.00290338666072,0.0172735406217415,0.193485958278574,16.699351578847,11.2012911837566,11.20096597640457,0.0029033866607223,0.4482369325165383,12.996687558932395,330449426746644.06,3.338649170764028,0.4401020158795554
84,86,adbb36,NKS2975,35.082950592041016,-77.20046880293866,202.176666492,11201.4,0.8739302039988017,34610D,217.31654,51.763973,-27.611502,209.3537403406576,64322.90319565376,0.3331583243486576,0.4960792448278943,29.76475468967366,34048.694125015696,25.07463812195289,2023-05-05 15:26:00,2.9027412068692107e-05,0.2192423908360054,0.544675692187572,0.2480396224139471,0.5422705771842884,0.0114209783046211,0.0005921727998243,0.0001199289365941,2.8793592052986105e-05,1562507883906179.0,94.02686006467908,36.81900155112632,0.0357177056276083,0.0007289327679103,0.0005952950937934,0.3399426175531344,0.0176258781206696,0.0035696553779191,0.0008570342040916,4.65076638651485e+16,cruise,0,GTF2035,20,43245.0,1.263891304347826,3.0968000000000004,2.5659200000000006,0,0.7084211691935889,17.024347062507847,11.42097830462118,28.793592052986103,1562507883906179.0,12.4462006131386,725.250222822447,1335.66845245488,0.00290274120687,0.0174094429317887,0.197334113659545,17.0242879461663,11.3348896017358,11.334560588774972,0.0029027412068692,0.455646562229989,13.166520361840782,339735564016323.44,3.509794995308797,0.4506451764168381
85,87,adbb36,NKS2975,34.98408508300781,-77.2601754324777,202.691110936,11209.02,0.875491713117784,34610D,217.27708,52.305435,-27.913641,210.33217671971863,64293.13844096408,0.3327259507453432,0.5150634944297785,30.90380966578671,35141.5721163457,25.070158735911093,2023-05-05 15:27:00,2.938954144189031e-05,0.2189791077049745,0.5536451697831105,0.2575317472148892,0.5638509868281864,0.0116179295879933,0.0005925439335651,0.0001207227729233,3.060557693964162e-05,1535285420584367.2,97.6251347342202,38.228012556578165,0.037084571598944,0.0007568279918151,0.0006180761933157,0.3590382846978583,0.0183118649415129,0.0037307935967483,0.0009458289244542,4.744616842039658e+16,cruise,0,GTF2035,20,43245.0,1.263891304347826,3.0968000000000004,2.5659200000000006,0,0.7117966597531926,17.57078605817285,11.61792958799335,30.60557693964162,1535285420584367.2,12.7358725247788,730.199264350744,1347.44753879643,0.00293895414419,0.0176463544430134,0.203669848589311,17.5707105035624,11.5417521078949,11.541412911061856,0.002938954144189,0.4682126652674457,13.406584021263024,359187519368855.7,3.841322479834469,0.468883075772404
86,88,adbb36,NKS2975,34.88661943855932,-77.3192024230957,203.719999824,11216.64,0.8770426011823278,34610D,217.2389,52.843365,-28.266714,212.3354179169672,64262.2346312983,0.332335778560896,0.5388281240571494,32.329687443428966,36373.439604288615,0.0,2023-05-05 15:28:00,3.164922143906464e-05,0.2187161407445841,0.5984658409481176,0.2694140620285747,0.5913380296270365,0.011863043241171,0.0005929266223436,0.000121683688298,3.277817365164793e-05,1502645283935741.5,102.1294826337921,39.99182336752163,0.0387956249321147,0.0007917474475941,0.0006465937488685,0.3835284801149428,0.0191691323772582,0.0039339956096392,0.0010597081091242,4.8580052367985096e+16,cruise,0,GTF2035,20,43245.0,1.263891304347826,3.0968000000000004,2.5659200000000006,0,0.7186390979954473,18.186719802144307,11.86304324117106,32.778173651647926,1502645283935741.5,13.1333444468819,737.3258616776,1362.66973326578,0.00316492214391,0.0179341867735102,0.212111169439684,18.1864026778576,11.827197526067,11.826823216320104,0.0031649221439064,0.4864173389527719,13.786746657295046,381358264669920.06,4.262155054417817,0.4916889357560526
87,89,adbb36,NKS2975,34.78764938095868,-77.3788833618164,204.748888712,11216.64,0.8785889314603735,34610D,217.22096,53.358425,-28.546272,215.8282596363456,64229.90494385487,0.3369179473207097,0.4955978870402946,29.73587322241768,33367.582398228085,8.354817952502467,2023-05-05 15:29:00,3.453291580495267e-05,0.2187161407445841,0.6545227129068873,0.2477989435201473,0.5455950487872736,0.0114452570376279,0.0005927649925132,0.0001201611840995,2.8340673246205174e-05,1569312336689507.8,93.93562350961744,36.78327517613067,0.0356830478669012,0.0007282254666714,0.0005947174644483,0.3403347122688878,0.0176263846680602,0.0035730977366401,0.0008427346666871,4.666487269017525e+16,cruise,0,GTF2035,20,43245.0,1.263891304347826,3.0968000000000004,2.5659200000000006,0,0.7304906338336479,16.683791199114044,11.445257037627927,28.34067324620517,1569312336689507.8,12.5034523404144,725.936836994625,1332.88252670719,0.0034532915805,0.0173036944564143,0.19726073913002,16.683380241539,11.3999203827191,11.39952672382253,0.0034532915804952,0.4573806489217581,13.209155369163453,335790171741538.3,3.48642917119537,0.4499901589875478
88,90,adbb36,NKS2975,34.687835693359375,-77.4386472118144,206.806666488,11219.18,0.8801307669011791,34610D,217.19614,53.836338,-28.877268,216.32412280909017,64200.16907063245,0.3373630048005745,0.4884080187559421,29.304481125356528,32851.46553548802,41.76525952622637,2023-05-05 15:30:00,3.791451736540288e-05,0.2186285552856256,0.7206557181763593,0.244204009377971,0.5379323500592901,0.0113723214146742,0.0005927836849069,0.0001199052067247,2.761603227819896e-05,1580199023614056.0,92.57285587500128,36.24964315206603,0.0351653773504278,0.0007176607622536,0.0005860896225071,0.3332599782478093,0.0173712183057749,0.0035137598672972,0.0008092734966537,4.630691246180492e+16,cruise,0,GTF2035,20,43245.0,1.263891304347826,3.0968000000000004,2.5659200000000006,0,0.7322107516736205,16.425732767744012,11.372321414674245,27.61603227819896,1580199023614056.0,12.3931835852787,724.074095269635,1327.95182212799,0.00379145173654,0.0171993850717394,0.194744743999841,16.4257653871132,11.3227736449618,11.322344363739802,0.0037914517365402,0.4526877744557449,13.102767227662092,329225032205444.2,3.3716960374354827,0.4430094662827339
89,91,adbb36,NKS2975,34.587921142578125,-77.49843675263071,206.806666488,11231.88,0.8816648745247412,34610D,217.12915,54.343643,-29.321867,215.87282680296403,64170.864589507095,0.3301439322498303,0.3742546330721885,22.45527798433131,24686.07162426985,25.052332751565107,2023-05-05 15:31:00,4.11959712732435e-05,0.2181911538174516,0.7883152666930582,0.1871273165360942,0.4123756204651849,0.0100943414537265,0.0005933914861002,0.000115244820123,1.96941708543636e-05,1288295820000424.0,70.9362231525026,27.777178866617835,0.0269463335811975,0.0005499251751264,0.0004491055596866,0.2266712434121878,0.0133247707739159,0.0025878544721178,0.0004422380812056,2.892904076416157e+16,cruise,0,GTF2035,20,43245.0,1.263891304347826,3.0968000000000004,2.5659200000000006,0,0.7307959149312876,12.343035812134929,10.094341453726509,19.6941708543636,1288295820000424.0,10.2572898710454,692.113563157222,1251.47525237633,0.00411959712732,0.0156841940054376,0.151926710494396,12.3430499545794,9.68661255029893,9.686213517325124,0.0041195971273243,0.3766588341408602,11.33512360854146,226403090931531.75,1.6332004663430064,0.3251244620457454
90,92,adbb36,NKS2975,34.478668212890625,-77.54783786073023,221.725555364,11239.5,0.883292010261335,34610D,217.07787,54.774044,-29.710411,208.0478446161993,64148.40931152276,0.3315823327057187,0.5079319572726617,30.4759174363597,34915.089350228474,25.046962418458275,2023-05-05 15:32:00,4.456908706862676e-05,0.2179291330927129,0.857556098777345,0.2539659786363308,0.5556118986215534,0.0115277076372372,0.0005936562764131,0.0001206773041717,3.0282337793399703e-05,1540141623231281.2,96.27342318146027,37.69870986877695,0.0365711009236316,0.0007463489984414,0.0006095183487271,0.3513174661829366,0.0180922196655425,0.0036777515583806,0.0009228820263716,4.693722894989754e+16,cruise,0,GTF2035,20,43245.0,1.263891304347826,3.0968000000000004,2.5659200000000006,0,0.704389194002935,17.45754467511424,11.527707637237285,30.2823377933997,1540141623231281.2,12.5885611329626,728.330601163196,1344.53793430575,0.00445690870686,0.0176054325876596,0.201072503218753,17.4582155943625,11.42104871423,11.42053971120124,0.0044569087068626,0.4634942814937365,13.32051348676112,350923032220278.75,3.706150173755337,0.4619177894412832
91,93,adbb36,NKS2975,34.359283447265625,-77.57513552295916,226.35555536,11247.12,0.8850786684774554,34610D,217.03607,55.080112,-30.074013,209.91570509845505,64117.9333940864,0.3323273447993727,0.5148249058676666,30.88949435206,35152.81855597135,0.0,2023-05-05 15:33:00,4.705018563890721e-05,0.2176674270226199,0.9091502314988952,0.2574124529338333,0.564436770342028,0.0116051004822179,0.0005940066591035,0.0001210400115376,3.085432490847489e-05,1531548340596665.2,97.57991265815753,38.21030451349822,0.0370673932224719,0.0007564774127035,0.0006177898870411,0.358475685800559,0.0183485653414641,0.0037388647527668,0.0009530744949969,4.730875381676755e+16,cruise,0,GTF2035,20,43245.0,1.263891304347826,3.0968000000000004,2.5659200000000006,0,0.7107815967786982,17.576409277985675,11.605100482217916,30.854324908474887,1531548340596665.2,12.7055723962734,730.314158032374,1348.47273997585,0.00470501856389,0.0176758545524081,0.203438365770084,17.5760131650648,11.509393515708,11.50885202208387,0.0047050185638907,0.4685023522141407,13.394456476784704,359593990694857.6,3.848570083097416,0.4684392721883018
92,94,adbb36,NKS2975,34.24921954803836,-77.59940283639091,225.326666472,11247.12,0.8868273844402034,34610D,217.02863,55.300457,-30.320635,212.36913063823647,64087.04389973434,0.3354881066252421,0.4751104651123126,28.50662790673876,32371.27417698834,-50.09628074042783,2023-05-05 15:34:00,4.94485321889556e-05,0.2176674270226199,0.9564234393761368,0.2375552325561563,0.5220680232644117,0.011208009088178,0.0005939394973182,0.0001195900090098,2.678804864445973e-05,1592638285258301.5,90.05243755738773,35.262698720635846,0.0342079534880865,0.0006981214997568,0.0005701325581347,0.3195025446520378,0.016931212249166,0.0034091078882062,0.0007636369350552,4.5400746987884856e+16,cruise,0,GTF2035,20,43245.0,1.263891304347826,3.0968000000000004,2.5659200000000006,0,0.7191013127050284,16.18563708849417,11.208009088178043,26.78804864445973,1592638285258301.5,12.1187508240209,720.160879527817,1321.52507524103,0.0049448532189,0.0171036871364217,0.189901415511505,16.1861719899923,11.1029518955077,11.102402897980625,0.0049448532188955,0.4429441318231317,12.867154056681573,319818307842083.3,3.1771643339084488,0.4301053809972338
93,95,adbb36,NKS2975,34.120330810546875,-77.62793716119259,224.297777584,11231.88,0.8886284015812107,34610D,217.10574,55.36727,-30.318228,212.90593759737672,64058.537271827605,0.3357244289360315,0.4515756703992711,27.094540223956265,30711.79243079884,25.05058255120414,2023-05-05 15:35:00,5.0923716040363e-05,0.2181911538174516,0.9774411408019152,0.2257878351996355,0.4959260869139448,0.0109606523647024,0.0005931804151826,0.0001185020891954,2.500224177086278e-05,1538838120640111.0,85.59165256747784,33.5159462570339,0.0325134482687475,0.0006635397605866,0.0005418908044791,0.2969738363762311,0.0160719506192301,0.0032107596223291,0.0006774242453497,4.169411135784075e+16,cruise,0,GTF2035,20,43245.0,1.263891304347826,3.0968000000000004,2.5659200000000006,0,0.7207909536486891,15.35589621539942,10.960652364702424,25.00224177086277,1538838120640111.0,11.7394906028042,713.681202510288,1304.86589834364,0.00509237160404,0.0167579982808536,0.181513031263415,15.3555273919228,10.8314267743301,10.830875225915625,0.0050923716040363,0.4271860270322728,12.518158227931076,297887268011036.4,2.7988840336032994,0.4069131586295342
94,96,adbb36,NKS2975,34.00082345736229,-77.65417098999023,224.297777584,11239.5,0.8903869496568335,34610D,217.07095,55.556156,-30.488045,210.8375053395808,64031.442731603645,0.3333849241855769,0.5078081992715587,30.468491956293523,34631.97466041442,25.0462299402388,2023-05-05 15:36:00,5.147344927313112e-05,0.2179291330927129,0.991295626223494,0.2539040996357793,0.5569009517806236,0.0115387305224987,0.0005935937919977,0.000120707393119,3.005242467142352e-05,1543595736770689.2,96.24996608993123,37.68952454993509,0.0365621903475522,0.00074616714995,0.0006093698391258,0.3515677181105931,0.0180859076767886,0.0036777722363142,0.0009156520593683,4.703103428956672e+16,cruise,0,GTF2035,20,43245.0,1.263891304347826,3.0968000000000004,2.5659200000000006,0,0.7138454546886183,17.315987330207207,11.538730522498795,30.052424671423523,1543595736770689.2,12.6157294335698,728.532357754916,1343.38117000682,0.00514734492731,0.0175637393358918,0.201142423960458,17.3160155301091,11.4521412618223,11.45155181095106,0.0051473449273131,0.4640095643636807,13.334764463747211,349620199695974.94,3.69754453755881,0.4614994276294737
95,97,adbb36,NKS2975,33.88188248973782,-77.68014907836914,224.812222028,11247.12,0.89213257272486,34610D,217.0303,55.64899,-30.51074,212.4839635806704,64000.97423964735,0.3356440472879935,0.4658047623263371,27.94828573958023,31734.829761995235,125.16359795385428,2023-05-05 15:37:00,5.125364154451161e-05,0.2176674270226199,0.991119987124736,0.2329023811631685,0.5119143677509086,0.0111096661828919,0.0005939545624869,0.0001192342006991,2.6011328573871326e-05,1586467275025570.8,88.28863465133394,34.572029459860744,0.0335379428874962,0.0006844478140305,0.0005589657147916,0.3104961249508147,0.0166000118287136,0.0033323915110699,0.0007269720434486,4.433904071890786e+16,cruise,0,GTF2035,20,43245.0,1.263891304347826,3.0968000000000004,2.5659200000000006,0,0.7194873966649696,15.867414880997618,11.109666182891912,26.011328573871328,1586467275025570.8,11.9664348187854,717.665010157869,1315.3695560535,0.00512536415445,0.0169784765446734,0.186618041364249,15.8674855575447,10.9914479590218,10.990884636160402,0.0051253641544511,0.4368024551132809,12.732456614413216,311204965087428.0,3.028298361735028,0.420979691398394
96,98,adbb36,NKS2975,33.76255229368048,-77.70607773138552,224.297777584,11285.22,0.8938684456928356,34610D,216.83679,55.848766,-30.76724,209.9961479918959,63973.025953907774,0.331636573351265,0.5227247438536278,31.363484631217663,35604.394737440685,0.0,2023-05-05 15:38:00,4.987431596074132e-05,0.2163636032825577,0.9832120481545614,0.2613623719268139,0.574640254849935,0.0116795448118294,0.0005958489597054,0.0001217486895758,3.186317193935029e-05,1516391866887872.2,99.0772479500166,38.796630488816255,0.0376361815574611,0.0007680853379073,0.0006272696926243,0.3663112242054316,0.0186878996902482,0.0038184631543837,0.0009993401034216,4.755933301204125e+16,cruise,0,GTF2035,20,43245.0,1.263891304347826,3.0968000000000004,2.5659200000000006,0,0.7113806552411119,17.802197368720343,11.679544811829471,31.86317193935029,1516391866887872.2,12.8132849442862,733.123637574764,1355.22953654847,0.00498743159607,0.017813081932573,0.206179517362457,17.8012564917782,11.5746123070055,11.57403505992398,0.0049874315960741,0.4756270288222504,13.518917280272865,368383332578561.75,4.014174654365876,0.4758392789927812
97,99,adbb36,NKS2975,33.64615256099378,-77.73513560392418,216.06666648,11285.22,0.8955627234478386,34610D,216.81659,55.78223,-30.638702,212.93560940752693,63941.66246927656,0.3359232461209169,0.4582083447407403,27.492500684444423,31176.99229950334,0.0,2023-05-05 15:39:00,4.976932833428162e-05,0.2163636032825577,0.9837389031883282,0.2291041723703701,0.504981701027985,0.011026699034865,0.0005956658410898,0.0001193285301983,2.564535501138006e-05,1569193229564938.8,86.84880966215992,34.00822334665775,0.0329910008213333,0.0006732857310476,0.0005498500136888,0.3031515307631912,0.0163763435438636,0.0032806396981518,0.0007050549402031,4.314104593783963e+16,cruise,0,GTF2035,20,43245.0,1.263891304347826,3.0968000000000004,2.5659200000000006,0,0.7213719764493112,15.58849614975167,11.026699034865096,25.64535501138006,1569193229564938.8,11.8243163818559,715.882547870649,1311.06949853135,0.00497693283343,0.0168921587696109,0.183800797262848,15.5889971392028,10.8808352898924,10.88029378497864,0.0049769328334281,0.4324837276017997,12.623634404492265,304356136459485.5,2.916639959545497,0.4132206609938013
98,100,adbb36,NKS2975,33.53646488512977,-77.77137600645727,215.037777592,11285.22,0.8971777035059444,34610D,216.79185,55.703743,-30.479795,211.69495077950896,63914.16996859211,0.3352651500037682,0.4498666397529442,26.99199838517665,30728.485741395045,-50.03802407125541,2023-05-05 15:40:00,4.966606315816213e-05,0.2163636032825577,0.9848786541975512,0.2249333198764721,0.4949804787188222,0.0109307667213095,0.0005954416512606,0.000118919094421,2.5157552766748068e-05,1546168839245016.8,85.26772289877304,33.389102002463524,0.0323903980622119,0.0006610285318818,0.0005398399677035,0.2950432376903296,0.0160721600892952,0.0032098640045802,0.000679052623655,4.173418681211195e+16,cruise,0,GTF2035,20,43245.0,1.263891304347826,3.0968000000000004,2.5659200000000006,0,0.7172097951606211,15.364242870697522,10.930766721309531,25.15755276674807,1546168839245016.8,11.6722280602108,713.342894111861,1305.68543937334,0.00496660631582,0.0167925283311671,0.180782764373016,15.3642531949303,10.765666777973,10.765132116241409,0.0049666063158162,0.426374292566509,12.484988465371591,297483105518058.9,2.786380532339794,0.405075298685981
99,101,adbb36,NKS2975,33.42220358121193,-77.80876651686063,214.008888704,11269.98,0.8987965101995481,34610D,216.83765,55.481243,-30.236439,210.77535380778875,63887.17797020693,0.3346454087381087,0.4746368347321819,28.47821008393091,32501.689814540663,50.03076619812877,2023-05-05 15:41:00,5.018216210685733e-05,0.2168841929638683,0.9915508775503228,0.2373184173660909,0.5209234246222207,0.011192559983033,0.0005943979537012,0.0001196421351799,2.699067331874366e-05,1589594141344955.0,89.96266565513774,35.22754587382254,0.034173852100717,0.0006974255530758,0.0005695642016786,0.318744074573813,0.0169273897989639,0.003407193860544,0.0007686460650779,4.526879590540739e+16,cruise,0,GTF2035,20,43245.0,1.263891304347826,3.0968000000000004,2.5659200000000006,0,0.7140188818407596,16.25084490727033,11.192559983033036,26.99067331874366,1589594141344955.0,12.0848898229334,719.858246354297,1322.35772727245,0.00501821621069,0.0171378489804329,0.189672310304805,16.2512241267649,11.0674513774373,11.066896016667371,0.0050182162106857,0.4421985679899153,12.84576476958332,320520250538496.3,3.176358285191862,0.4295716123375392
100,102,adbb36,NKS2975,33.31105041503906,-77.84494628906248,215.037777592,11285.22,0.9003966376195562,34610D,216.72897,55.303577,-30.275589,210.13382350822067,63858.699760123,0.3336322564198794,0.4926168013005331,29.557008078031984,33733.44907752506,50.00714729708776,2023-05-05 15:42:00,4.968570578839165e-05,0.2163636032825577,0.993406788066326,0.2463084006502665,0.5406186324595821,0.0113750663865696,0.0005948719186461,0.0001204193459254,2.889764199767784e-05,1560944683338742.0,93.37058851850304,36.562018992525566,0.0354684096936383,0.0007238450957885,0.0005911401615606,0.3362129290759899,0.0175826341048188,0.0035592355802698,0.0008541278379614,4.613685461480427e+16,cruise,0,GTF2035,20,43245.0,1.263891304347826,3.0968000000000004,2.5659200000000006,0,0.7120240748140799,16.86672453876253,11.375066386569673,28.89764199767784,1560944683338742.0,12.3511838687299,724.603158427225,1334.8561819624,0.00496857057884,0.0174017336451349,0.195806866151121,16.8666186520712,11.2521470644313,11.25158802133922,0.0049685705788391,0.4540187403010205,13.1065450668393,336734114960276.5,3.4622458488293524,0.4466027603812728
101,103,adbb36,NKS2975,33.19838313733117,-77.88142033791055,216.06666648,11300.46,0.901991016904258,34610D,216.63295,55.043736,-30.364595,210.66439918049787,63829.14275204497,0.3343945872329222,0.4808547859334112,28.85128715600467,32920.12616894326,49.98713444266573,2023-05-05 15:43:00,4.932700829519094e-05,0.215844263178787,0.9963158072264982,0.2404273929667056,0.5283848260182028,0.0112539609683406,0.0005954604118208,0.0001201170755099,2.7794065768492146e-05,1577524326824224.5,91.14121612581874,35.68904221197778,0.0346215445872056,0.0007065621344327,0.00057702574312,0.324691259540064,0.017179799331475,0.0034655322378777,0.0008018945727196,4.551360734878866e+16,cruise,0,GTF2035,20,43245.0,1.263891304347826,3.0968000000000004,2.5659200000000006,0,0.7139801125838456,16.460063084471628,11.253960968340634,27.794065768492143,1577524326824224.5,12.1655321682204,721.621905856968,1327.28820804868,0.00493270082952,0.0172447090561034,0.191732193183116,16.460104669585,11.1183199762514,11.117771569840947,0.004932700829519,0.4465646854607726,12.935064323372917,326385136697498.94,3.280347046711612,0.4353383573275409
102,104,adbb36,NKS2975,33.0862708010916,-77.9176499970105,216.06666648,11315.7,0.9035730499526188,34610D,216.55556,54.68974,-30.507238,210.4375144578649,63800.29146488896,0.3340762650639264,0.4852331466211556,29.113988797269336,33224.03506011623,-24.99294214977174,2023-05-05 15:44:00,4.9106121709986857e-05,0.2153261696531805,0.9995592353227092,0.2426165733105778,0.5336559666731773,0.0112967914013947,0.0005962184105339,0.0001204527817002,2.8340134751450503e-05,1569320426797662.8,91.97109061057382,36.01400414222217,0.0349367865567232,0.0007129956440147,0.0005822797759453,0.3288946583052966,0.0173582961250104,0.0035068609370199,0.0008250943656668,4.568917732511309e+16,cruise,0,GTF2035,20,43245.0,1.263891304347826,3.0968000000000004,2.5659200000000006,0,0.7133385775071421,16.612017530058115,11.296791401394795,28.340134751450503,1569320426797662.8,12.222059974639,722.878078230163,1330.75313840636,0.004910612171,0.017319468739949,0.193177259252835,16.6124224388237,11.1537635566877,11.15321586551195,0.0049106121709986,0.4496892152876527,13.000387663977344,330342032138988.1,3.3525712388118976,0.4393819938676507
103,105,adbb36,NKS2975,32.97302204713983,-77.9551866928412,216.06666648,11308.08,0.9051424017897618,34610D,216.6221,54.247086,-30.50704,211.57276628834168,63771.177476091696,0.334908150360465,0.4805433198875368,28.832599193252207,32807.86391371165,49.99345558883136,2023-05-05 15:45:00,4.993611486333048e-05,0.2155850607808928,1.008839381280761,0.2402716599437684,0.5290454992225233,0.0112541411029573,0.0005960921040945,0.0001202674928535,2.774776084326517e-05,1578219991637929.0,91.08218085148371,35.66592520205298,0.0345991190319026,0.0007061044700388,0.000576651983865,0.3244861396858743,0.0171868847196206,0.0034676244174249,0.000800040066904,4.550418445767426e+16,cruise,0,GTF2035,20,43245.0,1.263891304347826,3.0968000000000004,2.5659200000000006,0,0.7170766829754868,16.403931956855825,11.254141102957345,27.74776084326517,1578219991637929.0,12.1651458714816,721.775996859158,1327.06575682709,0.00499361148633,0.0172336168619417,0.191621285630788,16.4046199850185,11.1190406033663,11.118485389402789,0.004993611486333,0.4469479624239267,12.940565350795586,325646187479955.5,3.276878247808946,0.4349751394631839
104,106,adbb36,NKS2975,32.860565185546875,-77.994140625,217.095555368,11323.32,0.9066900619117616,34610D,216.62117,53.716103,-30.637663,211.2563282949496,63742.344876898445,0.3351229160204186,0.4590204706384678,27.54122823830807,31405.51438628014,-25.004947045205405,2023-05-05 15:46:00,5.008713485754698e-05,0.2150675894218531,1.0095853162904191,0.2295102353192339,0.5064025009634907,0.0110230798845265,0.0005975466264157,0.0001197567736034,2.593643135870409e-05,1582932107373386.8,87.00274000481518,34.068499330787084,0.0330494738859696,0.0006744790588973,0.0005508245647661,0.303589158988847,0.0164571680211484,0.003298248634897,0.0007143211757372,4.359589445491642e+16,cruise,0,GTF2035,20,43245.0,1.263891304347826,3.0968000000000004,2.5659200000000006,0,0.7160057452147137,15.702757193140071,11.023079884526505,25.93643135870409,1582932107373386.8,11.7984176260328,716.140202258258,1313.54865765253,0.00500871348575,0.0169625395670547,0.183976780078928,15.7026362874322,10.8460634300453,10.84552020901199,0.0050087134857546,0.4331079983648891,12.624412903462558,306334896011180.44,2.9422299403816083,0.4139449160514796
105,107,adbb36,NKS2975,32.74836730957031,-78.03248291015626,217.609999812,11315.7,0.9082284908357072,34610D,216.76457,53.139744,-30.625565,210.69430530077943,63714.80364866013,0.3345182401956676,0.4751771748735778,28.51063049241467,32538.83765946344,50.036361909149264,2023-05-05 15:47:00,5.12213598347427e-05,0.2153261696531805,1.0144643397428497,0.2375885874367889,0.5245944266743909,0.0111924909156187,0.0005981194340215,0.0001205206277911,2.737308276890608e-05,1583848990098039.5,90.06508172553794,35.26764991911695,0.0342127565908976,0.0006982195222632,0.0005702126098482,0.3191049727849137,0.0170527621737216,0.0034361190856675,0.0007804238482625,4.515653331246934e+16,cruise,0,GTF2035,20,43245.0,1.263891304347826,3.0968000000000004,2.5659200000000006,0,0.7138646171857111,16.26941882973172,11.192490915618734,27.37308276890608,1583848990098039.5,12.0611348271609,720.780233894173,1325.0529221707,0.00512213598347,0.0171973985491313,0.1897465267215,16.2694656528298,11.0334435862153,11.03287846717732,0.0051221359834742,0.4444711597565629,12.869821378877845,321478445338781.0,3.209523736663405,0.4298793964721555
106,108,adbb36,NKS2975,32.63580322265625,-78.07077026367188,217.609999812,11330.94,0.9097575783137696,34610D,216.85056,52.453537,-30.559326,210.1564025135384,63686.29301816772,0.3342530266264512,0.4719267094708117,28.315602568248703,32373.282622253828,25.03114722767136,2023-05-05 15:48:00,5.189683228026044e-05,0.2148093197135621,1.0139091367164668,0.2359633547354058,0.5227544765801354,0.0111538193417057,0.0006003727148956,0.0001209096464373,2.72233125556613e-05,1586099071854671.2,89.44898851309765,35.02640037692365,0.0339787230818984,0.000693443328202,0.0005663120513649,0.3158271155977861,0.0169999151878046,0.0034236294951877,0.0007708444989173,4.4911350952505016e+16,cruise,0,GTF2035,20,43245.0,1.263891304347826,3.0968000000000004,2.5659200000000006,0,0.7119009374151851,16.186641311126913,11.153819341705772,27.223312555661305,1586099071854671.2,11.990145660299,720.395623781433,1324.44025517507,0.00518968322803,0.0171885735208166,0.188584681718044,16.1866820690686,10.9715143894666,10.97094503217231,0.005189683228026,0.4435224452430247,12.833509394219783,318927872551153.7,3.1742977697020027,0.4267765065007924
107,109,adbb36,NKS2975,32.52265024993379,-78.10909349091196,217.095555368,11338.56,0.9112777583822408,34610D,216.98929,51.73627,-30.428097,209.82944375000187,63657.97741559948,0.3341540517637231,0.4665642134879684,27.993852809278103,32045.804928833008,-25.052994799179267,2023-05-05 15:49:00,5.2959232583744174e-05,0.2145513601554076,1.014860113348103,0.2332821067439842,0.5184978605879551,0.0110944461520697,0.0006023788977769,0.0001211620121314,2.679934003225524e-05,1592468648418403.2,88.43258102450953,34.62839592507702,0.0335926233711337,0.000685563742268,0.0005598770561855,0.3105762925815037,0.0168629061997839,0.0033917915336828,0.0007502167802487,4.457933294721482e+16,cruise,0,GTF2035,20,43245.0,1.263891304347826,3.0968000000000004,2.5659200000000006,0,0.7105660955667573,16.022902464416504,11.094446152069796,26.79934003225524,1592468648418403.2,11.8912135258978,719.420224125349,1322.10334725481,0.00529592325837,0.0171417047758816,0.186705524002185,16.023264011439,10.8918877348115,10.89131093934232,0.0052959232583744,0.441119461135072,12.768008095745634,314226823849487.94,3.102888099358944,0.4216457746196876
108,110,adbb36,NKS2975,32.40931417174258,-78.14733263911033,216.581110924,11330.94,0.912787751090436,34610D,217.2292,51.039196,-29.985964,209.918615140653,63629.98356279019,0.3340403119239252,0.4714653165469535,28.28791899281721,32357.662089467933,25.07560654267576,2023-05-05 15:50:00,5.427250471203748e-05,0.2148093197135621,1.0092012256483478,0.2357326582734767,0.525503871685821,0.0111473253346598,0.0006038390629883,0.0001217053784824,2.727844857284709e-05,1585270732602724.5,89.36153609830957,34.9921557941149,0.0339455027913806,0.0006927653630894,0.0005657583798563,0.3153346360534363,0.0170813504985137,0.0034427918875011,0.0007716505434784,4.484401006554987e+16,cruise,0,GTF2035,20,43245.0,1.263891304347826,3.0968000000000004,2.5659200000000006,0,0.7104753946674597,16.178831044733965,11.147325334659833,27.278448572847093,1585270732602724.5,11.9710956815463,721.287926802991,1326.20258842573,0.0054272504712,0.0172197903890527,0.188490239572678,16.179015976702,10.9461401860332,10.945546143828532,0.0054272504712037,0.4457339654593047,12.859045990664656,318634480263040.3,3.1940229643093736,0.426538629466527
109,111,adbb36,NKS2975,32.29839066327628,-78.18470857581315,216.06666648,11338.56,0.9142799808613796,34610D,217.38121,50.303074,-29.567968,209.60043586993257,63601.69564379738,0.3336562908529119,0.4763150444689696,28.578902668138177,32702.495400957043,7.689883481175234,2023-05-05 15:51:00,5.488922454594654e-05,0.2145513601554076,0.9994673185712334,0.2381575222344848,0.5327622365873901,0.0111958517314905,0.0006059769306033,0.000122392883631,2.787786799724239e-05,1576265319028276.2,90.28075352864848,35.35210260048693,0.0342946832017658,0.0006998914939135,0.0005715780533627,0.319965156921174,0.0173181557188498,0.0034978543085638,0.0007967188760883,4.504793313167088e+16,cruise,0,GTF2035,20,43245.0,1.263891304347826,3.0968000000000004,2.5659200000000006,0,0.7091504956005008,16.35124770047852,11.195851731490526,27.8778679972424,1576265319028276.2,12.0356887309657,723.163233479783,1330.86073160522,0.00548892245459,0.017315279515433,0.190187876353554,16.3516753010348,10.9838178577505,10.98321499759626,0.0054889224545946,0.4503984938084521,12.949894253233657,322995034665496.25,3.285126777316496,0.4312655513850253
110,112,,,32.18600306190253,-78.22246740666402,216.06666648,11340.895161290324,0.915765181775378,34610D,217.53593,49.599648,-28.972433,209.865772315548,63573.11674112924,0.3340032435503034,0.4680924299128205,28.08554579476923,32130.69697258824,8.099849342496585,2023-05-05 15:52:00,5.576556486881693e-05,0.21447237006192,0.994836965559278,0.2340462149564102,0.5252720831349672,0.0111099989823725,0.0006076294937213,0.0001224610834544,2.708587314410301e-05,1588163901074645.0,88.722239165676,34.74182014812954,0.033702654953723,0.0006878092847698,0.0005617109158953,0.3120303851992632,0.017065605972162,0.003439386367438,0.00076072153058,4.46044499732313e+16,cruise,0,GTF2035,20,43245.0,1.263891304347826,3.0968000000000004,2.5659200000000006,0,0.7097955983901675,16.065348486294116,11.10999898237253,27.08587314410301,1588163901074645.0,11.9012307797825,721.402894826369,1326.12907680009,0.00557655648688,0.0172144288978893,0.187342250259281,16.0653595911072,10.8828617766258,10.882254921533056,0.0055765564868816,0.4460199302089261,12.840393223899667,315735778960714.25,3.1678450682467147,0.4234152155464753
111,113,,,32.07341522333594,-78.26026645080286,216.06666648,11343.353225806452,0.9172394508256024,34610D,217.66248,48.92303,-28.269869,209.59541064239383,63545.03119533447,0.333764264260075,0.470169067673077,28.21014406038462,32291.749749570823,8.103929773265273,2023-05-05 15:53:00,5.6554800543165735e-05,0.2143892540123711,0.9920918695157156,0.2350845338365385,0.528806529196272,0.0111302478666944,0.0006090374908927,0.0001228708590795,2.736120451298025e-05,1584027443786395.0,89.11584508675502,34.89594820269578,0.0338521728724615,0.0006908606708665,0.0005642028812076,0.3139858957472393,0.0171810353562594,0.0034662046354577,0.0007718635209768,4.468564238481701e+16,cruise,0,GTF2035,20,43245.0,1.263891304347826,3.0968000000000004,2.5659200000000006,0,0.7086751456251433,16.145874874785413,11.13024786669446,27.36120451298025,1584027443786395.0,11.9271749615366,722.352453949151,1328.47022319007,0.00565548005432,0.0172622187252363,0.188087920589493,16.1459228986784,10.8959296358886,10.895313453609376,0.0056554800543165,0.4483818081365326,12.883989577464586,317660598980422.06,3.21088447456183,0.4254961884842979
112,114,adbb36,NKS2975,31.96082738476936,-78.29806549494168,216.06666648,11345.81129032258,0.9187020501950752,34610D,217.7552,48.276016,-27.538832,209.4893628580588,63516.82105127408,0.3337664603916463,0.466684288919213,28.00105733515278,32068.847747603188,26.343902207112187,2023-05-05 15:54:00,5.715290003267892e-05,0.214306170173394,0.9902145551976612,0.2333421444596065,0.525865308985168,0.0110924558753607,0.0006101352954178,0.000122987338205,2.705738865662179e-05,1588591839476012.8,88.45534012174762,34.63730792358399,0.0336012688021833,0.0006857401796363,0.000560021146703,0.310600492953628,0.0170844333891944,0.0034437755085765,0.0007576354911135,4.4482251179323656e+16,cruise,0,GTF2035,20,43245.0,1.263891304347826,3.0968000000000004,2.5659200000000006,0,0.708165760928406,16.034423873801593,11.092455875360727,27.05738865662179,1588591839476012.8,11.8657590259899,721.678286098715,1326.77153445108,0.00571529000327,0.0172271627429734,0.186874619270899,16.03464071042,10.8476724843806,10.847052543870912,0.0057152900032678,0.4467049223826665,12.83879457603872,314701855866720.5,3.164324350303953,0.4221714390886439
113,115,adbb36,NKS2975,31.849190663483185,-78.3354342713648,216.06666648,11353.8,0.9201508596505096,34610D,217.76381,47.650204,-26.871431,208.9244992964246,63488.81999393893,0.3336326963792777,0.4563065861120043,27.37839516672026,31427.90493116068,0.0,2023-05-05 15:55:00,5.730733649266337e-05,0.214036370000147,0.9905333185773646,0.2281532930560021,0.5146169439386858,0.0109781182326195,0.0006109994416334,0.0001227547521472,2.617575003874307e-05,1594228010089502.8,86.4883503316693,33.86707482123296,0.0328540742000643,0.0006704913102053,0.0005475679033344,0.3005632591596345,0.0167281841596864,0.0033608281128807,0.000716650028346,4.36474044460845e+16,cruise,0,GTF2035,20,43245.0,1.263891304347826,3.0968000000000004,2.5659200000000006,0,0.7062422860732953,15.71395246558034,10.978118232619543,26.17575003874307,1594228010089503.0,11.6831687560126,718.91870528487,1320.46823191748,0.00573073364927,0.0171041417651074,0.183173386945174,15.7139492238119,10.7093000900431,10.708686403747969,0.0057307336492663,0.4398839247105993,12.68251901273346,305644481816090.0,3.00568478842704,0.4120251035419179
114,116,adbb36,NKS2975,31.735530853271484,-78.3732739616843,217.609999812,11353.8,0.9215942463262744,34610D,217.79976,47.075363,-26.136118,208.1420272930397,63461.44159877221,0.3332370393051015,0.4539397351645776,27.23638410987466,31345.2072080935,29.89494755066524,2023-05-05 15:56:00,5.765318443192228e-05,0.214036370000147,0.9918782258775664,0.2269698675822888,0.5118785731175128,0.0109489525477865,0.0006113323440403,0.0001227214136614,2.606169935721391e-05,1588844788842209.0,86.03973740309405,33.69140714391496,0.0326836609318495,0.000667013488405,0.0005447276821974,0.2982098771923049,0.0166504825410742,0.0033424875609907,0.0007098264542491,4.32743869598791e+16,cruise,0,GTF2035,20,43245.0,1.263891304347826,3.0968000000000004,2.5659200000000006,0,0.7035391784336691,15.67260360404675,10.94895254778654,26.061699357213914,1588844788842209.2,11.6354131140356,718.259272226536,1319.36951870696,0.00576531844319,0.0170875171579774,0.182333193987602,15.6726960802406,10.6705492847145,10.669934129034283,0.0057653184431922,0.438259352516472,12.644587760961308,303865849413881.3,2.9717630278856286,0.4098088397180377
115,117,,,31.62399729777431,-78.40953924503154,217.9815430215556,11362.86468401487,0.9230238771005772,34610D,217.76105,46.472965,-25.659582,206.86506343977496,63434.20521466234,0.332357844568467,0.4629387178661104,27.776323071966623,32079.068264764894,16.81342669322442,2023-05-05 15:57:00,5.736393554120729e-05,0.2137306426290887,0.9904499181383012,0.2314693589330552,0.5217966782521396,0.0110383861566385,0.0006118652863325,0.0001231895761189,2.700483499100097e-05,1589381382614769.2,87.74540458434257,34.35931164002272,0.0333315876863599,0.0006802364833951,0.0005555264614393,0.3066057800799167,0.0169953678696938,0.003421753465379,0.0007500950212151,4.414717076807683e+16,cruise,0,GTF2035,20,43245.0,1.263891304347826,3.0968000000000004,2.5659200000000006,0,0.6992851017511281,16.039534132382446,11.03838615663856,27.004834991000976,1589381382614769.2,11.7667356879337,720.73062560652,1326.4036535357,0.00573639355412,0.0172411078770148,0.185498151454021,16.0394434703773,10.7590621656813,10.75844501893471,0.0057363935541207,0.4443477669979419,12.77144118607259,312971821550992.6,3.1233539633654965,0.4186347940677852
116,118,,,31.51393404956967,-78.44377992764724,218.35308623111112,11367.963568773232,0.9244443313633716,34610D,217.73549,45.921658,-25.184074,206.4731507964652,63406.42889159037,0.332367924644412,0.4523035261296358,27.13821156777816,31402.55260006435,16.812670284332977,2023-05-05 15:58:00,5.707375288151737e-05,0.2135588629311056,0.9879161700274304,0.2261517630648179,0.5098089689444905,0.0109221678752853,0.0006121301704526,0.0001228054265054,2.609335119379728e-05,1590338763599106.2,85.72961034261118,33.569967709341576,0.0325658538813337,0.0006646092628843,0.0005427642313555,0.2964081025782826,0.0166121180727641,0.003332719646177,0.0007081268852096,4.315894983099127e+16,cruise,0,GTF2035,20,43245.0,1.263891304347826,3.0968000000000004,2.5659200000000006,0,0.698001255062795,15.701276300032175,10.922167875285306,26.09335119379728,1590338763599106.2,11.58351051275,717.711288793372,1319.44292043708,0.00570737528815,0.0171045000915507,0.181705361321203,15.7004128290817,10.6232488730239,10.62264259894526,0.0057073752881517,0.4369145836097846,12.609085993159216,303342057534529.0,2.952933585045888,0.4082462552796094
117,119,,,31.403870801365027,-78.47802061026293,218.72462944066663,11373.062453531598,0.9258525746066668,34610D,217.74142,45.366898,-24.826086,205.44966718992524,63379.29068002259,0.3316194273393685,0.4599587366335365,27.59752419801219,32020.849802596586,16.813305337914937,2023-05-05 15:59:00,5.624224463002879e-05,0.2133872212959862,0.9719916641697948,0.2299793683167682,0.5184071249769632,0.0109991708113028,0.0006126875872837,0.0001232321938798,2.688012260997496e-05,1591255006530321.5,87.18057894152051,34.138137432941086,0.0331170290376146,0.0006758577354615,0.0005519504839602,0.3035498826230002,0.0169086605158858,0.0034009034525736,0.0007418248341743,4.391469854792859e+16,cruise,0,GTF2035,20,43245.0,1.263891304347826,3.0968000000000004,2.5659200000000006,0,0.6945318174884877,16.01042490129829,10.999170811302864,26.88012260997496,1591255006530321.5,11.6976913375963,719.902294526635,1325.44861962555,0.005624224463,0.0172334456408549,0.184407067977101,16.0107678209505,10.7005338235977,10.69993203540264,0.0056242244630028,0.4423070845938042,12.720916649243753,310985806671419.2,3.082972676028222,0.4157860520435734
118,120,,,31.293807553160388,-78.51226129287862,219.09617265022223,11378.161338289963,0.9272485422036564,34610D,217.75195,44.829693,-24.517181,205.01024854182907,63351.693155824585,0.331054411107407,0.4682628052209533,28.0957683132572,32613.16348333665,16.815819631717357,2023-05-05 16:00:00,5.528441343307176e-05,0.2132157176127669,0.9533686770650476,0.2341314026104766,0.5280677841715089,0.0110849586344539,0.000613288117856,0.0001237019440768,2.77953525858748e-05,1577504994246310.2,88.75453210157949,34.75446540349916,0.0337149219759086,0.0006880596321614,0.0005619153662651,0.311440429555657,0.0172308008685576,0.0034755011606818,0.000780931786438,4.432121483135046e+16,cruise,0,GTF2035,20,43245.0,1.263891304347826,3.0968000000000004,2.5659200000000006,0,0.6930295412119937,16.306581741668325,11.084958634453912,27.79535258587479,1577504994246310.2,11.8218251163879,722.311767639635,1331.71766558483,0.00552844134331,0.0173650333543456,0.187290434135187,16.3065325163562,10.7854923347048,10.784896098050082,0.0055284413433071,0.4482806073854725,12.848537146478805,318625038511766.75,3.219620335318973,0.4237446534867823
119,121,,,31.183744304955745,-78.54650197549432,219.4677158597778,11383.260223048328,0.9286321698630308,34610D,217.80655,44.336452,-24.136765,205.136021900904,63323.59738751133,0.3310840396597495,0.468680275312224,28.120816518733445,32625.14502124328,16.82091773352966,2023-05-05 16:01:00,5.368356139053686e-05,0.2130443517705728,0.9184952256860652,0.234340137656112,0.5295174170418186,0.0110897301973452,0.0006142991770671,0.000123957859459,2.787828290103528e-05,1576259085696328.0,88.83365938267895,34.78545003367327,0.0337449798224801,0.0006886730576016,0.0005624163303746,0.3118522681218031,0.0172745944459137,0.0034857962219031,0.0007839600783173,4.432569253485298e+16,cruise,0,GTF2035,20,43245.0,1.263891304347826,3.0968000000000004,2.5659200000000006,0,0.6933678040997439,16.31257251062164,11.08973019734524,27.87828290103528,1576259085696328.0,11.8246946178478,722.701361152339,1332.52760141572,0.00536835613905,0.0173799234827186,0.187433723120287,16.3125634816304,10.7844964511299,10.78391753203104,0.0053683561390536,0.449249659544856,12.864395867747762,318915645304361.44,3.232235943755642,0.4241594431350902
120,122,,,31.073681056751106,-78.58074265811001,219.8392590693333,11388.359107806691,0.9300033936311212,34610D,217.88402,43.86124,-23.741173,205.2851825901437,63295.47657099259,0.3310943467915357,0.469742239165335,28.184534349920103,32676.32704088296,16.827098607624666,2023-05-05 16:02:00,5.16908909576548e-05,0.2128731236586184,0.8748669373822293,0.2348711195826675,0.5319186042521438,0.0111014954006403,0.0006155251647243,0.0001242912584464,2.803001647896167e-05,1573979507212970.8,89.0349440113976,34.86426899085117,0.0338214412199041,0.0006902334942837,0.0005636906869984,0.312890478454829,0.0173482901484128,0.0035030912430791,0.0007900129622801,4.436187948711429e+16,cruise,0,GTF2035,20,43245.0,1.263891304347826,3.0968000000000004,2.5659200000000006,0,0.6937486026210271,16.33816352044148,11.101495400640388,28.030016478961667,1573979507212970.8,11.8373199018085,723.333353398436,1333.88447527145,0.00516908909577,0.0174054460491367,0.187803633207294,16.3381615535828,10.7899350971594,10.78937738462951,0.0051690890957654,0.4508242878065847,12.892621108089832,319739825935545.5,3.256234265827771,0.425179659147985
121,123,,,30.963617808546463,-78.6149833407257,220.21080227888888,11393.457992565056,0.931362149894044,34610D,217.96664,43.407482,-23.290113,205.4947187962096,63267.29203664267,0.3310866822593749,0.4719539983943566,28.317239903661395,32795.94691851483,16.83385209031438,2023-05-05 16:03:00,4.959639878435949e-05,0.2127020331662069,0.8298203517097359,0.2359769991971783,0.5357099280594819,0.0111256571473605,0.0006168014700459,0.000124684396679,2.8295229713437e-05,1569995060322086.8,89.45416085566634,35.02842576082915,0.0339806878843936,0.0006934834262121,0.0005663447980732,0.315047902527694,0.0174661152002227,0.0035307179730027,0.0008012428079246,4.445792677070387e+16,cruise,0,GTF2035,20,43245.0,1.263891304347826,3.0968000000000004,2.5659200000000006,0,0.6943251030316994,16.397973459257415,11.125657147360556,28.295229713437,1569995060322086.8,11.8682599811424,724.29941128305,1336.01583006488,0.00495963987844,0.0174462952920201,0.188569073856415,16.3980143313972,10.8085453501791,10.808009311839204,0.0049596398784359,0.4532546026575326,12.93930164471836,321517744600969.1,3.2983255328520693,0.4272860177087604
122,124,,,30.853554560341824,-78.6492240233414,220.58234548844445,11398.55687732342,0.9327083753798144,34610D,218.05891,42.981876,-22.712698,205.8302882094111,63238.97479673901,0.3312250079506907,0.4725420606965396,28.352523641792377,32796.97328233364,16.840885986277275,2023-05-05 16:04:00,4.7418745369369e-05,0.2125310801827308,0.7833417707637902,0.2362710303482698,0.5378202787707281,0.0111333123112042,0.0006181702264055,0.000125036278435,2.838883000156027e-05,1568588850795113.2,89.56562218442211,35.07207174489717,0.0340230283701508,0.0006943475177581,0.0005670504728358,0.3156575005148762,0.0175266859588146,0.003545094040412,0.000804894973782,4.447345247642038e+16,cruise,0,GTF2035,20,43245.0,1.263891304347826,3.0968000000000004,2.5659200000000006,0,0.6953117333885745,16.39848664116682,11.133312311204234,28.38883000156027,1568588850795113.2,11.8749534092461,724.861769315087,1337.05199251302,0.00474187453694,0.0174636499595379,0.188782553925285,16.3984731258499,10.8100285085123,10.80951593482862,0.0047418745369369,0.4546693285229042,12.963105980927224,321841781096931.6,3.315462663308788,0.4278617370253571
123,125,,,30.74349131213718,-78.68346470595709,220.953888698,11403.655762081784,0.934042007160484,34610D,218.14886,42.561035,-22.12258,206.18092304155425,63210.622273097215,0.3312516538151364,0.4756676305148711,28.54005783089227,32960.412040808886,16.84752518289971,2023-05-05 16:05:00,4.529970734867704e-05,0.2123602645976712,0.739091839882335,0.2378338152574355,0.5428201149212809,0.0111676539470962,0.0006195199524134,0.0001254868246048,2.873853014051444e-05,1563335109841521.0,90.15804268778868,35.30405153681374,0.0342480693970707,0.0006989401917769,0.0005708011566178,0.3187254894855205,0.0176811352692706,0.0035814012312365,0.0008201993121851,4.461767444394133e+16,cruise,0,GTF2035,20,43245.0,1.263891304347826,3.0968000000000004,2.5659200000000006,0,0.6963526316027474,16.48020602040444,11.167653947096293,28.738530140514435,1563335109841521.0,11.9210092437577,726.10748965568,1339.76266279793,0.00452997073487,0.0175152108925978,0.189859951750919,16.4802983509088,10.8397182834468,10.8392272696236,0.0045299707348677,0.4578164928870153,13.024871179340156,324366218040044.9,3.372012466267032,0.4308189052864357
124,126,,,30.63342806393254,-78.71770538857278,221.32543190755555,11408.754646840149,0.9353629826542188,34610D,218.23087,42.086773,-21.314543,206.7006901667831,63182.08221526632,0.3314919882211746,0.4765140190806858,28.59084114484115,32959.927674477585,16.85386982775727,2023-05-05 16:06:00,4.415005545098243e-05,0.2121895863005983,0.7121746900892255,0.2382570095403429,0.5452481420866792,0.0111786430126308,0.0006207978244238,0.000125831558424,2.884282003342869e-05,1561768304397611.2,90.31846717655318,35.3668704961685,0.0343090093738093,0.0007001838647716,0.0005718168228968,0.3196068065890179,0.0177491319811657,0.0035976300979094,0.000824640485745,4.465226949608002e+16,cruise,0,GTF2035,20,43245.0,1.263891304347826,3.0968000000000004,2.5659200000000006,0,0.697976867004151,16.47996383723879,11.17864301263088,28.84282003342869,1561768304397611.2,11.933817021849,726.731163289056,1340.83855645386,0.0044150055451,0.0175322039492121,0.190163949672828,16.479951309413,10.8465513077364,10.846072453036172,0.0044150055450982,0.4594093446346325,13.051572844412483,324923889019555.2,3.393075924592115,0.4316309180881815
125,127,,,30.523364815727906,-78.75194607118848,221.6969751171111,11413.853531598514,0.9366712396274132,34610D,218.31322,41.60895,-20.490295,207.2357288220783,63153.49137412149,0.3317182397472817,0.4778221342925235,28.66932805755141,32987.5788504105,16.86025570986822,2023-05-05 16:07:00,4.307429406874591e-05,0.2120190451811708,0.6869245943858987,0.2389110671462617,0.548226437016992,0.0111945185652664,0.0006220812217865,0.0001261968310056,2.899317009252169e-05,1559509511292197.5,90.5664073338049,35.4639588071911,0.0344031936690616,0.0007021059932461,0.000573386561151,0.3209393251939734,0.0178346506258411,0.003617978347925,0.0008312147048108,4.471008978810769e+16,cruise,0,GTF2035,20,43245.0,1.263891304347826,3.0968000000000004,2.5659200000000006,0,0.699651617882267,16.49378942520525,11.194518565266442,28.99317009252169,1559509511292197.5,11.9539051362828,727.482651286316,1342.21091798191,0.00430742940687,0.0175550811564193,0.190624252917751,16.4937844986322,10.8586369507068,10.85816924273179,0.0043074294068745,0.4613286320723095,13.085307115101024,325876080563620.0,3.421275175422504,0.4328722829765269
126,128,,,30.41330156752326,-78.78618675380417,222.06851832666663,11418.95241635688,0.9379667161967566,34610D,218.39624,40.942753,-19.524595,207.81204147732905,63124.82204606393,0.3319745003419136,0.4790196943993696,28.741181663962177,33004.02023153548,16.866759412660187,2023-05-05 16:08:00,4.296642701126393e-05,0.2118486411291363,0.6773632424205511,0.2395098471996848,0.5511176365047066,0.0112092179551556,0.0006233733089762,0.0001265607580618,2.912962902946417e-05,1557459412291258.0,90.79339287645652,35.55284171832122,0.0344894179967546,0.0007038656734031,0.0005748236332792,0.322166169560075,0.0179164855177511,0.003637505738983,0.0008372199597396,4.476322390291082e+16,cruise,0,GTF2035,20,43245.0,1.263891304347826,3.0968000000000004,2.5659200000000006,0,0.7014639006972644,16.50201011576774,11.209217955155644,29.12962902946417,1557459412291258.0,11.9726931128575,728.210139542641,1343.4949305028,0.00429664270113,0.0175758542441238,0.191048273172037,16.5020023555909,10.869928170684,10.8694611487749,0.0042966427011263,0.4631866245838504,13.1176304497146,326707817175958.7,3.4475272245994764,0.4340110240523156
127,129,,,30.30323831931862,-78.82042743641986,222.44006153622223,11424.051301115242,0.9392493508313138,34610D,218.48167,40.21014,-18.496237,208.4183490044537,63096.08086439997,0.3323240454581361,0.4786779447365484,28.720676684192902,32919.15588751146,16.87337622334906,2023-05-05 16:09:00,4.331171320105984e-05,0.2116783740343311,0.6747880863208755,0.2393389723682742,0.5522832834447841,0.0112078853599305,0.0006246904405223,0.0001268691753778,2.9108236229486093e-05,1557780808301259.2,90.7286176453654,35.527477058346626,0.0344648120210314,0.0007033635106332,0.0005744135336838,0.321898051736063,0.017941532169947,0.0036437685672165,0.0008360082415941,4.474051894006115e+16,cruise,0,GTF2035,20,43245.0,1.263891304347826,3.0968000000000004,2.5659200000000006,0,0.7033729550652773,16.45957794375573,11.207885359930502,29.108236229486096,1557780808301259.2,11.9682826415501,728.535355183397,1343.75506756944,0.00433117132011,0.0175752795976338,0.190951857001237,16.4595763559947,10.8647976801999,10.864327127579228,0.0043311713201059,0.4640172197445382,13.127804815034242,326149275255684.2,3.4493899557132464,0.4340110240523156
128,130,,,30.193175071113977,-78.85466811903557,222.81160474577777,11429.150185873606,0.94051908235458,34610D,218.56764,39.297962,-17.458487,208.95738225715127,63067.36018771578,0.2685885347479421,0.8643259174717786,51.85955504830672,50950.29384556136,16.880079043143795,2023-05-05 16:10:00,4.437582665237806e-05,0.2115082437866796,0.6832076347854641,0.4321629587358893,1.0,0.0164544195710819,0.0006260151194296,0.0001357689746935,3.628235539e-05,1450000000000000.0,163.82433439760092,64.15026959475541,0.062231466057968,0.0012700299195503,0.0010371911009661,0.8533188775344578,0.0324648655471348,0.007040918616973,0.0018815868066299,7.519635482004474e+16,cruise,0,GTF2035,20,43245.0,1.263891304347826,3.0968000000000004,2.5659200000000006,0,0.7050533983013242,25.47514692278068,16.45441957108191,36.28235538999999,1450000000000000.0,16.6090568674176,843.574768886969,1619.63476272707,0.00443758266524,0.0234207539226253,0.318106203036306,25.4759636317461,13.5822358275582,13.581633131360707,0.0044375826652378,0.8327296388141098,20.87022316935948,624102868961168.2,9.750336983693751,0.686977192182202
129,131,,,30.083111822909338,-78.88890880165125,223.1831479553333,11434.249070631971,0.941775849946532,34610D,218.65529,38.216698,-16.417269,226.65772246310848,63015.50063266747,0.339070731419161,0.5528517115081699,33.171102690490194,35670.39340483506,16.886951524743534,2023-05-05 16:11:00,4.604434160374143e-05,0.211338250276195,0.7003843546716958,0.2764258557540849,0.652448672355671,0.0120471093706569,0.000627358192624,0.0001307018610534,3.5204810725993294e-05,1466188556709034.5,104.78751339925851,41.03265402813637,0.0398053232285882,0.0008123535352773,0.0006634220538098,0.3996159020576297,0.0208101630312518,0.0043355248548437,0.0011677823917911,4.863509117821699e+16,cruise,0,GTF2035,20,43245.0,1.263891304347826,3.0968000000000004,2.5659200000000006,0,0.7646236932189507,17.835196702417527,12.04710937065699,35.20481072599329,1466188556709034.5,13.308669714602,751.282216306081,1385.3141818746,0.00460443416037,0.0182741856279544,0.217028952904569,17.8345486683311,11.8762585279081,11.87571171858094,0.0046044341603741,0.5250149629750119,14.41450669286772,384226211071522.3,4.630939707499879,0.504718085729303
130,132,,,29.97304857470469,-78.92314948426694,223.55469116488888,11439.347955390334,0.9430195931456624,34610D,218.74564,37.074726,-15.39767,229.2436618508601,62982.32952997698,0.3404741234503554,0.5558443499453422,33.35066099672053,35605.69169407829,16.893789838354092,2023-05-05 16:12:00,4.792870227592234e-05,0.2111683933929789,0.7200509189625838,0.2779221749726711,0.6592738234776803,0.0120895553550074,0.0006287295191242,0.000131196284783,3.5360484439006054e-05,1463849783370542.8,105.35473808864016,41.25476765294329,0.0400207931960646,0.0008167508815523,0.0006670132199344,0.4031946622459391,0.0209685450509449,0.0043754828178287,0.0011792955292051,4.882035787531375e+16,cruise,0,GTF2035,20,43245.0,1.263891304347826,3.0968000000000004,2.5659200000000006,0,0.773187532908084,17.802845847039144,12.089555355007402,35.36048443900606,1463849783370542.8,13.3799693181084,752.624894830101,1386.61036285563,0.00479287022759,0.01827895858306,0.218131255311031,17.8028057028958,11.9334618720119,11.93288994408248,0.0047928702275922,0.5288809821461492,14.493261831480394,385189791454582.06,4.672811130453904,0.5076103521747986
131,133,,,29.862985326500056,-78.95739016688265,223.92623437444445,11444.4468401487,0.9442502518510156,34610D,218.83243,35.79789,-14.5026865,231.57753223366169,62948.97886898026,0.3436250796832494,0.5255839682722039,31.53503809633224,33636.43804819487,16.900538608223005,2023-05-05 16:13:00,5.015593473126677e-05,0.210998673027221,0.7445596100393987,0.2627919841361019,0.626325654070794,0.0118029854571933,0.0006300696160639,0.0001304486366103,3.226752817695935e-05,1510316996767087.0,99.61918534631351,39.00884212516298,0.0378420457155986,0.0007722866472571,0.0006307007619266,0.3722075960430476,0.0198692693459194,0.0041137027251224,0.0010175577303348,4.762790403058818e+16,cruise,0,GTF2035,20,43245.0,1.263891304347826,3.0968000000000004,2.5659200000000006,0,0.780904267291427,16.818219024097434,11.802985457193351,32.26752817695935,1510316996767087.0,12.9276273821414,744.900115486412,1366.85229550465,0.00501559347313,0.0178618088552201,0.207608696095392,16.8187195555854,11.62304992614,11.622466990444211,0.0050155934731266,0.5069349524712566,14.028067565052291,357918420914044.6,4.174821534466915,0.4782429547112075
132,134,adbb36,,29.752922078295413,-78.99163084949834,224.297777584,11449.545724907064,0.9454677663241812,34610D,218.92043,34.5239,-13.609781,231.8142924797941,62917.44383088392,0.3429814810982632,0.5404855982971225,32.42913589782735,34490.067716712576,10.990528668704735,2023-05-05 16:14:00,5.234977843541614e-05,0.2108290890691997,0.767782492375984,0.2702427991485612,0.6457166429159772,0.0119513707889636,0.000631423790649,0.0001313402874875,3.378820408879681e-05,1487471031252018.0,102.4436403012366,40.11484110561244,0.0389149630773928,0.0007941829199467,0.0006485827179565,0.3875726274806271,0.0204765279160779,0.0042592520317927,0.0010957222621391,4.823740021655309e+16,cruise,0,GTF2035,20,43245.0,1.263891304347826,3.0968000000000004,2.5659200000000006,0,0.7815454924807386,17.245033858356287,11.951370788963676,33.78820408879681,1487471031252018.0,13.1531973356081,749.167858696832,1376.85772524632,0.00523497784354,0.0180631065378834,0.212742034117799,17.2440463820838,11.7777102001596,11.777093671915262,0.0052349778435416,0.5189482982333503,14.277064390924656,370269816571746.3,4.415935705623406,0.4928351617297604
133,135,adbb36,NKS2975,29.576496780063,-79.03424564452811,224.297777584,11452.86,0.9468919269457008,34610D,219.0388,32.765583,-12.567694,232.93233904763892,62885.0146949861,0.3420129752634361,0.5649316094890053,33.89589656934032,35775.6990350071,0.0,2023-05-05 16:15:00,5.563330077174306e-05,0.2107189325931987,0.8032300922054089,0.2824658047445026,0.6774181783992941,0.0121948854061188,0.000632888474643,0.0001326138603056,3.615849784386345e-05,1451860781252461.2,107.07713726254607,41.92922405627398,0.0406750758832083,0.0008301035894532,0.0006779179313868,0.4133565744007632,0.0214523222764275,0.0044950656925816,0.0012256247030183,4.921212287441506e+16,cruise,0,GTF2035,20,43245.0,1.263891304347826,3.0968000000000004,2.5659200000000006,0,0.7851027048299105,17.88784951750355,12.194885406118877,36.15849784386345,1451860781252461.2,13.5444701796567,756.486387092679,1393.0051403239,0.00556333007717,0.0183776755595995,0.221439154338228,17.8871677482566,12.0493559492925,12.048685641140324,0.0055633300771743,0.5400675645685497,14.708545209017029,390788964381572.5,4.826341003356018,0.5163656928958105
134,136,adbb36,NKS2975,29.455856323242188,-79.05645517202521,224.812222028,11452.86,0.9481642726715566,34610D,219.10936,31.798553,-11.955067,235.2960035701375,62851.11879841676,0.3435273379983909,0.5645071028741202,33.87042617244721,35546.399871877846,-15.35304727510722,2023-05-05 16:16:00,5.727038751473921e-05,0.2107189325931987,0.8194256006328248,0.2822535514370601,0.6794169670162483,0.0122040656857348,0.0006335614294798,0.0001328147265168,3.59482710339448e-05,1455019136305209.5,106.99667627876072,41.8977171753172,0.0406445114069366,0.0008294798246313,0.0006774085234489,0.4133569058123795,0.0214589956229057,0.0044984913891016,0.0012175832600823,4.92821182357235e+16,cruise,0,GTF2035,20,43245.0,1.263891304347826,3.0968000000000004,2.5659200000000006,0,0.7929417531489149,17.773199935938923,12.20406568573488,35.9482710339448,1455019136305209.5,13.5669114236406,756.680323652963,1391.76562919459,0.00572703875147,0.0183329337354445,0.221370941791143,17.7735107679283,12.0750418337655,12.074350331043052,0.0057270387514739,0.5406358463625854,14.718951629262488,389376150614428.5,4.81310295517302,0.5160743638891013
135,137,adbb36,NKS2975,29.335562569754465,-79.07850139743678,226.35555536,11448.233571428573,0.9494208116282608,34610D,219.17137,31.163925,-11.478636,237.2783013913061,62817.24837224432,0.3216524466284118,0.3166379379347757,18.998276276086543,18512.76299429561,15.355470779408428,2023-05-05 16:17:00,5.821833043306935e-05,0.2108727169914877,0.827005723895267,0.1583189689673878,0.3820220976234749,0.0094374041874928,0.0006336817281091,0.0001216384690337,1.5602036460216516e-05,1095146033238987.2,60.015554756157385,23.500867753519056,0.0227979315313038,0.0004652639088021,0.0003799655255217,0.1792944120830851,0.012038860541725,0.0023109212405039,0.0002964117991407,2.0805886902134536e+16,cruise,0,GTF2035,20,43245.0,1.263891304347826,3.0968000000000004,2.5659200000000006,0,0.7995089075042727,9.256381497147808,9.437404187492849,15.602036460216516,1095146033238987.2,8.94322616386356,686.487195794834,1225.22160251269,0.00582183304331,0.0150321068945538,0.128456564510276,9.25614974141857,8.54547971294805,8.54498223834855,0.0058218330433069,0.3639850586003093,10.700071997129555,172912827762456.84,1.1276217002232336,0.2587070333933498
136,138,adbb36,NKS2975,29.2152534096928,-79.10059311810664,226.35555536,11452.86,0.9506620836746708,34610D,219.17853,30.636614,-11.046953,222.20688057028045,62798.25009596822,0.3392182537239221,0.5008687286367174,30.05212371820304,32978.058746635994,22.479906807746666,2023-05-05 16:18:00,5.861097098653788e-05,0.2107189325931987,0.8312138935704941,0.2504343643183587,0.5953732395765446,0.011499310537521,0.0006342216562668,0.0001302939865734,3.0698995474674145e-05,1533881941635823.8,94.9346588258034,37.17447703941716,0.0360625484618436,0.0007359703767723,0.000601042474364,0.3455787029476189,0.0190597076788936,0.0039156110042438,0.0009225700100294,4.609640987915727e+16,cruise,0,GTF2035,20,43245.0,1.263891304347826,3.0968000000000004,2.5659200000000006,0,0.7487136116182215,16.489029373317997,11.499310537521064,30.698995474674145,1533881941635823.8,12.4238930499095,738.589843671139,1357.69831904912,0.00586109709865,0.0177434843038263,0.198959847765788,16.4884289278151,11.2131216371568,11.212464463727429,0.0058610970986537,0.4896905307197492,13.60269020084437,342689179715463.6,3.857915588926476,0.4549086015397555
137,139,adbb36,NKS2975,29.093437410343835,-79.12280604850112,227.384444248,11459.633333333337,0.951893212169108,34610D,219.14594,30.406199,-10.707931,222.53383153158933,62768.197972250025,0.3203804662470656,0.3145359975997756,18.87215985598654,19530.789435105504,-858.7239004237421,2023-05-05 16:19:00,5.804538972256186e-05,0.210493986463182,0.8257512911020176,0.1572679987998878,0.3742009846642607,0.0093439262769929,0.0006346015781463,0.000121430115805,1.6172715582374955e-05,1122082233308995.0,59.61715298506147,23.34486174185535,0.0226465918271838,0.0004621753434119,0.0003774431971197,0.1763400703819642,0.0119763024276394,0.0022916485568046,0.0003052140737759,2.1176115278569736e+16,descent,0,GTF2035,20,43245.0,1.263891304347826,3.0968000000000004,2.5659200000000006,0,0.7498709259128133,9.765394717552752,9.343926276992956,16.172715582374956,1122082233308995.0,8.8251192372413,682.989698630241,1228.40943407772,0.00580453897226,0.0152215090502835,0.128195855294453,9.76469811414396,8.42202010792518,8.421531276860154,0.0058045389722561,0.3561453064280451,10.56916922655552,176466125898817.56,1.0684957435767142,0.256391710588906
138,140,adbb36,NKS2975,28.9729781069998,-79.14459746347833,225.841110916,11201.4,0.9531054679662336,34610D,220.03644,31.779903,-11.502504,221.84848097089417,62749.32581239403,0.3127062570270528,0.3015910187163438,18.09546112298063,18334.87587788145,-910.51819533882,2023-05-05 16:20:00,6.50583555831818e-05,0.2192423908360054,0.8605132701733906,0.1507955093581719,0.3494328652632739,0.0091898962108002,0.0006169848098558,0.0001168286300686,1.43787662819375e-05,1037407368931149.2,57.16356168749581,22.38408540912704,0.0217145533475767,0.0004431541499505,0.0003619092224596,0.1662954096067622,0.0111646246402152,0.0021140679334584,0.0002601904062512,1.877236471318723e+16,descent,0,GTF2035,20,43245.0,1.263891304347826,3.0968000000000004,2.5659200000000006,0,0.7460472875125651,9.167437938940726,9.189896210800212,14.378766281937503,1037407368931149.2,8.57767525295178,675.28293366661,1211.88203024429,0.00650583555832,0.0149229320128421,0.123080798554271,9.16748260140444,8.24776246707767,8.247225916121444,0.0065058355583181,0.339407095120439,10.298942694145095,163272603191905.03,0.8073536904255192,0.246161597108542
139,141,adbb36,NKS2975,28.85400471906685,-79.16627258813682,222.754444252,10928.712857142857,0.9542973518410472,34610D,221.42403,32.707153,-12.5077305,220.77607940082288,62731.23035127106,0.3339752164938937,0.4202928234025352,25.217569404152112,27421.65457520324,-285.8842496080074,2023-05-05 16:21:00,7.505236215537458e-05,0.2288727069377425,0.86983305179868,0.2101464117012676,0.4769096140292014,0.0106790141061899,0.0006028941511358,0.0001197242629089,2.1752730364033807e-05,1385460353720828.0,79.66230174771651,31.194133352936166,0.0302610832849825,0.0006175731282649,0.000504351388083,0.2692987793907654,0.015203525099625,0.0030191549092668,0.0005485509876848,3.493794262665612e+16,descent,0,GTF2035,20,43245.0,1.263891304347826,3.0968000000000004,2.5659200000000006,0,0.7401110198469958,13.710827287601616,10.679014106189983,21.7527303640338,1385460353720828.0,11.2646029585071,711.805221328273,1286.96467141201,0.00750523621554,0.0162532508199653,0.17023181619094,13.7108308162983,10.4737088030309,10.472922785437182,0.0075052362155374,0.4227075949887182,12.308621625990437,261681313547395.0,2.415928013269633,0.34046363238188
140,142,adbb36,NKS2975,28.733642578125,-79.18834392841046,227.898888692,10843.26,0.955477490767724,34610D,221.92967,32.838516,-12.498936,220.0088292120556,62706.0127818669,0.3374320391916999,0.4749524031900593,28.49714419140356,31417.79880455304,0.0,2023-05-05 16:22:00,8.089542709626598e-05,0.2319670009896823,0.8919670914855319,0.2374762015950296,0.5358320348955571,0.011282454904478,0.0005991855794915,0.0001211276258036,2.5014218627564e-05,1539403431330107.2,90.02247850064384,35.250967364766204,0.0341965730296842,0.0006978892455037,0.000569942883828,0.3215177442459186,0.0170750778561812,0.0034517914180895,0.0007128337950649,4.386860155135547e+16,descent,0,GTF2035,20,43245.0,1.263891304347826,3.0968000000000004,2.5659200000000006,0,0.7366982300254934,15.708899402276518,11.282454904478028,25.014218627564,1539403431330107.2,12.3426674354857,725.789209466014,1319.834270532,0.00808954270963,0.0169002467060273,0.191235445929459,15.7088846479491,11.3155416755696,11.314626374036637,0.0080895427096265,0.4570036107492903,13.141086123983731,311233593342986.75,3.227973085645167,0.382470891858918
141,143,adbb36,NKS2975,28.612564086914062,-79.21015812800482,226.869999804,10843.26,0.9566454746094678,34610D,221.86298,32.746746,-12.331487,219.2283537351824,62677.5156376755,0.3377432556439459,0.4981518344394168,29.889110066365006,33100.24092742156,0.0,2023-05-05 16:23:00,8.275783861724343e-05,0.2319670009896823,0.920135561430736,0.2490759172197084,0.5609503186344302,0.0115208269872145,0.0005985914188725,0.0001218586654117,2.6621425413839675e-05,1595141559329471.2,94.41969869964704,36.97282915209352,0.035866932079638,0.0007319782057068,0.0005977822013273,0.3443472658764032,0.0178913648034618,0.0036422470630327,0.0007956907143177,4.767736163823167e+16,descent,0,GTF2035,20,43245.0,1.263891304347826,3.0968000000000004,2.5659200000000006,0,0.7341951756976174,16.55012046371078,11.52082698721452,26.62142541383968,1595141559329471.2,12.7361153486053,731.658896375882,1335.25775129527,0.00827578386172,0.0172249616884673,0.199823066856837,16.5501531992903,11.6007844006194,11.59982442422171,0.0082757838617243,0.4719053579345058,13.430902843278794,337764503215593.94,3.646603668400166,0.399646133713674
142,144,adbb36,NKS2975,28.493682861328125,-79.23160259540265,222.754444252,10843.26,0.9577912534264784,34610D,221.80103,32.62939,-12.15928,220.1152056820677,62647.626527609136,0.3369996838089794,0.5598249375886739,33.589496255320434,36966.7394916599,25.472498836822552,2023-05-05 16:24:00,8.460379199501345e-05,0.2319670009896823,0.9479689793019388,0.2799124687943369,0.6302992086363366,0.0121412282401593,0.0005980400364653,0.0001239371471273,3.236886960497279e-05,1508794487761966.0,106.10921867055724,41.55020686783138,0.0403073955063845,0.0008225999082935,0.0006717899251064,0.4078177405078248,0.0200878635653839,0.0041629863393278,0.0010872540243851,5.067964679672867e+16,descent,0,GTF2035,20,43245.0,1.263891304347826,3.0968000000000004,2.5659200000000006,0,0.7372681702995635,18.48336974582995,12.141228240159398,32.36886960497279,1508794487761966.0,13.7163214457388,746.867129121854,1372.60308676397,0.0084603791995,0.0179912043626778,0.221325985208732,18.4829895764775,12.3018993474315,12.300858648145072,0.0084603791995013,0.5124403962739987,14.352628340278436,391573569316441.94,4.61520337893213,0.442651970417464
143,145,adbb36,NKS2975,28.375032069319385,-79.25316305721509,224.297777584,10850.88,0.9589202357116398,34610D,221.714,32.346416,-12.050262,224.31715067072685,62614.037031353815,0.3231528979267694,0.3596650567336427,21.57990340401857,22347.208407681217,-1096.5131404109452,2023-05-05 16:25:00,8.498806582965884e-05,0.2316897086895457,0.961541666215161,0.1798325283668213,0.4065404288338367,0.0099833427630034,0.0005979953109723,0.0001158859854156,1.7229522790359096e-05,1171963802976413.5,68.17091485329465,26.694340510770967,0.0258958840848222,0.0005284874303024,0.0004315980680803,0.2154395724748218,0.01290468104684,0.0025008083711486,0.0003718114375132,2.529086566123725e+16,descent,0,GTF2035,20,43245.0,1.263891304347826,3.0968000000000004,2.5659200000000006,0,0.7514898466986225,11.17360420384061,9.983342763003431,17.2295227903591,1171963802976413.5,9.98839450838259,693.092183975791,1243.06373112445,0.00849880658297,0.0154015338365555,0.145816484269407,11.1736648579703,9.46765989782858,9.466855328104756,0.0084988065829658,0.3788708697288243,11.268901287801604,207838682663092.1,1.522922646467562,0.291632968538814
144,146,adbb36,NKS2975,28.257580773305083,-79.28412942325366,219.153333144,10523.22,0.9600007883528312,34610D,224.40706,31.785975,-10.500005,229.19997339302407,62592.4571279498,0.2925638311570648,0.2743108284816148,16.458649708896893,15101.791903902486,-1587.3434968284002,2023-05-05 16:26:00,0.0001144211112332,0.2438583539984122,0.9767663067707768,0.1371554142408074,0.3095184745699433,0.0088892801271157,0.0036812230172417,0.0001097843841727,1.0088727650816087e-05,834916451725548.5,51.99287443040528,20.359349689905457,0.0197503796506762,0.0004030689724627,0.0003291729941779,0.1463055477764566,0.0605879601411101,0.0018069027226059,0.0001660468344132,1.3741597415145926e+16,descent,0,GTF2035,20,43245.0,1.263891304347826,3.0968000000000004,2.5659200000000006,0,0.763226622617731,7.550895951951243,8.889280127115752,10.088727650816088,834916451725548.5,8.18434364003029,667.088279218231,1179.23170124121,0.0114421111233,0.014154344667611,0.113063594908818,7.55021053127585,7.98790742799549,7.986993547318393,0.01144211112332,0.3223054425749024,9.932338198334255,136981404280840.5,0.4952538202056776,0.226127189817636
145,147,adbb36,NKS2975,28.143722534179688,-79.32107778695911,224.812222028,10050.78,0.9610364516571168,34610D,228.82457,30.827278,-8.285974,232.64661972944864,62575.9984782409,0.305405549061938,0.3403944562868221,20.423667377209323,19272.680134907016,-1363.4855716367274,2023-05-05 16:27:00,0.0001862221918148,0.2623101390680885,1.0074040378586426,0.170197228143411,0.3849876697309668,0.0098345491267058,0.0005847264527273,0.0001123741275911,1.3289864564996166e-05,986010930257922.6,64.51836524460425,25.26407654560793,0.0245084008526511,0.0005001714459724,0.0004084733475441,0.2008575601686647,0.011942258577158,0.0022950918037254,0.0002714277733636,2.013795926988055e+16,descent,0,GTF2035,20,43245.0,1.263891304347826,3.0968000000000004,2.5659200000000006,0,0.7671894538577251,9.636340067453508,9.83454912670585,13.289864564996163,986010930257922.6,9.72845042697056,691.909973070387,1226.26125222199,0.0186222191815,0.0149221926429867,0.138639181539409,9.63602822387198,9.29080496789918,9.28907513596743,0.01862221918148,0.3761986472033964,11.119043243244604,186274787778702.1,1.3392728231335624,0.277278363078818
146,148,adbb36,NKS2975,28.02525329589844,-79.35942429762616,233.557777576,9646.92,0.9620697675132646,34610D,232.46056,31.343943,-6.6358724,236.1987134414871,62555.57481086369,0.3161089872953851,0.4078407503224144,24.470445019344865,23541.243039012217,-1058.4503313882494,2023-05-05 16:28:00,0.0001920435553059,0.2789651621734957,0.7255976428251857,0.2039203751612072,0.4613026988415524,0.0107176210670457,0.0005784648393585,0.0001142897233406,1.6381039480286066e-05,1131915174406040.5,77.30213581611042,30.2699404889296,0.0293645340232138,0.0005992762045553,0.0004894089003868,0.2622649570593152,0.0141552920471479,0.0027967203912828,0.000400851325962,2.769846804186517e+16,descent,0,GTF2035,20,43245.0,1.263891304347826,3.0968000000000004,2.5659200000000006,0,0.7727875515083553,11.77062151950611,10.717621067045746,16.381039480286066,1131915174406040.5,11.2970894975362,714.292334288654,1267.37928187433,0.0192043555306,0.015584631056976,0.165067319166323,11.7698138846439,10.5916732043801,10.589639532354898,0.01920435553059,0.4286523717341181,12.362885760345192,235359115858814.8,2.223732321966374,0.330134638332646
147,149,adbb36,NKS2975,27.90140960176112,-79.3991440993089,238.702222016,9334.5,0.9631031355731756,34610D,235.24103,31.061077,-5.577456,238.862542755667,62531.104365844345,0.3071003075708008,0.3914620249720895,23.48772149832537,21707.074495314875,-1113.567955107276,2023-05-05 16:29:00,0.0001872446524099,0.2924280211383091,0.5424107187925206,0.1957310124860447,0.4424742687055103,0.0105676720651856,0.000573375461733,0.0001125642022245,1.441615540989106e-05,1039172145303536.8,74.19771221320984,29.05431149342849,0.0281852657979904,0.0005752095060814,0.0004697544299665,0.2482105383527141,0.0134672831591584,0.0026438766325311,0.000338602643344,2.440778593770678e+16,descent,0,GTF2035,20,43245.0,1.263891304347826,3.0968000000000004,2.5659200000000006,0,0.7768706369920865,10.853537247657435,10.56767206518568,14.41615540989106,1039172145303536.8,11.0258680664893,711.883821475643,1256.12255975515,0.018724465241,0.0153032392879192,0.158987978289245,10.8535684899741,10.3891715536824,10.387226601047985,0.0187244652409899,0.4228939057837013,12.204907103354554,218717510798914.03,2.0207807689268718,0.31797595657849
148,150,adbb36,NKS2975,27.776275634765625,-79.43934026754124,238.187777572,9006.84,0.9641251255427656,34610D,238.23904,29.884672,-4.3392205,239.5455611711519,62507.61664434602,0.3274546042902441,0.5165618188141573,30.99370912884944,30455.429906826863,-207.62996806453472,2023-05-05 16:30:00,0.000223751805081,0.3071079752632247,0.4898099678024017,0.2582809094070786,0.5828875995439594,0.0119915661744382,0.0005687102955349,0.0001164571325442,2.0872659472440702e-05,1343920783248928.5,97.90912713803536,38.33921819238676,0.0371924509546193,0.0007590296113187,0.0006198741825769,0.3716631140098876,0.017626441478393,0.0036094384920552,0.0006469211364343,4.16530898482328e+16,descent,0,GTF2035,20,43245.0,1.263891304347826,3.0968000000000004,2.5659200000000006,0,0.7741745144370681,15.22771495341343,11.991566174438208,20.872659472440706,1343920783248928.5,13.7820907494938,746.26482652628,1325.60088255651,0.0223751805081,0.016531092562038,0.208339829707795,15.2274671068724,12.6029074561125,12.600088163641708,0.0223751805081,0.5107427342846736,14.310095660765244,319739518646755.5,3.7566232868898015,0.41667965941559
149,151,adbb36,NKS2975,27.653823852539062,-79.47882886202831,236.64444424,8945.880000000001,0.9651257974159212,34610D,238.90222,29.228188,-4.148045,236.75536770012428,62476.62293521717,0.3204814437419642,0.4824391743504423,28.94635046102654,28165.99371352807,-103.9092553229869,2023-05-05 16:31:00,0.000235323085099,0.309903811577411,0.483868980748352,0.2412195871752211,0.5435130687133302,0.0116208700564404,0.0005686702301984,0.0001152094483986,1.888427593300169e-05,1250068573215967.5,91.44152110638284,35.80663552028983,0.0347356205532318,0.000708890215372,0.0005789270092205,0.3363817773157742,0.0164609277800778,0.0033348930697675,0.0005466308693593,3.618492302062481e+16,descent,0,GTF2035,20,43245.0,1.263891304347826,3.0968000000000004,2.5659200000000006,0,0.764094293531158,14.082996856764035,11.62087005644044,18.88427593300169,1250068573215967.5,13.0402453086029,737.639929450817,1308.55329599424,0.0235323085099,0.0162325779761063,0.194976933162585,14.0828523562597,12.0114582815856,12.008632373167725,0.0235323085099,0.4872306448818292,13.716921263052742,294011183302775.06,3.291938106547897,0.38995386632517
150,152,adbb36,NKS2975,27.53130495750298,-79.51823872647887,236.129999796,8915.400000000001,0.9661125221608042,34610D,239.28993,28.70593,-4.12412,230.89559718088933,62447.67658475614,0.1696530772936108,0.08833165,5.299899,0.0,-3078.1325003947577,2023-05-05 16:32:00,0.0002478710949052,0.3113094379047764,0.4910581536740254,0.044165825,0.0990916746459282,0.0043479015306331,0.0453422826616463,0.0008484951588553,5.759464045369589e-06,4265433470026941.0,16.742380941,6.555975063,0.0063598788,0.0001297934448979,0.00010599798,0.0230434389743012,0.240309518536177,0.0044969386439221,3.052457773459024e-05,2.260636658236232e+16,descent,0,GTF2035,20,43245.0,1.263891304347826,3.0968000000000004,2.5659200000000006,0,0.7445787349504133,0.0,4.347901530633186,5.7594640453695884,4265433470026941.5,4.41839167174385,617.612629706953,1074.41255364964,0.0247871094905,0.0123410579245605,0.0560031421381534,1.55053104535909e-05,4.53795310584346,4.536828557181594,0.02478710949052,0.222770192085221,7.589461653157307,373598747875592.1,0.4905628571348952,0.1120062842763068
151,153,adbb36,NKS2975,27.40874726893538,-79.55733666053186,228.92777758,8016.240000000001,0.9670857615569548,34610D,247.2056,27.679384,-2.8078465,226.41612005121524,62442.37668575614,0.1677412882455768,0.094504584,5.67027504,148.66617426863468,-2096.650766803946,2023-05-05 16:33:00,0.0006520524674342,0.355158543504637,0.6469490065856567,0.047252292,0.1043564918381399,0.0043733170756085,0.0436135664998209,0.0008153994765809,6.186826475756337e-06,4584174781885644.0,17.91239885136,7.014130224480001,0.006804330048,0.0001388638785306,0.0001134055007999,0.0247979106558287,0.2473009175293148,0.004623539299686,3.508100774229232e-05,2.599353184472361e+16,descent,0,GTF2035,20,43245.0,1.263891304347826,3.0968000000000004,2.5659200000000006,0,0.718348873265802,0.0743330871343173,4.373317075608513,6.1868264757563365,4584174781885644.0,4.9098344467763,628.246120622208,1103.76757635226,0.0652052467434,0.0129309753562678,0.0642517086489055,0.0742429694728489,4.96882152186315,4.965583700758819,0.06520524674342,0.2423412083048318,7.874201604111855,343027804001399.0,0.4538461538302066,0.128503417297811
152,154,adbb36,NKS2975,27.294754028320312,-79.59299339438383,212.465555372,7406.64,0.968025994714701,34610D,251.85103,24.543089,-2.6773686,220.28598854737268,62436.70641071614,0.1658042272212631,0.098824264,5.929455839999999,0.0,-1993.615430125314,2023-05-05 16:34:00,0.0009576918533286,0.3876339764052093,0.6553272288822158,0.049412132,0.1065315957310059,0.0044088748845244,0.0422174650440141,0.0007890103731736,6.39281266022743e-06,4737806224414807.0,18.73115099856,7.33473687408,0.0071153470079999,0.0001452111634285,0.0001185891167999,0.0261422289318727,0.2503265946552255,0.004678402165035,3.790590036221147e-05,2.8092612786144724e+16,descent,0,GTF2035,20,43245.0,1.263891304347826,3.0968000000000004,2.5659200000000006,0,0.6924241428642298,0.0,4.408874884524437,6.39281266022743,4737806224414807.0,5.10107557307755,628.712463583719,1116.7115846774,0.0957691853329,0.0133042315961307,0.0682435913088969,-0.0003276702299626,5.12946507401033,5.1245573272061495,0.09576918533286,0.2431814382470351,7.922224019678989,381951615489034.5,0.5055536982374567,0.1364871826177938
153,155,adbb36,NKS2975,27.185994810977224,-79.62721604567304,203.20555538,6827.52,0.9689388032456304,34610D,255.7633,20.941814,-4.2529335,210.9117692146316,62430.77695487614,0.1631435377019761,0.103028736,6.181724160000002,0.0,-1836.1426106206432,2023-05-05 16:35:00,0.0013747345951391,0.4206731157843828,0.702616353404999,0.051514368,0.1075069564137839,0.0044458752554678,0.0407797084401814,0.000762017164799,6.52159570994109e-06,4833856965641052.0,19.528066621440004,7.646792785920002,0.007418068992,0.000151389163102,0.0001236344832,0.0274831744790717,0.2520889089024253,0.004710579917973,4.03147057618952e-05,2.9881570390487588e+16,descent,0,GTF2035,20,43245.0,1.263891304347826,3.0968000000000004,2.5659200000000006,0,0.657868210182652,0.0,4.445875255467837,6.521595709941091,4833856965641052.0,5.22454423588426,624.134789815727,1126.09639689284,0.137473459514,0.0137059060308277,0.0716795573179551,9.76851370069198e-06,5.22982991104209,5.22265015319818,0.13747345951391,0.2348509787482157,7.872299032191741,495029105761807.1,0.6527830458767796,0.1433591146359102
154,156,adbb36,NKS2975,27.082881604210804,-79.66059758112982,204.234444268,6294.12,0.969821529842216,34610D,259.41565,17.89403,-6.1461744,200.22772428448752,62424.59523071614,0.1601263192284227,0.106988146,6.419288760000001,0.0,-1940.8691804860407,2023-05-05 16:36:00,0.0018380011482062,0.4530866436448271,0.7211831565322386,0.053494073,0.1083398821308881,0.0044711026026846,0.0395472579423187,0.0007388866210603,6.615135341034167e-06,4903621976801263.0,20.27853319284,7.940660196120001,0.007703146512,0.0001572070716734,0.0001283857752,0.0287012986822202,0.2538652683979475,0.0047431265814871,4.246446394057939e-05,3.147776543896933e+16,descent,0,GTF2035,20,43245.0,1.263891304347826,3.0968000000000004,2.5659200000000006,0,0.6201308651224903,0.0,4.471102602684637,6.615135341034166,4903621976801263.0,5.19007131063958,616.247265244273,1133.4513941987,0.183800114821,0.014134716185587,0.0731714078006049,-6.6027593704348e-05,5.17671574298865,5.167218389655431,0.18380011482062,0.2199690185263514,7.722051286260881,680756610831960.5,0.8931349486284624,0.1463428156012098
155,157,adbb36,NKS2975,26.97664939751059,-79.69445448655347,200.63333316,5730.240000000001,0.970698682338403,34610D,263.19394,15.251737,-7.7329993,189.96364677739203,62418.17594195614,0.157126248959612,0.111264384,6.675863040000001,0.0,-1940.1505158571688,2023-05-05 16:37:00,0.0022375289137798,0.489521716698911,0.6749558014446839,0.055632192,0.1092226429825291,0.004507000577946,0.0382621868142185,0.0007147743429246,6.73286220151429e-06,4991426639266522.0,21.08905134336,8.258042580480002,0.008011035648,0.0001634905234285,0.0001335172608,0.0300881185795689,0.2554331187826172,0.0047717356178712,4.494766592450229e-05,3.332208061795079e+16,descent,0,GTF2035,20,43245.0,1.263891304347826,3.0968000000000004,2.5659200000000006,0,0.5841034163892561,0.0,4.507000577946083,6.73286220151429,4991426639266522.0,5.05674693227623,607.226580476383,1138.44426588619,0.223752891378,0.0145222166738318,0.0730222833245628,-0.0006274754393671,5.028315233455,5.01708935096919,0.22375289137798,0.2024106824892556,7.564688967661599,911100665677872.0,1.190167980639793,0.1460445666491256
156,158,adbb36,NKS2975,26.872837907176905,-79.72751910869891,195.48888872,5166.360000000001,0.971555876633069,34610D,266.90985,13.188568,-7.6304603,181.53254653779783,62411.50007891614,0.1545455384689401,0.115633714,6.93802284,0.0,-1729.5233995231638,2023-05-05 16:38:00,0.0027738455753468,0.5282937968746341,0.6523243684963115,0.057816857,0.1101858183369074,0.004537591656449,0.0369144096818046,0.0006889811982874,6.876544605223535e-06,5098589821130336.0,21.91721415156,8.58233425308,0.008325627408,0.0001699107634285,0.0001387604567999,0.0314819145510371,0.2561130174974781,0.0047801672900488,4.770962353131967e-05,3.5374132630793788e+16,descent,0,GTF2035,20,43245.0,1.263891304347826,3.0968000000000004,2.5659200000000006,0,0.5542802394617821,0.0,4.537591656449076,6.876544605223535,5098589821130336.0,4.88458283279057,598.322026577504,1139.00755872898,0.277384557535,0.0147766034465806,0.0716898920874121,2.62824355013436e-05,4.85158124101933,4.838160929731579,0.27738455753468,0.1872236003202551,7.3348292657131635,1140157614545239.8,1.4851871266898695,0.1433797841748242
157,159,adbb36,NKS2975,26.77493855104608,-79.75878788874701,185.714444284,4663.4400000000005,0.972384727624176,34610D,270.19238,11.637808,-7.330011,174.1252288787104,62404.56205607615,0.1522300553399765,0.119609224,7.17655344,0.0,-1780.3459847509976,2023-05-05 16:39:00,0.003108291473704,0.564937800060844,0.590926414820285,0.059804612,0.1110251763905906,0.004597579596153,0.0354511745799214,0.0006593916325916,7.006534983511937e-06,5195541028720481.0,22.67073231696,8.877396605280001,0.008611864128,0.0001757523291428,0.0001435310688,0.0329947756664456,0.254417248883576,0.004732159289183,5.028277273840293e-05,3.72860778423251e+16,descent,0,GTF2035,20,43245.0,1.263891304347826,3.0968000000000004,2.5659200000000006,0,0.5284237747541185,0.0,4.597579596153004,7.006534983511936,5195541028720480.0,5.18491049705636,597.354777335957,1151.18406128846,0.31082914737,0.0151707941110562,0.0776818529061229,-0.000232010860338,5.12048692622554,5.104620278537267,0.3108291473704,0.1856872639790325,7.407710362359594,1352847646388839.2,1.761800045500047,0.1553637058122458
158,160,adbb36,NKS2975,26.68090303065413,-79.7898982121394,171.824444296,4145.280000000001,0.973187815440034,34610D,273.38214,10.156649,-7.3748226,165.20855115733474,62397.38550263614,0.1494448836523886,0.1237826559999999,7.42695936,0.0,-1581.3657786504816,2023-05-05 16:40:00,0.0030531673485978,0.6048179079413677,0.4765996422971023,0.0618913279999999,0.1115285864859679,0.0046891524529212,0.0341216259531328,0.0006333578068632,7.124932947660985e-06,5283846222932606.0,23.46176461824,9.18714872832,0.0089123512319999,0.0001818847190204,0.0001485391872,0.0348261447006902,0.253419929251039,0.0047039226919124,5.291658744500314e-05,3.924291116220996e+16,descent,0,GTF2035,20,43245.0,1.263891304347826,3.0968000000000004,2.5659200000000006,0,0.4984305421429993,0.0,4.689152452921224,7.1249329476609855,5283846222932606.0,5.87485953124834,599.517492189209,1174.67215702207,0.30531673486,0.0158208757750017,0.0908952978401669,-0.0005292155381612,5.74527599690714,5.727788101296574,0.30531673485978,0.1892006894563482,7.717771535394193,1689038610743926.5,2.200894903365433,0.1817905956803338
159,161,adbb36,NKS2975,26.59766762943591,-79.82386075533353,158.963333196,3684.27,0.9739374222673932,34610D,275.94815,8.138396,-6.4374804,156.43170683216746,62389.95854327615,0.1466723838704488,0.127561864125,7.6537118475,0.0,-1421.683297224504,2023-05-05 16:41:00,0.0022311482732038,0.6421876315197347,0.3000741175862156,0.0637809320625,0.1115362668842768,0.0048359658998551,0.0330987894136172,0.0006143529117964,7.220692705958394e-06,5355267079827693.0,24.17807572625249,9.4676415553575,0.009184454217,0.0001874378411632,0.00015307423695,0.0370130895018273,0.2533285966729101,0.0047020801595629,5.52651013107506e-05,4.098767109540394e+16,descent,0,GTF2035,20,43245.0,1.263891304347826,3.0968000000000004,2.5659200000000006,0,0.4697515829034613,0.0,4.835965899855154,7.220692705958394,5355267079827693.0,5.86739459951025,593.65298434582,1181.05384739418,0.22311482732,0.016152587733205,0.0924099143554775,-0.000467581907651,5.72105942910373,5.708323313400148,0.22311482732038,0.1798726172541683,7.770543605449013,2049193459316560.8,2.6662525798963164,0.184819828710955
160,162,adbb36,NKS2975,26.51971435546875,-79.85676891398879,148.674444316,3268.98,0.9746599615159178,34610D,278.22543,6.657128,-3.4791565,151.2343217065312,62382.30483142864,0.144926323385609,0.1310195485,7.86117291,0.0,-1485.047445446769,2023-05-05 16:42:00,0.0030933697413192,0.677431550567852,0.3657874108200691,0.06550977425,0.1116843255951774,0.0048275522211567,0.0321353952143246,0.0005961114790462,7.334941282137152e-06,5440477520568240.0,24.83344522269,9.72427088967,0.009433407492,0.0001925185202448,0.0001572234581999,0.0379502227425675,0.2526218983109923,0.004686135410418,5.766124170357724e-05,4.2768534502155016e+16,descent,0,GTF2035,20,43245.0,1.263891304347826,3.0968000000000004,2.5659200000000006,0,0.4522818411374965,0.0,4.82755222115672,7.334941282137152,5440477520568240.0,5.65187637882391,586.67460456298,1174.17190513431,0.309336974132,0.0161383873482986,0.0891225522943655,0.0002246101918062,5.52239516693476,5.505365037313418,0.30933697413192,0.1695290310402709,7.487526447189793,2269238906598416.0,2.948354862018148,0.178245104588731
161,163,adbb36,NKS2975,26.446563720703125,-79.89221536888266,145.073333208,2834.6400000000003,0.97534923105305,34610D,281.0137,5.4480133,-1.0384299,146.23825735497272,62374.44365851864,0.1431702547112334,0.134689864,8.081391840000002,0.0,-1277.40474766515,2023-05-05 16:43:00,0.0038791280451246,0.715951409768753,0.3894620214434939,0.067344932,0.1124890152759094,0.0048371301510537,0.0310235008014157,0.0005736102308323,7.462963596607569e-06,5535960879796987.0,25.52911682256001,9.996681706080004,0.009697670208,0.0001979116368979,0.0001616278368,0.0390907441317438,0.2507130662247949,0.004635569038789,6.0311133111841474e-05,4.47382690805506e+16,descent,0,GTF2035,20,43245.0,1.263891304347826,3.0968000000000004,2.5659200000000006,0,0.4351655196958873,0.0,4.837130151053762,7.462963596607569,5535960879796987.0,5.48992194999991,580.94479716178,1171.88664136313,0.387912804512,0.0162295810678694,0.0869931732003156,-0.000348370619431,5.36016135207216,5.339448945920528,0.38791280451246,0.1616081960358036,7.251587709494461,2495166253459644.0,3.238763636668713,0.1739863464006312
162,164,adbb36,NKS2975,26.376937866210938,-79.9260035100973,136.32777766,2461.26,0.9760185005688936,34610D,284.0441,4.8216476,-0.6884129,141.51968616503234,62366.36226667864,0.1414541329362642,0.1378891965,8.27335179,4618.934904783652,-1069.3700826404,2023-05-05 16:44:00,0.0035913749407016,0.7504652932904676,0.2994010648974202,0.06894459825,0.1141172213402874,0.004945266395971,0.0299245280406035,0.0005496870152369,7.575055127885215e-06,5619562523711627.0,26.135518304609995,10.23413616423,0.009928022148,0.0002026126968979,0.0001654670358,0.0409139285891341,0.2475761476296323,0.0045477540514506,6.267109590163781e-05,4.64926176645665e+16,descent,0,GTF2035,20,43245.0,1.263891304347826,3.0968000000000004,2.5659200000000006,0,0.418871870667116,2.309467452391826,4.94526639597107,7.575055127885214,5619562523711627.0,5.99983858441429,596.630179991498,1188.8166181179,0.35913749407,0.0163324407514973,0.0949378781943598,2.30947780518948,5.8128408141114,5.792039428851069,0.35913749407016,0.1845407409371774,7.65861814667073,2018568446519200.0,2.628280979354822,0.1898757563887196
163,165,adbb36,NKS2975,26.31280517578125,-79.96746135207843,135.813333216,2148.84,0.976642711529454,34610D,285.9399,4.141429,0.19715057,138.45482263079546,62358.08891488864,0.1403312517057553,0.140597554,8.43585324,4819.011142914791,-989.4001999186044,2023-05-05 16:45:00,0.0031846920196898,0.7803685333903216,0.2392430358579129,0.070298777,0.1145666197120064,0.0050426602218686,0.0292057474520553,0.0005355257203549,7.668395933353215e-06,5689179244015968.0,26.64886038516,10.43515045788,0.010123023888,0.0002065923242448,0.0001687170647999,0.0425391415708698,0.2463753992700429,0.0045176163831597,6.468946267998054e-05,4.7993081158572856e+16,descent,0,GTF2035,20,43245.0,1.263891304347826,3.0968000000000004,2.5659200000000006,0,0.4084396532764617,2.4095055714573954,5.042660221868654,7.668395933353215,5689179244015968.0,6.05825978160851,595.744356258199,1192.2094738481,0.318469201969,0.0164518953715304,0.0963859723466425,2.40947606285902,5.85865459085256,5.84005581171445,0.31846920196898,0.1831391110126188,7.72822172828653,2130688843963857.2,2.7736589512748515,0.192771944693285
164,166,adbb36,NKS2975,26.24963669857736,-80.00784786761412,133.75555544,1859.28,0.9772541488404888,34610D,287.12817,3.0317338,0.82300216,134.43817352354077,62349.65306164864,0.2099465445409128,0.3750830743419371,22.50498446051623,25263.472966481346,-26.001829657030683,2023-05-05 16:46:00,0.003921803504515,0.8089382866396128,0.2794606491527647,0.1875415371709685,0.2989173131681503,0.0099925438990986,0.0049215355750818,7.248717340203131e-05,1.0059027331081776e-06,720067146413001.0,71.09324591077076,27.83866577765858,0.0270059813526194,0.000551142476584,0.0004500996892103,0.2248820451702411,0.1107590816390959,0.0016313227109994,2.263782537739034e-05,1.6205099940552852e+16,descent,0,GTF2035,20,43245.0,1.263891304347826,3.0968000000000004,2.5659200000000006,0,0.3957691209243902,12.63173648324067,9.99254389909864,1.0059027331081776,720067146413001.0,10.9608520098886,667.871669751612,1254.86886272474,0.392180350452,0.0164933752884743,0.170561682058082,12.631087781964,10.3412236170526,10.300825802321658,0.3921803504514999,0.323924207685454,10.099587431723018,297987236867823.44,1.117789981310286,0.341123364116164
165,167,adbb36,NKS2975,26.186737060546875,-80.04882236696636,133.75555544,1851.66,0.9778514888388156,34610D,287.17828,2.9425185,0.7627413,129.43934547591368,62327.148077188125,0.1904104620347582,0.2966438758872821,17.798632553236928,18820.8547780836,-233.8037623806456,2023-05-05 16:47:00,0.0037759620940493,0.8097013989322592,0.268319980109581,0.148321937943641,0.2357991669235253,0.0084755492350803,0.0087900660991425,0.0001160801199229,3.0151741188360883e-06,2218649501412002.5,56.225880235675454,22.01690846835408,0.0213583590638843,0.0004358848788547,0.0003559726510647,0.1508531865220625,0.1564511566173032,0.0020660674012446,5.366597622519347e-05,3.948892724005454e+16,descent,0,GTF2035,20,43245.0,1.263891304347826,3.0968000000000004,2.5659200000000006,0,0.3810199600206559,9.4104273890418,8.4755492350803,3.0151741188360885,2218649501412002.5,8.99550448783948,641.602977322489,1236.33541482407,0.377596209405,0.0166132666516545,0.142119358915737,9.41054579237339,8.55457038616687,8.522390163957068,0.3775962094049299,0.2676847462999313,9.111175939672709,817590223523505.0,1.1019634824548776,0.284238717831474
166,168,adbb36,NKS2975,26.160449011851163,-80.11943523700421,129.125555444,1783.0800000000002,0.9782732542083808,34610D,287.12085,2.385666,0.790007,123.27119686373284,62309.34944463489,0.1351856218097943,0.143804626,8.62827756,0.0,-1913.3780127557177,2023-05-05 16:48:00,0.0045744723933997,0.8165956769930178,0.3292340440415512,0.071902313,0.1129526954745729,0.0049415209148166,0.0289283554229122,0.0005338724212801,7.678974223794396e-06,5697068889742181.0,27.25672881204,10.673179341720004,0.010353933072,0.0002113047565714,0.0001725655512,0.0426368140215832,0.2496018799432181,0.0046063994324346,6.625632097898361e-05,4.915589165913658e+16,descent,0,GTF2035,20,43245.0,1.263891304347826,3.0968000000000004,2.5659200000000006,0,0.3628995718651551,0.0,4.941520914816659,7.678974223794396,5697068889742181.0,9.11963296835387,638.2719443189355,1236.051289603165,0.6727717518930001,0.0167410450636475,0.1450373854444105,10.210188084746594,8.662754404577019,8.604622208121222,0.67277175189283,0.2611587401456102,7.9314187831105345,1002195892439173.6,1.3422212085282512,0.290074770888821
167,169,adbb36,NKS2975,26.149835101628707,-80.19686772273138,130.668888776,1219.2,0.97862794302552,34610D,288.73886,-0.8218456,0.31596154,114.09721163614928,62300.72116707489,0.196977063437654,0.2957266183844451,17.74359710306671,22019.65462856979,0.0,2023-05-05 16:49:00,0.0096794729438073,0.8751041096206345,0.6623553388127562,0.1478633091922225,0.2205673861198887,0.0074461503912201,0.0092183485763055,0.0001254891107234,3.515778889223972e-06,2592017420280677.0,56.05202324858773,21.94882961649352,0.02129231652368,0.0004345370719118,0.0003548719420613,0.1321214925106527,0.1635666630935937,0.0022266282214993,6.238256411385756e-05,4.599171278959067e+16,descent,0,GTF2035,20,43245.0,1.263891304347826,3.0968000000000004,2.5659200000000006,0,0.3349497366211903,11.009827314284896,7.446150391220139,3.515778889223972,2592017420280677.0,9.24376144886826,634.940911315382,1235.76716438226,0.967947294381,0.0168688234756406,0.147955411973084,11.0098303771198,8.77093842298717,8.686854252285377,0.96794729438073,0.2547935307820764,8.126015006508592,1197806770860570.2,1.59630447376636,0.295910823946168
168,170,adbb36,NKS2975,26.15052795410156,-80.26885986328125,115.7499999,1219.2,0.9789514539389664,34610D,288.73605,-0.973951,0.384442,105.53459843244023,62282.97756997182,0.1285955913441866,0.1488256,8.929536,0.0,-850.8033503276818,2023-05-05 16:50:00,0.0099050389094786,0.8751041096206345,0.6779301679913692,0.0744128,0.1106381165311595,0.0045156394354241,0.028403790467637,0.0005291499630208,7.751531383375811e-06,5751184466089856.0,28.208404224,11.045836032000002,0.0107154431999999,0.0002186825142857,0.00017859072,0.0403225649016394,0.2536326695172218,0.0047250636441932,6.921757854298411e-05,5.135540873259015e+16,descent,0,GTF2035,20,43245.0,1.263891304347826,3.0968000000000004,2.5659200000000006,0,0.3098143806834259,0.0,4.5156394354241325,7.751531383375811,5751184466089856.0,7.8564379539779825,605.1123809996374,1205.8954262881066,1.019057338874,0.0167395520837669,0.1259588952662655,8.2588389488015,7.505076308048873,7.430637952092846,1.01905733887377,0.1987064923538011,6.180484185643237,2501165619165894.0,3.2648037634723037,0.251917790532531
169,171,adbb36,NKS2975,26.128048654329977,-80.32379150390625,111.119999904,967.74,0.9793647917154136,34610D,290.92905,-1.7179351,0.17047659,97.78951902520528,62274.04803397183,0.1253852551810258,0.1510946965,9.06568179,0.0,-930.092276194243,2023-05-05 16:51:00,0.010631656229819,0.9022669790543156,0.6392932461700378,0.07554734825,0.1118035007923156,0.0045013473809826,0.0277496226549378,0.0005145058387816,7.790166716e-06,5780000000000000.0,28.63848877461,11.21424837423,0.0108788181479999,0.0002220166968979,0.0001813136357999,0.0408077829822382,0.2515692487822413,0.0046643462134917,7.06231725383053e-05,5.239964074619999e+16,descent,0,GTF2035,20,43245.0,1.263891304347826,3.0968000000000004,2.5659200000000006,0,0.285993370374152,0.0,4.501347380982609,7.790166716,5780000000000000.0,6.469114459087706,575.2838506838926,1176.0236881939534,1.070167383367,0.0166102806918932,0.103962378559447,5.5078475204832005,6.239214193110577,6.174421651900316,1.07016738336681,0.1541565268420887,6.639135041026418,3709634734759012.0,4.8111854692824885,0.1510946965
170,172,adbb36,NKS2975,26.07659912109375,-80.31042134986734,102.374444356,693.4200000000001,0.9799686841616836,34610D,293.4815,-1.9783285,0.0028498664,90.12177745648316,62264.98235218183,0.1220227766930862,0.1535911885,9.215471310000002,5512.73490422485,-595.2315496296969,2023-05-05 16:52:00,0.0112127742785985,0.9326737157201044,0.5802951740255671,0.07679559425,0.1133628570674157,0.0045076749994768,0.0269949078292489,0.0004973702268324,7.790166716e-06,5780000000000000.0,29.111673868290005,11.399538010470003,0.011058565572,0.0002256850116734,0.0001843094262,0.0415403496324832,0.2487707986165379,0.0045835010558221,7.179005787141494e-05,5.326542417180001e+16,descent,0,GTF2035,20,43245.0,1.263891304347826,3.0968000000000004,2.5659200000000006,0,0.2624197900039517,2.756367452112425,4.507674999476853,7.790166716000002,5780000000000000.0,5.08179096419743,545.455320368148,1146.1519500998,1.12127742786,0.0164810093000195,0.0819658618526286,2.7568560921649,4.97335207817228,4.918205351707786,1.12127742785985,0.1207518721798698,5.760501722750148,4716609580038761.0,6.099098284302898,0.1535911885
171,173,adbb36,NKS2975,26.06673935712394,-80.255126953125,86.426666592,518.1600000000001,0.9805000332190168,34610D,294.94342,-2.2153027,-0.22038038,81.35244602153813,62255.76688087182,0.1180458874323755,0.155197704,9.311862240000002,6239.559997965949,-855.4310448117897,2023-05-05 16:53:00,0.0120303876906014,0.9525308221487128,0.5733692614526766,0.077598852,0.1140011343569438,0.0044674944143498,0.0266129864760182,0.0004890832319635,7.790166716e-06,5780000000000000.0,29.416172816160003,11.518773590880002,0.011174234688,0.0002280456058775,0.0001862372448,0.0416006925443956,0.2478164638596647,0.0045542756799387,7.254095928602521e-05,5.382256374720001e+16,descent,0,GTF2035,20,43245.0,1.263891304347826,3.0968000000000004,2.5659200000000006,0,0.236297145953983,3.1197799989829744,4.467494414349889,7.790166716,5780000000000000.0,4.756357578276,535.354181960227,1133.22445976439,1.20303876906,0.0163622756527885,0.0763203112447711,3.12038961878141,4.66440688717797,4.608959319711628,1.20303876906014,0.1115798696701508,5.434048887490703,5101848948953191.0,6.592959344814552,0.155197704
